# Project Zomboid Skinned Mesh
# File Version:
1.0
# Model Name:
Cube
# Vertex Stride Element Count:
3
# Vertex Stride Size (in bytes):
76
# Vertex Stride Data:
# (Int)    Offset
# (String) Type
0
VertexArray
12
NormalArray
24
TextureCoordArray
# Vertex Count:
137
# Vertex Buffer:
0.00441161, 0.1022125, 0.00108577
0.58018738, 0.58937347, 0.56208992
0.38698259, 0.80242883
0.0, 0.0648338, 0.00296916
0.0, 0.0502945, 0.9987182
0.27172512, 0.81413756
0.00441161, 0.0648338, 0.00296916
0.63267922, 0.03894162, 0.77340007
0.23730928, 0.80997024
0.00743284, 0.03728218, -0.03794389
0.67210913, -0.49253821, -0.55281228
0.12698588, 0.64614439
0.0, 0.12884051, -0.04012564
0.0, 0.03604236, -0.99932861
0.49360758, 0.61556819
0.00743285, 0.12884051, -0.03794389
0.71297342, 0.49159214, -0.49995422
0.49360758, 0.64614475
0.00743282, 0.02548527, -0.01886078
0.5719474, -0.81243324, 0.11301004
0.07974821, 0.72255778
-0.0, 0.03522395, -0.030415
0.0, -0.8984344, -0.43910033
0.11874425, 0.65682051
0.00743282, 0.03522395, -0.030415
0.76454967, -0.57564014, -0.28986481
0.11874425, 0.67629194
0.00526427, 0.12952507, -0.02010778
0.42661825, 0.82601398, 0.36829737
0.49634868, 0.71756476
0.00526429, 0.12952507, -0.030415
0.80654317, 0.59114355, 0.0
0.49634871, 0.67629221
0.00526427, 0.1527732, -0.02010778
0.57734919, 0.57734919, 0.57734919
0.58943987, 0.71756482
0.00441165, 0.07342865, 0.00057975
0.82915741, 0.22434156, -0.51200902
0.27172512, 0.80040251
0.00441165, 0.09862517, -0.00130363
0.89565724, -0.32596821, -0.30249947
0.37261808, 0.79286106
0.00526431, 0.12952507, -0.03794389
0.56865138, 0.56443983, -0.59831536
0.49634868, 0.64614475
0.0, 0.1527732, -0.04012564
0.0, 0.63020724, -0.77639091
0.58943987, 0.61758092
0.00526431, 0.1527732, -0.03794389
0.6646626, 0.60084844, -0.4440138
0.58943987, 0.64614481
0.00743282, 0.06728389, -0.00717238
0.70897549, 0.68407238, 0.17133091
0.24712002, 0.76936106
0.00743282, 0.03884353, -0.00983966
0.87585068, -0.45970032, 0.14676352
0.13323794, 0.75868058
0.00743282, 0.06979672, -0.01685837
0.87350076, 0.29786065, 0.38502151
0.25718194, 0.73057598
0.00743282, 0.12884051, -0.030415
0.80654317, 0.59114355, 0.0
0.49360758, 0.67629227
0.00526431, 0.1527732, -0.03794389
0.6646626, 0.60084844, -0.4440138
0.80893099, 0.7782837
0.0, 0.1527732, -0.02010778
0.0, 0.70708334, 0.70708334
0.83006954, 0.85030212
0.00526427, 0.1527732, -0.02010778
0.57734919, 0.57734919, 0.57734919
0.80893111, 0.85030212
0.0, 0.06728389, -0.00717238
0.0, 0.97000033, 0.24295786
0.24712008, 0.76936112
0.0, 0.12952507, -0.02010778
0.0, 0.62999362, 0.77657402
0.49634868, 0.7389535
0.00743282, 0.09862517, -0.01685837
0.70708334, 0.0, 0.70708334
0.37261808, 0.7305761
-0.0, 0.06979672, -0.01685837
0.0, 0.6118961, 0.79091769
0.26292869, 0.75267655
0.00441165, 0.09862517, -0.00130363
0.89565724, -0.32596821, -0.30249947
0.37261808, 0.77526565
-0.0, 0.09862517, -0.01685837
0.0, -1.0, 0.0
0.37261814, 0.71298075
0.00441165, 0.09862517, -0.01685837
0.70708334, -0.70708334, 0.0
0.37261808, 0.71298075
0.00743282, 0.0648338, 0.00296916
0.70708334, 0.68730736, 0.16605121
0.23730922, 0.80997021
0.0, 0.05497746, 0.04376665
0.0, 0.61851865, 0.78572953
0.21801043, 0.99999537
0.00743282, 0.05497746, 0.04376665
0.59083831, 0.49900815, 0.6339305
0.19434318, 0.9741106
-0.0, 0.09862517, -0.00130363
0.0, -0.73296303, -0.68022704
0.37261814, 0.79286106
0.00743282, 0.12884039, -0.01685837
0.59682, 0.52830589, 0.60386974
0.49360704, 0.73057622
-0.0, 0.10226602, -0.01685837
0.0, 0.0, 0.99996948
0.3871969, 0.75267655
0.00743282, 0.10226602, -0.01685837
0.70708334, 0.0, 0.70708334
0.3871969, 0.73057616
0.0, 0.01874278, 0.04376665
0.0, -0.82189399, 0.56959748
0.0109809, 0.99999537
0.00743282, 0.01874278, 0.04376665
0.5607776, -0.6805017, 0.47160253
0.04806696, 0.97430494
0.00441165, 0.06728389, -0.00717238
0.50013733, 0.67857903, -0.53788871
0.24712002, 0.76936112
0.0, 0.07342865, 0.00057975
0.0, 0.4013184, -0.91592151
0.28098682, 0.78469488
0.0, 0.03884353, -0.00983966
0.0, -0.95260477, 0.30411693
0.09546585, 0.76302302
0.0, 0.12884039, -0.01685837
0.0, 0.62999362, 0.77657402
0.49360704, 0.75267655
-0.0, 0.09862517, -0.01685837
0.0, 0.0, 1.0
0.37261808, 0.75267655
-0.0, 0.10226602, -0.01685837
0.0, 0.99996948, 0.0029603
0.3871969, 0.73241439
-0.0, 0.1022125, 0.00108577
0.0, 0.72362435, 0.69014555
0.38698259, 0.81413756
0.0, 0.02548527, -0.01886078
0.0, -0.9904477, 0.13779107
0.05523122, 0.72321644
0.00230596, 0.02982092, -0.03960962
0.55903804, -0.669393, -0.48924223
0.72135413, 0.12039506
-0.0, 0.03724621, -0.03925794
0.0, 0.72585225, -0.68782616
0.69883585, 0.07105422
0.00230596, 0.03724621, -0.03925794
0.57951599, 0.59154028, -0.56053346
0.71808785, 0.08096677
0.00230596, 0.03413804, -0.02799308
0.82595295, -0.5283975, 0.19635609
0.77968001, 0.08959901
-0.0, 0.02982092, -0.03960962
0.0, -0.80733663, -0.59007537
0.7130453, 0.13810903
-0.0, 0.0371654, -0.02680166
0.0, 0.99996948, 0.00646992
0.78180748, 0.05500269
0.00230596, 0.0371654, -0.02680166
0.60780662, 0.79403061, 0.00512711
0.78387946, 0.07280111
0.0, 0.12952507, -0.04012564
0.0, 0.0, -1.0
0.49634868, 0.61758092
0.0, 0.03728218, -0.04012564
0.0, -0.56932276, -0.82210761
0.12698588, 0.61556819
0.00434437, 0.04405414, -0.04241821
0.57734919, 0.0, -0.8164922
0.88835037, 0.10972172
0.0, 0.04763797, -0.03883452
0.0, 0.70708334, -0.70711386
0.91452539, 0.10076457
0.00434437, 0.04763797, -0.03883452
0.44718772, 0.63243508, -0.6324656
0.90274119, 0.12411249
0.00434437, 0.04047045, -0.03883452
0.44718772, -0.63243508, -0.63243508
0.87395972, 0.12411243
0.0, 0.04405414, -0.04241821
0.0, 0.0, -1.0
0.88617307, 0.09236151
0.00134063, 0.14487055, -0.03967525
0.63606679, -0.59111303, -0.4959563
0.9430421, 0.11679953
0.0, 0.14972857, -0.04241821
0.0, 0.40488908, -0.91436505
0.96255016, 0.10578448
0.00134063, 0.15058738, -0.03967525
0.63606679, 0.59111303, -0.4959563
0.96599853, 0.11679935
0.0, 0.1457293, -0.04241821
0.0, -0.40488908, -0.91433454
0.94649059, 0.10578448
0.0, 0.14487055, -0.03967525
0.0, -0.95431381, -0.29877621
0.9394387, 0.11351037
0.0, 0.15058738, -0.03967525
0.0, 0.95431381, -0.29877621
0.96960199, 0.11351025
0.0, 0.0648338, 0.00296916
0.0, 0.0502945, 0.9987182
0.27171636, 0.20316261
-0.00441161, 0.1022125, 0.00108577
-0.58018738, 0.58937347, 0.56208992
0.38697398, 0.214257
-0.00441161, 0.0648338, 0.00296916
-0.63267922, 0.03894162, 0.77340007
0.23730046, 0.20671523
0.0, 0.12884051, -0.04012564
0.0, 0.03604236, -0.99932861
0.49325505, 0.38625193
-0.00743284, 0.03728218, -0.03794389
-0.67210913, -0.49253821, -0.55281228
0.12697709, 0.35568053
-0.00743285, 0.12884051, -0.03794389
-0.71297342, 0.49159214, -0.49995422
0.49359912, 0.35568106
-0.0, 0.03522395, -0.030415
0.0, -0.8984344, -0.43910033
0.11871222, 0.3450287
-0.00743282, 0.02548527, -0.01886078
-0.5719474, -0.81243324, 0.11301004
0.07973939, 0.27926701
-0.00743282, 0.03522395, -0.030415
-0.76454967, -0.57564014, -0.28986481
0.11873543, 0.32553297
-0.00526431, 0.1527732, -0.03794389
-0.6646626, 0.60084844, -0.4440138
0.58943141, 0.35568118
-0.00526429, 0.12952507, -0.030415
-0.80654317, 0.59114355, 0.0
0.49634016, 0.32553357
-0.00526427, 0.1527732, -0.02010778
-0.57734919, 0.57734919, 0.57734919
0.58943141, 0.28426105
-0.00441165, 0.07342865, 0.00057975
-0.82915741, 0.22434156, -0.51200902
0.27171636, 0.21628308
0.0, 0.1527732, -0.04012564
0.0, 0.63020724, -0.77639091
0.58949375, 0.38424146
-0.00526431, 0.12952507, -0.03794389
-0.56865138, 0.56443983, -0.59831536
0.49634016, 0.35568106
-0.00743282, 0.03884353, -0.00983966
-0.87585068, -0.45970032, 0.14676352
0.13322911, 0.24314427
-0.00743282, 0.06728389, -0.00717238
-0.70897549, 0.68407238, 0.17133091
0.24711126, 0.23246402
-0.00743282, 0.06979672, -0.01685837
-0.87350076, 0.29786065, 0.38502151
0.25717324, 0.27124912
-0.00526427, 0.12952507, -0.02010778
-0.42661825, 0.82601398, 0.36829737
0.4963401, 0.28426093
-0.00743282, 0.12884051, -0.030415
-0.80654317, 0.59114355, 0.0
0.49359912, 0.32553357
-0.00743282, 0.12884039, -0.01685837
-0.59682, 0.52830589, 0.60386974
0.49359846, 0.27124947
-0.00526431, 0.1527732, -0.03794389
-0.6646626, 0.60084844, -0.4440138
0.85120833, 0.7782837
-0.00526427, 0.1527732, -0.02010778
-0.57734919, 0.57734919, 0.57734919
0.85120821, 0.85030212
0.0, 0.06728389, -0.00717238
0.0, 0.97000033, 0.24295786
0.26988831, 0.22852445
0.0, 0.12952507, -0.02010778
0.0, 0.62999362, 0.77657402
0.49679717, 0.26259971
-0.0, 0.06979672, -0.01685837
0.0, 0.6118961, 0.79091769
0.26691514, 0.25508803
-0.00743282, 0.09862517, -0.01685837
-0.70708334, 0.0, 0.70708334
0.37260944, 0.27124923
-0.0, 0.09862517, -0.01685837
0.0, -1.0, 0.0
0.36096904, 0.28573227
-0.00441165, 0.09862517, -0.00130363
-0.89565724, -0.32596821, -0.30249947
0.37260944, 0.22382474
-0.00441165, 0.09862517, -0.01685837
-0.70708334, -0.70708334, 0.0
0.37260944, 0.28610975
0.0, 0.05497746, 0.04376665
0.0, 0.61851865, 0.78572953
0.22370027, 4.8e-07
-0.00743282, 0.0648338, 0.00296916
-0.70708334, 0.68730736, 0.16605121
0.23730046, 0.19185477
-0.00743282, 0.05497746, 0.04376665
-0.59083831, 0.49900815, 0.6339305
0.19920912, 0.02825785
-0.0, 0.09862517, -0.00130363
0.0, -0.73296303, -0.68022704
0.36131418, 0.23437309
-0.0, 0.10226602, -0.01685837
0.0, 0.0, 0.99996948
0.38631746, 0.25508803
-0.00743282, 0.10226602, -0.01685837
-0.70708334, 0.0, 0.70708334
0.38718832, 0.27124929
0.0, 0.01874278, 0.04376665
0.0, -0.82189399, 0.56959748
0.01728255, 4.8e-07
-0.00743282, 0.01874278, 0.04376665
-0.5607776, -0.6805017, 0.47160253
0.05415156, 0.02819943
0.0, 0.07342865, 0.00057975
0.0, 0.4013184, -0.91592151
0.27955681, 0.23156649
-0.00441165, 0.06728389, -0.00717238
-0.50013733, 0.67857903, -0.53788871
0.24711126, 0.24732447
0.0, 0.0648338, 0.00296916
0.0, 0.97201455, 0.23480941
0.27171636, 0.18830216
0.0, 0.03884353, -0.00983966
0.0, -0.95260477, 0.30411693
0.09567032, 0.23819357
0.0, 0.12884039, -0.01685837
0.0, 0.62999362, 0.77657402
0.49350125, 0.25508803
-0.0, 0.09862517, -0.01685837
0.0, 0.0, 1.0
0.37260944, 0.25508803
-0.0, 0.10226602, -0.01685837
0.0, 0.99996948, 0.0029603
0.38718835, 0.28427148
-0.00441165, 0.10226602, -0.01685837
-0.70641196, 0.70775473, 0.00210578
0.38718832, 0.28610975
0.0, 0.02548527, -0.01886078
0.0, -0.9904477, 0.13779107
0.05511241, 0.27847081
-0.00230596, 0.02982092, -0.03960962
-0.55903804, -0.669393, -0.48924223
0.72135413, 0.12039506
-0.00230596, 0.03724621, -0.03925794
-0.57951599, 0.59154028, -0.56053346
0.71808785, 0.08096677
-0.00230596, 0.03413804, -0.02799308
-0.82595295, -0.5283975, 0.19635609
0.77968001, 0.08959901
-0.00230596, 0.0371654, -0.02680166
-0.60780662, 0.79403061, 0.00512711
0.78387946, 0.07280111
0.0, 0.12952507, -0.04012564
0.0, 0.0, -1.0
0.49634016, 0.38424146
0.0, 0.03728218, -0.04012564
0.0, -0.56932276, -0.82210761
0.12698588, 0.38625193
-0.00434437, 0.04405414, -0.04241821
-0.57734919, 0.0, -0.8164922
0.88835037, 0.10972172
-0.00434437, 0.04763797, -0.03883452
-0.44718772, 0.63243508, -0.6324656
0.90274119, 0.12411243
-0.00434437, 0.04047045, -0.03883452
-0.44718772, -0.63243508, -0.63243508
0.87395972, 0.12411243
-0.00134063, 0.14487055, -0.03967525
-0.63606679, -0.59111303, -0.4959563
0.9430421, 0.11679953
-0.00134063, 0.15058738, -0.03967525
-0.63606679, 0.59111303, -0.4959563
0.96599853, 0.11679935
0.00441165, 0.09862517, -0.01685837
0.70708334, -0.70708334, 0.0
0.37261808, 0.73057616
0.00441165, 0.10226602, -0.01685837
0.70641196, 0.70775473, 0.00210578
0.3871969, 0.73057616
0.0, 0.1527732, -0.04012564
0.0, 0.63020724, -0.77639091
0.83006954, 0.7695231
0.0, 0.1527732, -0.02010778
0.0, 0.70708334, 0.70708334
0.59008312, 0.73611289
-0.0, 0.09862517, -0.00130363
0.0, -0.73296303, -0.68022704
0.37261814, 0.77526565
0.0, 0.06728389, -0.00717238
0.0, 0.78365427, -0.62117374
0.25844249, 0.75930688
-0.0, 0.03413804, -0.02799308
0.0, -0.9373455, 0.34833828
0.78617442, 0.10320628
0.0, 0.04047045, -0.03883452
0.0, -0.70708334, -0.70708334
0.86344397, 0.1046291
-0.0, 0.1022125, 0.00108577
0.0, 0.72362435, 0.69014555
0.38697398, 0.20254827
0.0, 0.1527732, -0.02010778
0.0, 0.70708334, 0.70708334
0.59015572, 0.26579809
0.0, 0.06728389, -0.00717238
0.0, 0.78365427, -0.62117374
0.25835574, 0.25677967
# Number of Faces:
170
# Face Data:
0, 1, 2
3, 4, 5
6, 7, 8
9, 10, 11
12, 13, 0
14, 15, 16
17, 18, 19
9, 20, 10
5, 4, 14
21, 22, 23
19, 24, 17
11, 25, 9
26, 27, 19
28, 29, 30
31, 32, 33
12, 34, 13
35, 36, 37
33, 38, 39
40, 41, 12
17, 1, 31
39, 42, 18
9, 43, 35
37, 44, 26
0, 45, 46
18, 47, 6
20, 14, 10
3, 20, 8
48, 49, 50
50, 51, 48
51, 52, 48
50, 53, 54
55, 14, 4
56, 8, 7
8, 56, 3
57, 58, 59
60, 61, 57
62, 63, 64
60, 57, 59
65, 62, 66
64, 63, 67
68, 69, 70
71, 72, 73
74, 75, 76
77, 78, 79
70, 69, 80
81, 82, 77
83, 84, 85
86, 87, 88
73, 82, 71
22, 89, 90
91, 85, 84
92, 79, 86
93, 94, 85
95, 96, 97
98, 99, 100
101, 80, 96
102, 88, 103
104, 100, 105
106, 107, 80
108, 84, 99
109, 105, 83
110, 86, 88
111, 103, 94
69, 112, 113
114, 83, 75
87, 82, 73
87, 72, 76
49, 115, 116
116, 117, 118
52, 117, 115
53, 116, 118
119, 71, 82
120, 74, 76
76, 72, 120
58, 121, 122
61, 123, 121
124, 63, 65
123, 122, 121
65, 66, 124
125, 67, 63
0, 46, 1
3, 56, 4
6, 47, 7
16, 11, 10
10, 14, 16
2, 40, 12
13, 126, 127
2, 12, 0
13, 127, 0
14, 55, 15
20, 35, 37
37, 26, 20
8, 20, 19
18, 6, 8
33, 39, 18
17, 31, 18
20, 26, 19
31, 33, 18
8, 19, 18
9, 35, 20
21, 128, 22
19, 27, 24
11, 129, 25
26, 44, 27
28, 130, 29
31, 1, 32
12, 41, 34
35, 43, 36
33, 32, 38
40, 131, 41
17, 24, 1
39, 38, 42
9, 25, 43
37, 36, 44
0, 127, 45
18, 42, 47
20, 5, 14
3, 5, 20
48, 52, 49
50, 54, 51
51, 132, 52
50, 49, 53
57, 61, 58
60, 133, 61
62, 65, 63
68, 134, 69
71, 120, 72
74, 114, 75
86, 79, 78
77, 82, 78
69, 113, 96
113, 97, 96
80, 107, 70
69, 96, 80
81, 119, 82
103, 88, 87
87, 76, 85
83, 105, 100
76, 75, 83
94, 103, 87
85, 94, 87
83, 100, 99
83, 99, 84
85, 76, 83
86, 78, 87
22, 128, 89
91, 93, 85
92, 135, 79
93, 111, 94
95, 101, 96
98, 108, 99
101, 106, 80
102, 110, 88
104, 98, 100
106, 136, 107
108, 91, 84
109, 104, 105
110, 92, 86
111, 102, 103
69, 134, 112
114, 109, 83
87, 78, 82
87, 73, 72
49, 52, 115
116, 115, 117
52, 132, 117
53, 49, 116
58, 61, 121
61, 133, 123
124, 125, 63
