# Project Zomboid Skinned Mesh
# File Version:
1.0
# Model Name:
Cube
# Vertex Stride Element Count:
3
# Vertex Stride Size (in bytes):
76
# Vertex Stride Data:
# (Int)    Offset
# (String) Type
0
VertexArray
12
NormalArray
24
TextureCoordArray
# Vertex Count:
202
# Vertex Buffer:
0.00847621, 0.22738636, 0.01078001
0.57734919, 0.57734919, 0.57734919
0.73259902, 0.78160006
0.0, 0.22738636, -0.02618645
0.0, 0.70708334, -0.70708334
0.73259902, 0.70398188
0.0, 0.22738636, 0.01078001
0.0, 0.70708334, 0.70708334
0.73259902, 0.79616439
0.00847621, 0.15503594, 0.01078001
0.75334942, 0.12723167, 0.64516127
0.60625893, 0.78160006
0.00847621, 0.22738636, -0.02618645
0.57734919, 0.57734919, -0.57734919
0.73259902, 0.71704841
0.0, 0.15503594, 0.01078001
0.0, 0.19348735, 0.98107851
0.60890645, 0.79867047
0.00847621, 0.12836488, -0.02618645
0.61668754, -0.36228523, -0.69884336
0.55968529, 0.71704841
0.00847621, 0.06968355, 0.04515694
0.79265726, 0.40507218, 0.45558029
0.38027805, 0.89507771
0.00847621, 0.03799954, 0.00506534
0.66576129, 0.14273506, -0.73235267
0.3249507, 0.82506877
0.00847621, 0.06352875, 0.01551769
0.80172122, 0.00314341, -0.59767449
0.36953035, 0.84332097
0.00260417, 0.51726764, -0.02510273
0.2379223, -0.36460462, -0.900235
0.58230442, 0.57960302
0.0, 0.5393973, -0.0340654
0.0, 0.29044464, -0.95687735
0.62220669, 0.55905691
0.00260417, 0.5393973, -0.0340654
0.58928192, 0.23465683, -0.77306437
0.62094754, 0.56395215
0.00847621, 0.11273238, -0.00402292
0.77727592, -0.38932464, -0.49418622
0.53238744, 0.75575089
0.0, 0.12836488, -0.02618645
0.0, -0.46021912, -0.88778347
0.55968529, 0.70398188
0.0, 0.11888726, 0.02561633
0.0, 0.37437055, 0.92724389
0.54806656, 0.82029015
0.0, 0.06968355, 0.04515694
0.0, 0.66444898, 0.74730676
0.39034262, 0.90741205
0.00847621, 0.11888726, 0.02561633
0.70580155, 0.26520586, 0.65684986
0.46619862, 0.86095542
0.0, 0.11888726, 0.02561633
0.0, 0.37437055, 0.92724389
0.47112998, 0.87373793
0.0, 0.11273238, -0.00402292
0.0, -0.61882383, -0.78548539
0.44670895, 0.79763108
0.00847621, 0.11273238, -0.00402292
0.77727592, -0.38932464, -0.49418622
0.45545089, 0.80919868
0.00577238, 0.2298888, -0.03034571
0.73421431, -0.51133764, -0.44651631
0.08047666, 0.5704475
0.00260417, 0.27606368, -0.02510273
0.07165746, 0.11737419, -0.99047822
0.16110839, 0.57960302
0.00260417, 0.2298888, -0.02510273
0.51039153, -0.80269784, 0.30842006
0.08047666, 0.57960302
0.0, 0.06352875, 0.01551769
0.0, 0.0052797, -0.99996948
0.37035495, 0.82791758
0.00260417, 0.54548407, -0.02510273
0.52705467, 0.70302439, -0.47743157
0.63157636, 0.57960302
0.0, 0.05576068, 0.07093026
0.0, 0.37299722, 0.92782372
0.36086544, 0.95246297
0.0, -0.10918981, 0.08518015
0.0, -0.63576162, 0.77184361
0.06714386, 0.98408592
0.00847621, -0.10918981, 0.00559866
0.57753229, -0.57829523, -0.57618946
0.0679251, 0.82600009
0.00847621, -0.10918981, 0.08518015
0.56785792, -0.52330089, 0.6353038
0.0679251, 0.96496713
0.00847621, 0.0210295, 0.05976652
0.76772362, -0.03784295, 0.63963741
0.29531714, 0.92058927
0.00847621, 0.05576068, 0.07093026
0.58766443, 0.30179754, 0.75069427
0.35596555, 0.94008374
0.0, 0.03799954, 0.00506534
0.0, 0.19129002, -0.98150581
0.32768446, 0.80849308
0.00847621, 0.38515624, 0.00169427
0.58043152, 0.59212011, 0.55897701
0.84758139, 0.96415222
0.0, 0.22738636, 0.01078001
0.0, 0.05746635, 0.99832147
0.57324439, 0.99999774
0.00847621, 0.22738636, 0.01078001
0.69377726, 0.0413831, 0.71895504
0.57208002, 0.9800179
0.00847621, 0.22738636, -0.01621155
0.70708334, 0.0, -0.70708334
0.57208002, 0.93288463
0.00260417, 0.22738642, -0.0125287
0.38267159, 0.0, 0.92385632
0.07609394, 0.64239854
0.0, 0.55106336, -0.01252868
0.0, 0.70708334, 0.70708334
0.64123827, 0.65226316
0.0, 0.22738636, -0.0125287
0.0, 0.0, 1.0
0.07602613, 0.65226316
0.00628702, 0.55106336, -0.01621155
0.71727651, 0.63023776, 0.29709768
0.64131892, 0.63253289
0.00260417, 0.55106336, -0.01252868
0.29709768, 0.63023776, 0.71727651
0.64130598, 0.64239854
0.00628702, 0.22738636, -0.02141988
0.92385632, 0.0, -0.38267159
0.07610686, 0.62343785
0.00628702, 0.22738636, -0.01621155
0.92385632, 0.0, 0.38267159
0.07610686, 0.63253289
0.00260417, 0.22738636, -0.02510273
0.38267159, 0.0, -0.92385632
0.07611978, 0.61357233
0.00628702, 0.55106336, -0.02141988
0.71727651, 0.63023776, -0.29709768
0.64131892, 0.62343785
0.0, 0.22738636, -0.02510273
0.0, 0.0, -0.99996948
0.07618766, 0.6037077
0.00260417, 0.55106336, -0.02510273
0.29709768, 0.63023776, -0.71727651
0.64133185, 0.61357233
0.0, 0.55106336, -0.02510273
0.0, 0.70708334, -0.70708334
0.65229779, 0.61700681
0.0, 0.55106336, -0.01252868
0.0, 0.70708334, 0.70708334
0.6522975, 0.63896418
0.0, 0.0210295, 0.05976652
0.0, -0.05908383, 0.99822992
0.29540494, 0.9361769
0.00847621, 0.38515624, -0.01621155
0.57734919, 0.57734919, -0.57734919
0.84758139, 0.93288463
0.0, 0.38515624, 0.00169427
0.0, 0.72713399, 0.68645281
0.87178952, 0.97737348
0.0, 0.38515624, -0.01621155
0.0, 0.70708334, -0.70708334
0.8643645, 0.91728306
0.00540645, 0.10693105, 0.03447048
0.89892268, -0.17795342, 0.40028077
0.52225703, 0.88103491
0.0, 0.08206891, 0.04336092
0.0, 0.56956697, 0.82192451
0.48422, 0.90196967
0.00540652, 0.08206891, 0.04336092
0.77043974, 0.36307871, 0.52397227
0.47884214, 0.8965596
0.00540652, 0.11603926, 0.04508187
0.89587086, 0.20847194, -0.39234596
0.53816199, 0.8995648
0.00540651, 0.14091092, 0.04306753
0.58970916, 0.66304511, 0.46104312
0.58159345, 0.89604729
0.00540645, 0.11199579, 0.04676729
0.91113007, -0.37568286, -0.16925566
0.53110129, 0.9025079
0.00540652, 0.0995868, 0.05526869
0.75536364, 0.30832851, 0.57820368
0.50943238, 0.91735321
0.00540652, 0.07655635, 0.07438181
0.58775598, 0.00024415, 0.80901515
0.46921605, 0.95072901
0.00540637, 0.0764623, 0.06878847
0.8832972, 0.00549333, -0.46873379
0.46905184, 0.94096178
0.00540652, 0.12285377, 0.02285728
0.53889585, 0.7149266, -0.44541764
0.55006176, 0.86075568
0.0, 0.11177048, 0.03276116
0.0, 0.96789455, 0.25125888
0.54386622, 0.88074565
0.00540652, 0.11177048, 0.03276116
0.85531175, 0.50144964, 0.13016145
0.53070778, 0.87805003
0.00540652, 0.13911034, 0.01682958
0.63557845, 0.7701956, -0.05282754
0.57844919, 0.85022998
0.0, 0.14091092, 0.04306753
0.0, 0.82100892, 0.57087922
0.58903295, 0.90083396
0.00540637, 0.06724676, 0.06087799
0.9036836, 0.42680135, -0.03402814
0.45295942, 0.92714834
0.0, 0.06724676, 0.06087799
0.0, 0.99682605, -0.07950072
0.46439961, 0.92306638
0.0, 0.11603926, 0.04508187
0.0, 0.46919155, -0.88308358
0.54312128, 0.89284176
0.0, 0.0995868, 0.05526869
0.0, 0.47053438, 0.88235116
0.51516503, 0.92719311
0.0, 0.0764623, 0.06878847
0.0, 0.01171911, -0.99990845
0.47212258, 0.93279904
0.0, 0.13452458, 0.04015414
0.0, -0.80184335, -0.59749138
0.56383306, 0.88646084
0.00540652, 0.13452458, 0.04015414
0.87636954, -0.38618121, -0.28775904
0.57044154, 0.8909598
0.0, 0.07655635, 0.07438181
0.0, 0.0003357, 0.99996948
0.46849453, 0.96381783
0.0, 0.09703708, 0.05194984
0.0, -0.48789942, -0.87289041
0.50186497, 0.90608084
0.00540645, 0.09703708, 0.05194984
0.66969818, -0.36231574, -0.64821315
0.50497997, 0.91155779
0.0, 0.13389225, 0.01871139
0.0, -0.99954224, 0.02945036
0.56264526, 0.85396451
0.00540652, 0.13389225, 0.01871139
0.76860869, -0.63939327, 0.01882992
0.56933737, 0.85351604
0.0, 0.0615003, 0.06190386
0.0, -0.99575794, 0.09179968
0.42717481, 0.93391109
0.00540652, 0.0615003, 0.06190386
0.5771966, -0.81313515, 0.07495346
0.4429248, 0.92893976
0.0, 0.11199579, 0.04676729
0.0, -0.91174048, -0.41074863
0.5181241, 0.89827514
0.0, 0.07934882, 0.04049215
0.0, -0.58955657, -0.8077029
0.46625721, 0.88161707
0.00540652, 0.07934882, 0.04049215
0.65627003, -0.44480726, -0.60942411
0.47409233, 0.89155006
0.0, 0.10693105, 0.03447048
0.0, -0.40623188, 0.9137547
0.51668507, 0.88950443
0.0, 0.12285377, 0.02285728
0.0, 0.84871978, -0.52879423
0.56082946, 0.84706414
0.0, 0.2298888, -0.03034571
0.0, -0.66600543, -0.7459029
0.07163134, 0.56266403
0.0, 0.27606368, -0.02510273
0.0, 0.11279641, -0.99359113
0.16177453, 0.57455152
0.0, 0.54548407, -0.02510273
0.0, 0.82723475, -0.56181526
0.63655078, 0.57583845
0.00254805, 0.11403126, -0.01358958
0.87179172, -0.48960844, -0.01541185
0.69719416, 0.54749936
0.0, 0.10878952, -0.02092799
0.0, -0.77623826, -0.63042086
0.68271446, 0.5303632
0.00254806, 0.10878952, -0.02092799
0.54161197, -0.65251625, -0.5299539
0.68804091, 0.53468472
0.00254806, 0.12311688, -0.01463792
0.63740957, 0.30973235, -0.70549637
0.71305972, 0.5456686
0.00254806, 0.1129829, -0.00223251
1.0, 0.0, 0.0
0.69536346, 0.56733119
0.0, 0.12311688, -0.01463792
0.0, 0.40198982, -0.91561633
0.71561116, 0.53799552
0.00254805, 0.10180056, 0.00143669
0.34138006, -0.72893459, -0.59334087
0.67583674, 0.57373846
0.0, 0.11403126, -0.01358958
0.0, -0.9994812, -0.03143407
0.69206005, 0.54715788
0.0, 0.22738636, -0.02618645
0.0, 0.70708334, -0.70708334
0.73259902, 0.29601598
-0.00847621, 0.22738636, 0.01078001
-0.57734919, 0.57734919, 0.57734919
0.73259902, 0.21839786
0.0, 0.22738636, 0.01078001
0.0, 0.70708334, 0.70708334
0.73259902, 0.20383346
-0.00847621, 0.22738636, -0.02618645
-0.57734919, 0.57734919, -0.57734919
0.73259902, 0.28294945
-0.00847621, 0.15503594, 0.01078001
-0.75334942, 0.12723167, 0.64516127
0.60625893, 0.21839786
0.0, 0.15503594, 0.01078001
0.0, 0.19348735, 0.98107851
0.60890645, 0.20132744
-0.00847621, 0.12836488, -0.02618645
-0.61668754, -0.36228523, -0.69884336
0.55968529, 0.28294945
-0.00847621, 0.06968355, 0.04515694
-0.79265726, 0.40507218, 0.45558029
0.38027805, 0.10492015
-0.00847621, 0.03799954, 0.00506534
-0.66576129, 0.14273506, -0.73235267
0.3249507, 0.17492914
-0.00847621, 0.05576068, 0.07093026
-0.58766443, 0.30179754, 0.75069427
0.35596555, 0.05991411
-0.00260417, 0.51726764, -0.02510273
-0.2379223, -0.36460462, -0.900235
0.58230442, 0.57960302
-0.00260417, 0.5393973, -0.0340654
-0.58928192, 0.23465683, -0.77306437
0.62094754, 0.56395215
-0.00847621, 0.11273238, -0.00402292
-0.77727592, -0.38932464, -0.49418622
0.53238744, 0.24424696
-0.00847621, 0.11888726, 0.02561633
-0.70580155, 0.26520586, 0.65684986
0.54313517, 0.19249022
0.0, 0.12836488, -0.02618645
0.0, -0.46021912, -0.88778347
0.55968529, 0.29601598
0.0, 0.11888726, 0.02561633
0.0, 0.37437055, 0.92724389
0.54806656, 0.17970777
-0.00847621, 0.11888726, 0.02561633
-0.70580155, 0.26520586, 0.65684986
0.46619862, 0.1390425
0.0, 0.06968355, 0.04515694
0.0, 0.66444898, 0.74730676
0.39034262, 0.0925858
0.0, 0.11888726, 0.02561633
0.0, 0.37437055, 0.92724389
0.47112998, 0.12625992
0.0, 0.11273238, -0.00402292
0.0, -0.61882383, -0.78548539
0.44670895, 0.20236683
-0.00847621, 0.06352875, 0.01551769
-0.80172122, 0.00314341, -0.59767449
0.36953035, 0.15667689
-0.00847621, 0.11273238, -0.00402292
-0.77727592, -0.38932464, -0.49418622
0.45545089, 0.19079924
-0.00577238, 0.2298888, -0.03034571
-0.73421431, -0.51133764, -0.44651631
0.08047666, 0.5704475
-0.00260417, 0.2298888, -0.02510273
-0.51039153, -0.80269784, 0.30842006
0.08047666, 0.57960302
-0.00260417, 0.27606368, -0.02510273
-0.07165746, 0.11737419, -0.99047822
0.16110839, 0.57960302
0.0, 0.06352875, 0.01551769
0.0, 0.0052797, -0.99996948
0.37035495, 0.17208028
-0.00260417, 0.54548407, -0.02510273
-0.52705467, 0.70302439, -0.47743157
0.63157636, 0.57960302
0.0, 0.05576068, 0.07093026
0.0, 0.37299722, 0.92782372
0.36086544, 0.04753494
-0.00847621, -0.10918981, 0.00559866
-0.57753229, -0.57829523, -0.57618946
0.0679251, 0.17399776
0.0, -0.10918981, 0.08518015
0.0, -0.63576162, 0.77184361
0.06714386, 0.01591194
-0.00847621, -0.10918981, 0.08518015
-0.56785792, -0.52330089, 0.6353038
0.0679251, 0.03503072
-0.00847621, 0.0210295, 0.05976652
-0.76772362, -0.03784295, 0.63963741
0.29531714, 0.07940865
0.0, 0.03799954, 0.00506534
0.0, 0.19129002, -0.98150581
0.32768446, 0.19150484
0.0, 0.22738636, 0.01078001
0.0, 0.05746635, 0.99832147
0.57324439, 1.2e-07
-0.00847621, 0.38515624, 0.00169427
-0.58043152, 0.59212011, 0.55897701
0.84758139, 0.03584564
-0.00847621, 0.22738636, 0.01078001
-0.69377726, 0.0413831, 0.71895504
0.57208002, 0.01997995
-0.00847621, 0.22738636, -0.01621155
-0.70708334, 0.0, -0.70708334
0.57208002, 0.06711328
-0.00847621, 0.38515624, -0.01621155
-0.57734919, 0.57734919, -0.57734919
0.84758139, 0.06711328
-0.00260417, 0.22738642, -0.0125287
-0.38267159, 0.0, 0.92385632
0.07609394, 0.64239854
-0.00628702, 0.55106336, -0.01621155
-0.71727651, 0.63023776, 0.29709768
0.64131892, 0.63253289
-0.00628702, 0.22738636, -0.01621155
-0.92385632, 0.0, 0.38267159
0.07610686, 0.63253289
-0.00628702, 0.22738636, -0.02141988
-0.92385632, 0.0, -0.38267159
0.07610686, 0.62343785
-0.00628702, 0.55106336, -0.02141988
-0.71727651, 0.63023776, -0.29709768
0.64131892, 0.62343785
-0.00260417, 0.22738636, -0.02510273
-0.38267159, 0.0, -0.92385632
0.07611978, 0.61357233
-0.00260417, 0.55106336, -0.02510273
-0.29709768, 0.63023776, -0.71727651
0.64133185, 0.61357233
0.0, 0.0210295, 0.05976652
0.0, -0.05908383, 0.99822992
0.29540494, 0.06382096
0.0, 0.38515624, 0.00169427
0.0, 0.72713399, 0.68645281
0.87178952, 0.02262437
0.0, 0.38515624, -0.01621155
0.0, 0.70708334, -0.70708334
0.8643645, 0.0827148
0.0, 0.08206891, 0.04336092
0.0, 0.56956697, 0.82192451
0.48422, 0.09802818
-0.00540645, 0.10693105, 0.03447048
-0.89892268, -0.17795342, 0.40028077
0.52225703, 0.118963
-0.00540652, 0.08206891, 0.04336092
-0.77043974, 0.36307871, 0.52397227
0.47884214, 0.10343826
-0.00540645, 0.11199579, 0.04676729
-0.91113007, -0.37568286, -0.16925566
0.53110129, 0.09748995
-0.00540652, 0.11603926, 0.04508187
-0.89587086, 0.20847194, -0.39234596
0.53816199, 0.10043311
-0.00540637, 0.0764623, 0.06878847
-0.8832972, 0.00549333, -0.46873379
0.46905184, 0.05903614
-0.00540652, 0.07655635, 0.07438181
-0.58775598, 0.00024415, 0.80901515
0.46921605, 0.04926884
-0.00540652, 0.0995868, 0.05526869
-0.75536364, 0.30832851, 0.57820368
0.50943238, 0.0826447
0.0, 0.11177048, 0.03276116
0.0, 0.96789455, 0.25125888
0.54386622, 0.1192522
-0.00540652, 0.12285377, 0.02285728
-0.53889585, 0.7149266, -0.44541764
0.55006176, 0.13924217
-0.00540652, 0.11177048, 0.03276116
-0.85531175, 0.50144964, 0.13016145
0.53070778, 0.12194788
0.0, 0.14091092, 0.04306753
0.0, 0.82100892, 0.57087922
0.58903295, 0.09916389
-0.00540652, 0.13911034, 0.01682958
-0.63557845, 0.7701956, -0.05282754
0.57844919, 0.14976788
-0.00540651, 0.14091092, 0.04306753
-0.58970916, 0.66304511, 0.46104312
0.58159345, 0.10395062
-0.00540637, 0.06724676, 0.06087799
-0.9036836, 0.42680135, -0.03402814
0.45295942, 0.07284951
0.0, 0.11603926, 0.04508187
0.0, 0.46919155, -0.88308358
0.54312128, 0.10715616
0.0, 0.0995868, 0.05526869
0.0, 0.47053438, 0.88235116
0.51516503, 0.07280481
0.0, 0.0764623, 0.06878847
0.0, 0.01171911, -0.99990845
0.47212258, 0.06719887
0.0, 0.13452458, 0.04015414
0.0, -0.80184335, -0.59749138
0.56383306, 0.11353707
-0.00540652, 0.13452458, 0.04015414
-0.87636954, -0.38618121, -0.28775904
0.57044154, 0.10903811
0.0, 0.07655635, 0.07438181
0.0, 0.0003357, 0.99996948
0.46849453, 0.03618002
0.0, 0.09703708, 0.05194984
0.0, -0.48789942, -0.87289041
0.50186497, 0.09391701
-0.00540645, 0.09703708, 0.05194984
-0.66969818, -0.36231574, -0.64821315
0.50497997, 0.08844006
0.0, 0.13389225, 0.01871139
0.0, -0.99954224, 0.02945036
0.56264526, 0.14603341
-0.00540652, 0.13389225, 0.01871139
-0.76860869, -0.63939327, 0.01882992
0.56933737, 0.14648187
0.0, 0.0615003, 0.06190386
0.0, -0.99575794, 0.09179968
0.42717481, 0.06608677
-0.00540652, 0.0615003, 0.06190386
-0.5771966, -0.81313515, 0.07495346
0.4429248, 0.07105815
0.0, 0.11199579, 0.04676729
0.0, -0.91174048, -0.41074863
0.5181241, 0.10172272
0.0, 0.07934882, 0.04049215
0.0, -0.58955657, -0.8077029
0.46625721, 0.11838078
-0.00540652, 0.07934882, 0.04049215
-0.65627003, -0.44480726, -0.60942411
0.47409233, 0.10844779
0.0, 0.10693105, 0.03447048
0.0, -0.40623188, 0.9137547
0.51668507, 0.11049342
0.0, 0.12285377, 0.02285728
0.0, 0.84871978, -0.52879423
0.56082946, 0.15293372
-0.00254805, 0.11403126, -0.01358958
-0.87179172, -0.48960844, -0.01541185
0.69719416, 0.54749936
-0.00254806, 0.10878952, -0.02092799
-0.54161197, -0.65251625, -0.5299539
0.68804091, 0.53468472
-0.00254806, 0.1129829, -0.00223251
-1.0, 0.0, 0.0
0.69536346, 0.56733119
-0.00254806, 0.12311688, -0.01463792
-0.63740957, 0.30973235, -0.70549637
0.71305972, 0.5456686
-0.00254805, 0.10180056, 0.00143669
-0.34138006, -0.72893459, -0.59334087
0.67583674, 0.57373846
0.0, 0.51726764, -0.02510273
0.0, -0.37537766, -0.92684716
0.5805589, 0.57506043
0.00847621, 0.11888726, 0.02561633
0.70580155, 0.26520586, 0.65684986
0.54313517, 0.80750763
0.0, 0.11273238, -0.00402292
0.0, -0.61882383, -0.78548539
0.53238744, 0.7441833
0.0, -0.10918981, 0.00559866
0.0, -0.70836514, -0.70580155
0.06714386, 0.81176543
0.0, 0.55106336, -0.02510273
0.0, 0.70708334, -0.70708334
0.64139974, 0.6037077
0.00260417, 0.55106336, -0.01252868
0.29709768, 0.63023776, 0.71727651
0.64775008, 0.63896412
0.00260417, 0.55106336, -0.02510273
0.29709768, 0.63023776, -0.71727651
0.64775008, 0.61700675
0.0, 0.22738636, -0.01621155
0.0, 0.0, -1.0
0.57208538, 0.91718203
0.0, 0.13911034, 0.01682958
0.0, 0.99765009, -0.06845301
0.58885938, 0.85019428
0.0, 0.2298888, -0.02510273
0.0, -1.0, 0.0
0.07197769, 0.57977498
0.0, 0.10180056, 0.00143669
0.0, -0.77553636, -0.63124484
0.67267627, 0.57118917
0.0, 0.11273238, -0.00402292
0.0, -0.61882383, -0.78548539
0.53238744, 0.25581455
0.0, -0.10918981, 0.00559866
0.0, -0.70836514, -0.70580155
0.06714386, 0.18823242
-0.00260417, 0.55106336, -0.01252868
-0.29709768, 0.63023776, 0.71727651
0.64130598, 0.64239854
-0.00260417, 0.55106336, -0.01252868
-0.29709768, 0.63023776, 0.71727651
0.64775008, 0.63896412
-0.00260417, 0.55106336, -0.02510273
-0.29709768, 0.63023776, -0.71727651
0.64775008, 0.61700675
0.0, 0.22738636, -0.01621155
0.0, 0.0, -1.0
0.57208538, 0.08281589
0.0, 0.13911034, 0.01682958
0.0, 0.99765009, -0.06845301
0.58885938, 0.14980364
0.0, 0.06724676, 0.06087799
0.0, 0.99682605, -0.07950072
0.46439961, 0.07693148
# Number of Faces:
254
# Face Data:
0, 1, 2
3, 4, 0
5, 0, 2
6, 1, 4
7, 8, 9
10, 11, 12
3, 13, 6
13, 14, 6
15, 3, 5
16, 17, 18
9, 19, 20
17, 9, 20
21, 22, 23
8, 24, 9
12, 25, 10
26, 7, 16
27, 28, 29
26, 30, 31
28, 32, 8
30, 28, 8
33, 34, 35
36, 33, 35
37, 38, 39
37, 40, 41
42, 40, 43
44, 45, 42
46, 47, 44
40, 48, 49
27, 30, 50
51, 52, 33
36, 53, 51
54, 55, 56
57, 58, 59
60, 61, 62
63, 64, 65
66, 67, 58
68, 55, 69
65, 70, 57
58, 71, 60
68, 72, 62
57, 73, 74
60, 75, 61
62, 76, 77
74, 78, 79
61, 80, 81
77, 82, 59
81, 83, 84
59, 85, 54
84, 86, 63
22, 87, 88
12, 89, 25
23, 87, 21
90, 91, 92
90, 93, 94
93, 91, 95
96, 97, 90
98, 99, 100
101, 102, 99
99, 103, 100
98, 104, 101
105, 106, 107
11, 108, 109
102, 110, 111
112, 110, 104
102, 113, 103
114, 115, 116
117, 118, 119
114, 118, 105
120, 121, 122
123, 106, 118
109, 108, 124
105, 125, 115
126, 127, 128
129, 125, 107
130, 126, 106
126, 128, 129
131, 132, 133
134, 132, 135
38, 136, 39
136, 137, 138
137, 139, 138
140, 141, 139
142, 46, 141
48, 140, 137
129, 127, 143
144, 135, 132
145, 134, 135
146, 147, 148
147, 149, 150
151, 152, 153
154, 155, 156
157, 158, 159
160, 146, 148
161, 156, 150
162, 159, 153
163, 160, 151
164, 150, 165
166, 153, 152
167, 151, 168
169, 165, 170
171, 152, 172
173, 168, 149
174, 172, 175
176, 149, 147
177, 175, 155
122, 87, 120
89, 109, 124
87, 121, 120
91, 178, 179
180, 181, 178
181, 91, 179
97, 182, 178
0, 4, 1
3, 6, 4
5, 3, 0
6, 14, 1
7, 31, 8
10, 183, 11
3, 184, 13
13, 185, 14
15, 184, 3
16, 7, 17
9, 24, 19
17, 7, 9
8, 32, 24
26, 31, 7
27, 186, 28
26, 50, 30
28, 186, 32
8, 31, 30
30, 29, 28
33, 52, 34
36, 51, 33
37, 41, 38
37, 43, 40
42, 45, 40
44, 47, 45
46, 187, 47
49, 188, 40
40, 45, 48
189, 48, 45
27, 29, 30
51, 53, 52
36, 190, 53
54, 85, 55
68, 81, 84
84, 63, 54
56, 68, 84
54, 56, 84
74, 79, 66
54, 63, 65
54, 65, 57
74, 66, 58
59, 54, 57
57, 74, 58
59, 58, 60
61, 81, 62
62, 77, 60
81, 68, 62
77, 59, 60
63, 86, 64
66, 191, 67
68, 56, 55
65, 64, 70
58, 67, 71
68, 69, 72
57, 70, 73
60, 71, 75
62, 72, 76
74, 73, 78
61, 75, 80
77, 76, 82
81, 80, 83
59, 82, 85
84, 83, 86
22, 21, 87
12, 11, 89
23, 192, 87
90, 97, 91
94, 96, 90
90, 92, 93
93, 92, 91
96, 193, 97
98, 101, 99
101, 104, 102
99, 102, 103
98, 112, 104
105, 118, 106
11, 183, 108
102, 104, 110
112, 194, 110
102, 111, 113
114, 105, 115
117, 123, 118
114, 119, 118
123, 130, 106
105, 107, 125
126, 195, 127
129, 143, 125
130, 195, 126
129, 107, 106
106, 126, 129
131, 144, 132
134, 133, 132
38, 196, 136
136, 196, 137
137, 140, 139
140, 142, 141
142, 187, 46
137, 197, 49
49, 48, 137
198, 140, 48
129, 128, 127
144, 145, 135
145, 199, 134
146, 176, 147
175, 172, 160
175, 160, 148
156, 155, 147
175, 148, 147
159, 158, 165
158, 170, 165
155, 175, 147
159, 165, 150
150, 156, 147
149, 159, 150
153, 159, 149
149, 168, 153
151, 160, 172
153, 168, 151
151, 172, 152
154, 177, 155
157, 200, 158
160, 201, 146
161, 154, 156
162, 157, 159
163, 201, 160
164, 161, 150
166, 162, 153
167, 163, 151
169, 164, 165
171, 166, 152
173, 167, 168
174, 171, 172
176, 173, 149
177, 174, 175
122, 88, 87
89, 11, 109
87, 192, 121
91, 97, 178
178, 182, 180
181, 179, 178
181, 95, 91
97, 193, 182
