# Project Zomboid Skinned Mesh
# File Version:
1.0
# Model Name:
Cube
# Vertex Stride Element Count:
3
# Vertex Stride Size (in bytes):
76
# Vertex Stride Data:
# (Int)    Offset
# (String) Type
0
VertexArray
12
NormalArray
24
TextureCoordArray
# Vertex Count:
171
# Vertex Buffer:
-0.0, 0.08725906, 0.0021583
0.0, -0.00674459, -0.99996948
0.32697362, 0.78769547
0.00512248, 0.10684337, -0.0014389
0.88256478, -0.3612476, -0.30094302
0.39899305, 0.78468323
0.00512246, 0.08725906, 0.0021583
0.74843591, -0.00448622, -0.66316724
0.32502657, 0.79826921
0.00512245, 0.11122816, -0.01985735
0.67384869, 0.11441389, 0.72994173
0.41555342, 0.2848686
0.007655, 0.10684337, -0.01844809
0.67384869, 0.11441389, 0.72994173
0.39899305, 0.27954614
0.00765502, 0.11122816, -0.01985735
0.74367505, 0.10351878, 0.66045105
0.41555342, 0.2848686
0.00512246, 0.11112415, -0.00892933
0.78518021, 0.61497849, 0.07232887
0.41516086, 0.75639331
-0.0, 0.11347287, 0.00248921
0.0, 0.81630909, 0.57759333
0.43579569, 0.80356884
0.00512247, 0.11347287, 0.00248921
0.5739311, 0.66847742, 0.47297585
0.4240315, 0.79951894
0.007655, 0.07079298, -0.01844809
0.87127292, 0.29688406, 0.39072847
0.26283738, 0.72044265
-0.0, 0.066062, -0.00143893
0.0, 0.844203, -0.53599656
0.27008232, 0.77306622
0.00765501, 0.066062, -0.00143893
0.70708334, 0.68123418, 0.18945891
0.24496934, 0.78468323
0.00512244, 0.06496944, 0.00248921
0.52894682, 0.45774713, 0.71456039
0.24084282, 0.20046985
0.00765501, 0.066062, -0.00143893
0.70708334, 0.68123418, 0.18945891
0.24496934, 0.21530557
0.00512244, 0.066062, -0.00143893
0.62260813, 0.66060364, -0.41941586
0.24496934, 0.21530557
-0.0, 0.10684337, -0.0014389
0.0, -0.76830345, -0.6400342
0.38029063, 0.7755698
0.00512244, 0.10684337, -0.01844809
0.71297342, -0.41303751, 0.56660664
0.39899305, 0.72044265
0.007655, 0.10684337, -0.01844809
0.67384869, 0.11441389, 0.72994173
0.39899305, 0.72044265
-0.0, 0.07079298, -0.01844809
0.0, 0.60496843, 0.79622793
0.28171128, 0.74282479
0.00765502, 0.01900102, -0.02702098
0.70708334, -0.67781609, -0.2013306
0.06722873, 0.65755081
-0.0, 0.02428802, -0.04482103
0.0, -0.59801018, -0.80144656
0.08719668, 0.56261337
0.00765502, 0.02428802, -0.04482103
0.59404278, -0.48103276, -0.64470351
0.08719668, 0.59032321
0.00765502, 0.05290012, 0.04588174
0.59294415, 0.48713645, 0.64113283
0.19525921, 0.96340472
-0.0, 0.06496944, 0.00248921
0.0, 0.53941464, 0.84200567
0.27885538, 0.81001502
-0.0, 0.05290012, 0.04588174
0.0, 0.60496843, 0.79622793
0.2156916, 0.9999876
-0.0, 0.08725906, 0.00608642
0.0, -0.01181066, 0.99990845
0.32503673, 0.81736577
0.00512244, 0.06496944, 0.00248921
0.52894682, 0.45774713, 0.71456039
0.24084282, 0.79951894
0.00512246, 0.08725906, 0.00608642
0.67531359, -0.00869778, 0.73744929
0.32502657, 0.81310505
0.00765502, 0.01900102, -0.02702098
0.70708334, -0.67781609, -0.2013306
0.06722873, 0.68806446
0.00765502, 0.11122816, -0.01985735
0.74367505, 0.10351878, 0.66045105
0.41555342, 0.7151202
0.00765502, 0.01645471, 0.04588174
0.56431776, -0.65773493, 0.49885556
0.0576117, 0.96340472
0.00765502, 0.03294479, -0.01301246
0.89916682, -0.38615069, 0.20581684
0.11989167, 0.74097204
-0.0, 0.01645471, 0.04588174
0.0, -0.79674673, 0.60429698
0.02402455, 0.99974626
0.00765502, 0.16554143, -0.04482103
0.57734919, 0.57734919, -0.57734919
0.62068504, 0.40966558
-0.0, 0.16554143, -0.02702098
0.0, 1.0, 0.0
0.62068504, 0.34243798
0.00765502, 0.16554143, -0.02702098
0.70708334, 0.70708334, 0.0
0.62068504, 0.34243798
-0.0, 0.16554143, -0.02702098
0.0, 1.0, 0.0
0.62068504, 0.31192434
0.00765502, 0.16554143, -0.01985735
0.57734919, 0.57734919, 0.57734919
0.62068504, 0.2848686
0.00765502, 0.16554143, -0.02702098
0.70708334, 0.70708334, 0.0
0.62068504, 0.31192434
-0.0, 0.16554143, -0.04482103
0.0, 0.70708334, -0.70708334
0.62068504, 0.56261337
0.00765502, 0.16554143, -0.04482103
0.57734919, 0.57734919, -0.57734919
0.62068504, 0.59032321
-0.0, 0.01645471, -0.01844809
0.0, -0.88613546, 0.46339303
0.03362757, 0.72044265
0.00765502, 0.01645471, -0.01844809
0.57890558, -0.72252572, 0.37781915
0.0576117, 0.72044265
-0.0, 0.03294479, -0.01301246
0.0, -0.88247323, 0.47035128
0.08959109, 0.74097204
0.00765502, 0.11622924, -0.01985735
0.70708334, 0.0, 0.70708334
0.43444172, 0.2848686
0.00512245, 0.11622924, -0.01985735
0.19971313, 0.25067905, 0.9472335
0.43444172, 0.2848686
0.00765502, 0.16554143, -0.02702098
0.70708334, 0.70708334, 0.0
0.62068504, 0.65755081
0.00599208, 0.0490967, -0.04482103
0.22574541, 0.34684286, -0.91033661
0.90276945, 0.12660021
0.00599208, 0.02428802, -0.04482103
0.4440138, -0.62910855, -0.63798946
0.80907166, 0.12660021
0.00599209, 0.03120221, -0.05163917
0.60325938, -0.16403699, -0.78044987
0.83518529, 0.10084939
0.0023651, 0.16554143, -0.04482103
0.70708334, 0.70708334, 0.0
0.97849751, 0.11253768
0.00236511, 0.15893598, -0.05175688
0.61180454, -0.38691366, -0.68990141
0.95354974, 0.08634222
0.0023651, 0.16554143, -0.05175687
0.57734919, 0.57734919, -0.57734919
0.97849751, 0.08634233
-0.0, 0.03120221, -0.05163917
0.0, -0.20569475, -0.97860652
0.83518529, 0.07686734
-0.0, 0.02428802, -0.04482103
0.0, -0.70213932, -0.71202737
0.80907166, 0.10130954
-0.0, 0.15893598, -0.05175688
0.0, -0.48915067, -0.87215799
0.95354974, 0.07875091
0.0023651, 0.15469778, -0.04482103
0.5454573, -0.71517074, -0.43699452
0.93754292, 0.11253768
-0.0, 0.16554143, -0.05175687
0.0, 0.70708334, -0.70708334
0.97849751, 0.07875091
-0.0, 0.02133329, -0.03487306
0.0, -0.14313181, 0.98968476
0.76830351, 0.12788844
0.00286274, 0.01467875, -0.03583558
0.5683462, -0.70122379, 0.43037203
0.74777913, 0.10652083
0.00286276, 0.02133329, -0.03487306
0.73757136, -0.09665212, 0.66826379
0.77291214, 0.11015612
-0.0, 0.01467875, -0.03583558
0.0, -0.85225987, 0.52305675
0.73189276, 0.11137575
0.00286274, 0.01723357, -0.04338655
0.57060456, -0.31385234, -0.75884277
0.75742829, 0.07800215
0.00286276, 0.0230113, -0.04052254
0.74269843, 0.29737234, -0.59993285
0.77924967, 0.08881909
-0.0, 0.0230113, -0.04052254
0.0, 0.44410536, -0.89596242
0.78443575, 0.07257217
-0.0, 0.16554143, -0.01985735
0.0, 0.70708334, 0.70708334
0.62068504, 0.7374903
0.00512245, 0.11622924, -0.01985735
0.19971313, 0.25067905, 0.9472335
0.43444172, 0.7151202
0.00765502, 0.16554143, -0.01985735
0.57734919, 0.57734919, 0.57734919
0.62068504, 0.7151202
0.00512245, 0.11122816, -0.01985735
0.67384869, 0.11441389, 0.72994173
0.41555342, 0.7151202
-0.0, 0.11112415, -0.00892933
0.0, 0.99313331, 0.11679433
0.42886347, 0.75639331
0.00512244, 0.066062, -0.00143893
0.62260813, 0.66060364, -0.41941586
0.24496934, 0.78468323
0.00479629, 0.17592442, -0.0408667
0.71727651, 0.63023776, -0.29709768
0.72066712, 0.60525799
0.00198669, 0.16554143, -0.0436763
0.38267159, 0.0, -0.92385632
0.68145275, 0.5902513
0.00198669, 0.17592442, -0.0436763
0.29709768, 0.63023776, -0.71727651
0.72066712, 0.5902513
0.00479629, 0.17592442, -0.03689332
0.71727651, 0.63023776, 0.29709768
0.72066712, 0.62026474
0.00479629, 0.16554143, -0.0408667
0.92385632, 0.0, -0.38267159
0.68145275, 0.60525799
0.00198669, 0.17592442, -0.03408372
0.29709768, 0.63023776, 0.71727651
0.72066712, 0.63527143
0.00479629, 0.16554143, -0.03689332
0.92385632, 0.0, 0.38267159
0.68145275, 0.62026474
-0.0, 0.17592442, -0.03408372
0.0, 0.70708334, 0.70708334
0.72066712, 0.64277476
0.00198669, 0.16554143, -0.03408372
0.38267159, 0.0, 0.92385632
0.68145275, 0.63527143
-0.0, 0.17592442, -0.03408372
0.0, 0.70708334, 0.70708334
0.73878187, 0.63087609
-0.0, 0.16554143, -0.0436763
0.0, 0.0, -1.0
0.68145275, 0.58274797
-0.0, 0.17592442, -0.0436763
0.0, 0.70708334, -0.70708334
0.72066712, 0.58274794
-0.00512248, 0.10684337, -0.0014389
-0.88256478, -0.3612476, -0.30094302
0.39899305, 0.21530557
-0.0, 0.08725906, 0.0021583
0.0, -0.00674459, -0.99996948
0.32697362, 0.21229333
-0.00512246, 0.08725906, 0.0021583
-0.74843591, -0.00448622, -0.66316724
0.32502657, 0.20171958
-0.007655, 0.10684337, -0.01844809
-0.67384869, 0.11441389, 0.72994173
0.39899305, 0.27954614
-0.00512245, 0.11122816, -0.01985735
-0.67384869, 0.11441389, 0.72994173
0.41555342, 0.2848686
-0.00765502, 0.11122816, -0.01985735
-0.74367505, 0.10351878, 0.66045105
0.41555342, 0.2848686
-0.00512246, 0.11112415, -0.00892933
-0.78518021, 0.61497849, 0.07232887
0.41516086, 0.24359548
-0.0, 0.11347287, 0.00248921
0.0, 0.81630909, 0.57759333
0.43579569, 0.19641995
-0.0, 0.11112415, -0.00892933
0.0, 0.99313331, 0.11679433
0.42886347, 0.24359548
-0.007655, 0.07079298, -0.01844809
-0.87127292, 0.29688406, 0.39072847
0.26283738, 0.27954614
-0.0, 0.066062, -0.00143893
0.0, 0.844203, -0.53599656
0.27008232, 0.22692257
-0.0, 0.07079298, -0.01844809
0.0, 0.60496843, 0.79622793
0.28171128, 0.257164
-0.00765501, 0.066062, -0.00143893
-0.70708334, 0.68123418, 0.18945891
0.24496934, 0.21530557
-0.00512244, 0.06496944, 0.00248921
-0.52894682, 0.45774713, 0.71456039
0.24084282, 0.20046985
-0.00512244, 0.066062, -0.00143893
-0.62260813, 0.66060364, -0.41941586
0.24496934, 0.21530557
-0.00512244, 0.10684337, -0.01844809
-0.71297342, -0.41303751, 0.56660664
0.39899305, 0.27954614
-0.0, 0.10684337, -0.0014389
0.0, -0.76830345, -0.6400342
0.38029063, 0.224419
-0.0, 0.02428802, -0.04482103
0.0, -0.59801018, -0.80144656
0.08719668, 0.43737543
-0.00765502, 0.01900102, -0.02702098
-0.70708334, -0.67781609, -0.2013306
0.06722873, 0.34243798
-0.00765502, 0.02428802, -0.04482103
-0.59404278, -0.48103276, -0.64470351
0.08719668, 0.40966558
-0.0, 0.06496944, 0.00248921
0.0, 0.53941464, 0.84200567
0.27885538, 0.18997377
-0.00765502, 0.05290012, 0.04588174
-0.59294415, 0.48713645, 0.64113283
0.19525921, 0.03658408
-0.0, 0.05290012, 0.04588174
0.0, 0.60496843, 0.79622793
0.2156916, 1.19e-06
-0.0, 0.08725906, 0.00608642
0.0, -0.01181066, 0.99990845
0.32503673, 0.18262303
-0.00512246, 0.08725906, 0.00608642
-0.67531359, -0.00869778, 0.73744929
0.32502657, 0.18688375
-0.00765502, 0.01900102, -0.02702098
-0.70708334, -0.67781609, -0.2013306
0.06722873, 0.31192434
-0.00765502, 0.03294479, -0.01301246
-0.89916682, -0.38615069, 0.20581684
0.11989167, 0.25901675
-0.00765501, 0.06496944, 0.00248921
-0.70708334, 0.68123418, 0.18945891
0.24084282, 0.20046985
-0.00512247, 0.11347287, 0.00248921
-0.5739311, 0.66847742, 0.47297585
0.4240315, 0.20046985
-0.00765502, 0.01645471, 0.04588174
-0.56431776, -0.65773493, 0.49885556
0.0576117, 0.03658408
-0.0, 0.01645471, 0.04588174
0.0, -0.79674673, 0.60429698
0.02402455, 0.00024253
-0.00765502, 0.16554143, -0.04482103
-0.57734919, 0.57734919, -0.57734919
0.62068504, 0.40966558
-0.00765502, 0.16554143, -0.02702098
-0.70708334, 0.70708334, 0.0
0.62068504, 0.34243798
-0.00765502, 0.16554143, -0.01985735
-0.57734919, 0.57734919, 0.57734919
0.62068504, 0.2848686
-0.00765502, 0.16554143, -0.02702098
-0.70708334, 0.70708334, 0.0
0.62068504, 0.31192434
-0.0, 0.16554143, -0.04482103
0.0, 0.70708334, -0.70708334
0.62068504, 0.43737543
-0.0, 0.01645471, -0.01844809
0.0, -0.88613546, 0.46339303
0.03362757, 0.27954614
-0.00765502, 0.01645471, -0.01844809
-0.57890558, -0.72252572, 0.37781915
0.0576117, 0.27954614
-0.0, 0.03294479, -0.01301246
0.0, -0.88247323, 0.47035128
0.08959109, 0.25901675
-0.00765502, 0.11622924, -0.01985735
-0.70708334, 0.0, 0.70708334
0.43444172, 0.2848686
-0.00512245, 0.11622924, -0.01985735
-0.19971313, 0.25067905, 0.9472335
0.43444172, 0.2848686
-0.00599208, 0.0490967, -0.04482103
-0.22574541, 0.34684286, -0.91033661
0.90276945, 0.12660021
-0.00599209, 0.03120221, -0.05163917
-0.60325938, -0.16403699, -0.78044987
0.83518529, 0.10084939
-0.00599208, 0.02428802, -0.04482103
-0.4440138, -0.62910855, -0.63798946
0.80907166, 0.12660021
-0.00236511, 0.15893598, -0.05175688
-0.61180454, -0.38691366, -0.68990141
0.95354974, 0.08634222
-0.0023651, 0.16554143, -0.04482103
-0.70708334, 0.70708334, 0.0
0.97849751, 0.11253768
-0.0023651, 0.16554143, -0.05175687
-0.57734919, 0.57734919, -0.57734919
0.97849751, 0.08634233
-0.0023651, 0.15469778, -0.04482103
-0.5454573, -0.71517074, -0.43699452
0.93754292, 0.11253768
-0.0, 0.15469778, -0.04482103
0.0, -0.85329753, -0.52140874
0.93754292, 0.10618055
-0.00286274, 0.01467875, -0.03583558
-0.5683462, -0.70122379, 0.43037203
0.74777913, 0.10652083
-0.00286276, 0.02133329, -0.03487306
-0.73757136, -0.09665212, 0.66826379
0.77291214, 0.11015612
-0.0, 0.01723357, -0.04338655
0.0, -0.38218328, -0.92406994
0.75078386, 0.06699842
-0.00286274, 0.01723357, -0.04338655
-0.57060456, -0.31385234, -0.75884277
0.75742829, 0.07800215
-0.00286276, 0.0230113, -0.04052254
-0.74269843, 0.29737234, -0.59993285
0.77924967, 0.08881909
-0.0, 0.066062, -0.00143893
0.0, 0.844203, -0.53599656
0.27024609, 0.22675425
-0.00198669, 0.16554143, -0.0436763
-0.38267159, 0.0, -0.92385632
0.68145275, 0.5902513
-0.00479629, 0.17592442, -0.0408667
-0.71727651, 0.63023776, -0.29709768
0.72066712, 0.60525799
-0.00198669, 0.17592442, -0.0436763
-0.29709768, 0.63023776, -0.71727651
0.72066712, 0.5902513
-0.00479629, 0.16554143, -0.0408667
-0.92385632, 0.0, -0.38267159
0.68145275, 0.60525799
-0.00479629, 0.17592442, -0.03689332
-0.71727651, 0.63023776, 0.29709768
0.72066712, 0.62026474
-0.00479629, 0.16554143, -0.03689332
-0.92385632, 0.0, 0.38267159
0.68145275, 0.62026474
-0.00198669, 0.17592442, -0.03408372
-0.29709768, 0.63023776, 0.71727651
0.72066712, 0.63527143
-0.00198669, 0.16554143, -0.03408372
-0.38267159, 0.0, 0.92385632
0.68145275, 0.63527143
-0.0, 0.17592442, -0.0436763
0.0, 0.70708334, -0.70708334
0.73878187, 0.59464663
0.00512244, 0.10684337, -0.01844809
0.71297342, -0.41303751, 0.56660664
0.39899305, 0.27954614
0.00765501, 0.06496944, 0.00248921
0.70708334, 0.68123418, 0.18945891
0.24084282, 0.20046985
-0.0, 0.10684337, -0.01844809
0.0, -0.70708334, 0.70708334
0.37431753, 0.74162447
-0.0, 0.10684337, -0.01844809
0.0, -0.70708334, 0.70708334
0.37044898, 0.74325597
-0.0, 0.01900102, -0.02702098
0.0, -0.95858639, -0.28470719
0.06722873, 0.63258243
0.00765501, 0.06496944, 0.00248921
0.70708334, 0.68123418, 0.18945891
0.24084282, 0.79951894
0.00765502, 0.16554143, -0.02702098
0.70708334, 0.70708334, 0.0
0.62068504, 0.68806446
0.00765502, 0.11622924, -0.01985735
0.70708334, 0.0, 0.70708334
0.43444172, 0.7151202
-0.0, 0.16554143, -0.01985735
0.0, 0.70708334, 0.70708334
0.62068504, 0.2624985
-0.0, 0.01900102, -0.02702098
0.0, -0.95858639, -0.28470719
0.06722873, 0.66309619
-0.0, 0.0490967, -0.04482103
0.0, 0.35602894, -0.93444622
0.90276945, 0.10202789
-0.0, 0.16554143, -0.04482103
0.0, 1.0, 0.0
0.97849751, 0.11150885
-0.0, 0.11622924, -0.01985735
0.0, 0.5370037, 0.84356213
0.43444172, 0.7374903
-0.0, 0.066062, -0.00143893
0.0, 0.844203, -0.53599656
0.27024609, 0.77323455
-0.0, 0.16554143, -0.03408371
0.0, 0.0, 1.0
0.68145275, 0.64277476
0.00198669, 0.17592442, -0.0436763
0.29709768, 0.63023776, -0.71727651
0.73127848, 0.59464663
0.00198669, 0.17592442, -0.03408372
0.29709768, 0.63023776, 0.71727651
0.73127848, 0.63087609
-0.0, 0.10684337, -0.01844809
0.0, -0.70708334, 0.70708334
0.37431753, 0.25836432
-0.0, 0.10684337, -0.01844809
0.0, -0.70708334, 0.70708334
0.37044898, 0.25673282
-0.0, 0.01900102, -0.02702098
0.0, -0.95858639, -0.28470719
0.06722873, 0.36740637
-0.0, 0.01900102, -0.02702098
0.0, -0.95858639, -0.28470719
0.06722873, 0.3368926
-0.0, 0.11622924, -0.01985735
0.0, 0.5370037, 0.84356213
0.43444172, 0.2624985
-0.00198669, 0.17592442, -0.0436763
-0.29709768, 0.63023776, -0.71727651
0.73127848, 0.59464663
-0.00198669, 0.17592442, -0.03408372
-0.29709768, 0.63023776, 0.71727651
0.73127848, 0.63087609
# Number of Faces:
202
# Face Data:
0, 1, 2
3, 4, 5
6, 7, 8
9, 10, 11
12, 13, 14
15, 16, 1
17, 18, 9
19, 20, 21
22, 23, 24
25, 26, 27
9, 28, 29
22, 30, 31
1, 6, 8
30, 24, 32
33, 34, 35
36, 37, 38
21, 39, 40
41, 28, 42
43, 42, 31
3, 44, 45
46, 21, 40
32, 31, 30
47, 48, 49
50, 51, 52
53, 47, 49
54, 49, 48
55, 52, 51
56, 55, 51
57, 50, 52
58, 59, 60
61, 62, 59
60, 62, 63
62, 64, 63
65, 66, 67
66, 6, 68
66, 69, 6
70, 0, 2
7, 27, 8
71, 72, 73
74, 75, 71
76, 77, 74
78, 79, 76
80, 74, 71
73, 81, 82
83, 84, 85
86, 87, 88
89, 90, 91
92, 93, 94
95, 96, 97
98, 99, 83
94, 86, 92
100, 101, 102
103, 104, 105
96, 106, 107
92, 108, 109
109, 104, 110
107, 111, 83
105, 112, 113
34, 114, 115
116, 36, 117
118, 102, 114
108, 119, 120
120, 121, 109
122, 87, 123
115, 102, 101
109, 113, 112
124, 125, 126
127, 128, 129
124, 53, 125
125, 54, 126
129, 55, 127
130, 55, 131
128, 57, 129
132, 58, 133
132, 134, 61
135, 133, 136
135, 64, 134
122, 123, 116
123, 87, 89
91, 123, 89
97, 84, 137
107, 90, 111
138, 139, 140
141, 142, 139
143, 144, 142
145, 78, 144
139, 80, 146
81, 140, 82
0, 15, 1
3, 147, 4
6, 69, 7
9, 18, 10
12, 148, 13
15, 149, 16
17, 150, 18
19, 151, 20
22, 152, 23
25, 23, 26
9, 11, 31
31, 42, 28
28, 153, 29
67, 154, 153
9, 31, 28
29, 17, 9
153, 154, 29
31, 11, 152
152, 22, 31
27, 26, 2
26, 70, 2
16, 68, 6
27, 2, 1
1, 16, 6
8, 27, 1
30, 22, 24
33, 118, 34
36, 155, 37
21, 20, 39
41, 156, 28
43, 41, 42
3, 5, 44
46, 19, 21
32, 43, 31
50, 56, 51
53, 157, 47
54, 53, 49
55, 57, 52
56, 131, 55
57, 158, 50
58, 61, 59
61, 134, 62
60, 59, 62
62, 134, 64
154, 67, 66
65, 159, 66
66, 159, 69
70, 160, 0
7, 25, 27
71, 75, 72
74, 77, 75
76, 79, 77
78, 161, 79
71, 162, 146
146, 80, 71
163, 74, 80
73, 72, 81
83, 99, 84
86, 98, 87
89, 111, 90
92, 95, 93
95, 110, 96
98, 164, 99
94, 165, 86
100, 166, 101
103, 110, 104
96, 103, 106
92, 86, 88
122, 116, 117
88, 122, 117
117, 108, 88
109, 95, 92
88, 108, 92
120, 109, 108
110, 95, 109
109, 112, 104
97, 96, 85
89, 87, 98
89, 98, 83
85, 96, 107
111, 89, 83
83, 85, 107
105, 104, 112
34, 118, 114
116, 155, 36
118, 100, 102
108, 167, 119
120, 119, 121
122, 88, 87
115, 114, 102
109, 121, 113
127, 130, 128
124, 157, 53
125, 53, 54
129, 57, 55
130, 127, 55
128, 158, 57
132, 61, 58
132, 135, 134
135, 132, 133
135, 136, 64
155, 116, 123
123, 168, 155
91, 168, 123
97, 85, 84
107, 106, 90
138, 141, 139
141, 143, 142
143, 145, 144
145, 161, 78
146, 169, 139
139, 142, 80
170, 80, 142
81, 138, 140
