# Project Zomboid Skinned Mesh
# File Version:
1.0
# Model Name:
Cube
# Vertex Stride Element Count:
3
# Vertex Stride Size (in bytes):
76
# Vertex Stride Data:
# (Int)    Offset
# (String) Type
0
VertexArray
12
NormalArray
24
TextureCoordArray
# Vertex Count:
248
# Vertex Buffer:
0.0, 0.02933034, 0.05125608
0.0, 0.17123936, 0.9851985
0.25054714, 0.89055893
0.01144696, 0.08259214, 0.02254101
0.75911742, 0.17783135, 0.6261788
0.33667287, 0.8253053
0.0, 0.08259214, 0.02254101
0.0, 0.27317119, 0.96194339
0.33667287, 0.84472755
0.01144696, 0.37629414, -0.00060344
0.58821374, 0.62450027, 0.51374859
0.83447778, 0.78607701
0.0, 0.37629414, -0.0116676
0.0, 1.0, 0.0
0.8602677, 0.77680589
0.0, 0.37629414, -0.00060344
0.0, 0.77224034, 0.6353038
0.83447778, 0.80030309
0.01144696, 0.33401343, 0.00770136
0.69222081, 0.0910062, 0.71590322
0.76281482, 0.80015309
0.01144696, 0.08259214, -0.0116676
0.84813988, -0.41853085, -0.32474747
0.33667287, 0.76732402
0.01144696, 0.33401334, -0.0116676
1.0, 0.0, 0.0
0.76281482, 0.76732402
0.0, 0.33401334, 0.00770136
0.0, 0.12610248, 0.99200416
0.76281482, 0.82243825
0.01144696, 0.04692985, 0.00500567
0.78960538, -0.06146428, -0.61049229
0.27622777, 0.79558407
0.0, 0.08259214, -0.0116676
0.0, -0.84365368, -0.53685111
0.32104343, 0.69386664
0.00899007, 0.08259214, -0.03000046
0.53416544, -0.58467358, -0.61055332
0.33667287, 0.67423934
0.01144696, 0.08259214, -0.0116676
0.84813988, -0.41853085, -0.32474747
0.33667287, 0.70531228
0.0, 0.08259214, -0.0116676
0.0, -0.84365368, -0.53685111
0.32104343, 0.75587837
0.0, 0.01237172, 0.0486884
0.0, 0.05740532, 0.99832147
0.21765403, 0.89187071
0.01144696, 0.02933034, 0.05125608
0.64226204, 0.13122959, 0.75515002
0.24639773, 0.87397538
0.01144696, 0.01515048, -0.00265662
0.67665637, 0.06979583, -0.73296303
0.22236407, 0.78259699
0.0, 0.04692985, 0.00500567
0.0, -0.10019226, -0.99496442
0.27546141, 0.77699591
0.0, -0.09332296, 0.07739007
0.0, -0.55207986, 0.83376569
0.038509, 0.94658919
0.01144696, -0.10351208, 0.00288774
0.57280189, -0.63002414, -0.52433848
0.02123895, 0.79199435
0.01144696, -0.09332296, 0.07739007
0.5708487, -0.4532609, 0.68456066
0.038509, 0.91827069
0.0, 0.01515048, -0.00265662
0.0, 0.09479049, -0.99548328
0.22236407, 0.76016496
0.01144696, 0.01237172, 0.0486884
0.75658435, 0.03753777, 0.6527909
0.21765403, 0.86962332
0.00899007, 0.1512996, -0.03000046
0.65846735, 0.0, -0.75258642
0.45312735, 0.67423934
0.0, 0.1512996, -0.03000046
0.0, 0.0, -0.99996948
0.45312735, 0.65638632
0.0, 0.08259214, -0.03000046
0.0, -0.70708334, -0.70708334
0.33667287, 0.65638632
0.00899007, 0.23706737, -0.03000046
0.65846735, 0.0, -0.75258642
0.59849799, 0.67423934
0.01144696, 0.1512996, -0.0116676
0.99111909, 0.0, -0.13281655
0.45312735, 0.70531228
0.0, 0.23706737, -0.03000046
0.0, 0.0, -1.0
0.59861189, 0.65638632
0.00899007, 0.2817381, -0.03000046
0.65846735, 0.0, -0.75258642
0.67421174, 0.67423934
0.01144696, 0.23706737, -0.0116676
0.99111909, 0.0, -0.13281655
0.59849799, 0.70531228
0.0, 0.2817381, -0.03000046
0.0, 0.0, -1.0
0.67430526, 0.65638632
0.00899007, 0.37629414, -0.03000046
0.53416544, 0.58467358, -0.61055332
0.83447778, 0.73625109
0.01144696, 0.2817381, -0.0116676
0.99111909, 0.0, -0.13281655
0.67421174, 0.76732402
0.00899007, 0.2817381, -0.03000046
0.65846735, 0.0, -0.75258642
0.67421174, 0.73625109
0.0, 0.37629414, -0.03000046
0.0, 0.70708334, -0.70708334
0.83447778, 0.71839806
0.0, 0.2817381, -0.03000046
0.0, 0.0, -1.0
0.67430526, 0.71839806
0.00220989, 0.55848479, -0.01836506
0.29331338, 0.63023776, -0.71883297
0.95461738, 0.3247484
0.0, 0.37629414, -0.01835333
0.0, 0.0, -0.99996948
0.64585662, 0.31851363
0.0, 0.55848479, -0.01835333
0.0, 0.70827359, -0.7058931
0.95461738, 0.31851363
0.00539174, 0.55848479, -0.01521635
0.71568954, 0.63023776, -0.30085146
0.95461738, 0.33008528
0.00220989, 0.37629414, -0.01836506
0.37778863, 0.0, -0.92587054
0.64581645, 0.3247484
0.00541518, 0.55848479, -0.01073997
0.71880245, 0.63023776, 0.2933439
0.95461738, 0.33767247
0.00539174, 0.37629414, -0.01521635
0.9218421, 0.0, -0.38749352
0.64581639, 0.33008528
0.00226648, 0.55848479, -0.00755813
0.30082095, 0.63023776, 0.71572006
0.95461738, 0.34306538
0.00541518, 0.37629414, -0.01073997
0.92584002, 0.0, 0.37781915
0.64581639, 0.33767247
0.0, 0.55848479, -0.0075464
0.0, 0.70592362, 0.70824307
0.95461738, 0.34853792
0.00226648, 0.37629414, -0.00755813
0.387463, 0.0, 0.92187262
0.64581645, 0.34306538
0.0, 0.55848479, -0.0075464
0.0, 0.70592362, 0.70824307
0.98549354, 0.34341782
0.00541518, 0.55848479, -0.01073997
0.71880245, 0.63023776, 0.2933439
0.9749279, 0.33721918
0.0, 0.55848479, -0.01835333
0.0, 0.70827359, -0.7058931
0.98538363, 0.322442
0.00220989, 0.43607983, -0.02964142
0.37778863, 0.0, -0.92587054
0.74402416, 0.29079199
0.0, 0.37629414, -0.02962968
0.0, 0.0, -1.0
0.64269143, 0.28699839
0.0, 0.43607983, -0.02962968
0.0, 0.0, -1.0
0.74402416, 0.28699827
0.00539174, 0.43607983, -0.02649271
0.9218421, 0.0, -0.38749352
0.74402416, 0.29612875
0.00220989, 0.37629414, -0.02964142
0.37778863, 0.0, -0.92587054
0.64269143, 0.29079199
0.00541518, 0.43607983, -0.02201633
0.92584002, 0.0, 0.37781915
0.74402416, 0.30371594
0.00539174, 0.37629414, -0.02649271
0.9218421, 0.0, -0.38749352
0.64269137, 0.29612875
0.00226648, 0.43607983, -0.01883449
0.387463, 0.0, 0.92187262
0.74402416, 0.30910897
0.00541518, 0.37629414, -0.02201633
0.92584002, 0.0, 0.37781915
0.64269137, 0.30371594
0.0, 0.43607983, -0.0188228
0.0, 0.0, 0.99996948
0.74402416, 0.31290257
0.00226648, 0.37629414, -0.01883449
0.387463, 0.0, 0.92187262
0.64269143, 0.30910897
0.0, 0.37629414, -0.0116676
0.0, 1.0, 0.0
0.86074966, 0.75936846
0.01144696, 0.37629414, -0.0116676
0.70708334, 0.70708334, 0.0
0.83447778, 0.76732402
0.00539174, 0.44054702, -0.02649271
0.83846551, 0.34150213, -0.42463455
0.75472087, 0.29612875
0.00541518, 0.44718567, -0.01521635
0.86913663, 0.425367, -0.25220495
0.76597273, 0.31524146
0.00541518, 0.44054702, -0.01521635
0.99996948, 0.0, -0.00207526
0.75472081, 0.31524146
0.00220989, 0.44054702, -0.02964142
0.32303843, 0.44175541, -0.83693957
0.75472075, 0.29079199
0.00220989, 0.44718567, -0.01836506
0.26850185, 0.82979828, -0.48918119
0.76597273, 0.30990469
0.0, 0.44054702, -0.02962968
0.0, 0.49699393, -0.86773276
0.75472075, 0.28633106
0.0, 0.44718567, -0.01836506
0.0, 0.861507, -0.50770593
0.76942062, 0.30772364
0.00541518, 0.43607983, -0.01521635
0.99996948, 0.0, -0.00207526
0.74714917, 0.31524146
0.00539174, 0.43607983, -0.02649271
0.92245245, 0.0, -0.38602862
0.74714917, 0.29612875
0.00220989, 0.43607983, -0.02964142
0.37778863, 0.0, -0.92587054
0.74714917, 0.29079199
0.00899007, 0.24860108, 0.01244047
0.23218483, 0.40900907, 0.88247323
0.99022669, 0.86625776
0.0, 0.18702373, 0.0409801
0.0, -0.42188787, 0.90661335
0.88024938, 0.93083398
0.00899007, 0.18702373, 0.0409801
0.56898707, -0.34693441, 0.74553668
0.88585728, 0.9146305
0.00899007, 0.18035418, 0.01647324
0.65565968, -0.72850734, 0.19824824
0.87455279, 0.87309307
0.0, 0.18035418, 0.01647324
0.0, -0.96490371, 0.26258126
0.8644551, 0.88193737
0.00547423, 0.13277605, 0.03594354
0.8717612, -0.32517472, -0.36643574
0.42173132, 0.87902556
0.00547423, 0.13605259, 0.04044366
0.59682, 0.50285345, 0.6252327
0.42728469, 0.88665299
0.00547423, 0.10516191, 0.03799756
0.87420273, 0.26892909, -0.40421766
0.37492716, 0.88250701
0.00547423, 0.13609293, 0.01900572
0.75618762, -0.64210945, -0.12573627
0.4273532, 0.85031714
0.0, 0.13277605, 0.03594354
0.0, -0.66374707, -0.74794763
0.41648105, 0.87315652
0.0, 0.13609293, 0.01900572
0.0, -0.98135316, -0.19217506
0.42107072, 0.84916921
0.00547423, 0.14216387, 0.01869464
0.62132633, 0.75429547, 0.21195105
0.43764293, 0.84978987
0.0, 0.13605259, 0.04044366
0.0, 0.62672812, 0.7792291
0.43291679, 0.89405148
0.00547423, 0.10068822, 0.04249107
0.59154028, -0.45744193, 0.66389966
0.36734453, 0.89012317
0.0, 0.09406221, 0.02153865
0.0, -0.95342875, 0.30149236
0.34391746, 0.85913405
0.00547423, 0.09406221, 0.02153865
0.64638203, -0.72746968, 0.23004852
0.35611397, 0.85461028
0.00539174, 0.55111974, -0.03597661
0.68672752, 0.61021757, -0.39494002
0.94213426, 0.28083551
0.00539174, 0.54059225, -0.01521635
0.8328501, -0.55345315, 0.0
0.9242909, 0.31602275
0.00539174, 0.54059225, -0.03597661
0.68672752, -0.61021757, -0.39494002
0.9242909, 0.28083551
0.0, 0.55111974, -0.03911363
0.0, 0.60948515, -0.79274881
0.94213426, 0.27551842
0.0, 0.10068822, 0.04249107
0.0, -0.56736958, 0.82341993
0.3626653, 0.89938576
0.00547423, 0.09954134, 0.02117494
0.75826287, 0.61833555, -0.20657979
0.3654007, 0.85399379
0.0, 0.10516191, 0.03799756
0.0, 0.55388045, -0.83257544
0.38002962, 0.87561706
0.0, 0.54059225, -0.01835333
0.0, -1.0, 0.0
0.90955579, 0.31602275
0.0, 0.54059225, -0.03911363
0.0, -0.60948515, -0.79274881
0.9242909, 0.27551842
0.0, 0.55111974, -0.01835333
0.0, 1.0, 0.0
0.95772505, 0.31602275
0.00539174, 0.55111974, -0.01521635
0.8328501, 0.55345315, 0.0
0.94213426, 0.31602275
0.00226641, 0.47551927, 0.01158165
0.90450758, -0.30149236, 0.30149236
0.81399643, 0.38584125
0.00226648, 0.37629414, -0.0016152
0.88415176, 0.0, -0.46714681
0.64581645, 0.36347353
0.00226635, 0.51034677, -0.0016152
0.90450758, -0.30149236, -0.30149236
0.87302673, 0.36347365
0.00226641, 0.48537883, 0.00918022
0.90450758, 0.30149236, 0.30149236
0.83070755, 0.38177097
0.0, 0.52339476, 0.00918022
0.0, 0.70708334, 0.70708334
0.89791119, 0.38443649
0.0, 0.48537883, 0.00918022
0.0, 0.70708334, 0.70708334
0.83441687, 0.38626158
0.0, 0.51034677, -0.0075464
0.0, -1.0, 0.0
0.87079072, 0.35331249
0.00226648, 0.51034677, -0.0075464
0.70708334, -0.70708334, 0.0
0.87302661, 0.3534205
0.0, 0.48537883, 0.02637505
0.0, 0.70708334, 0.70708334
0.83327651, 0.41390979
0.00226641, 0.48537883, 0.02637505
0.57734919, 0.57734919, 0.57734919
0.83070755, 0.41091514
0.0, 0.3982251, 0.01158164
0.0, -0.0209357, 0.99975586
0.68290043, 0.3892988
0.00226645, 0.3982251, 0.01158164
0.70241404, -0.01489303, 0.71160007
0.68298799, 0.38584125
0.00226648, 0.52339476, -0.0075464
0.70708334, 0.70708334, 0.0
0.89514208, 0.3534205
0.00226648, 0.52339476, 0.00918022
0.57734919, 0.57731867, 0.57734919
0.89514208, 0.38177097
0.0, 0.27864558, -0.03000046
0.0, 0.10303049, -0.99465925
0.67448115, 0.64383349
0.00541633, 0.23744068, -0.03426909
0.0, 0.10303049, -0.99465925
0.59883577, 0.65372416
0.0, 0.23744068, -0.03426909
0.0, 0.10303049, -0.99465925
0.59883577, 0.64383358
0.0, 0.47551927, 0.02637505
0.0, -0.70708334, 0.70708334
0.81050169, 0.41515064
0.00226641, 0.47551927, 0.02637505
0.57734919, -0.57734919, 0.57734919
0.81399643, 0.41091514
0.0, 0.51034677, -0.0016152
0.0, -0.70708334, -0.70708334
0.87031591, 0.36043704
0.0, 0.47551927, 0.01158165
0.0, -0.70708334, 0.70708334
0.81006789, 0.38921034
0.0, 0.31846556, 0.00823493
0.0, -0.04190191, 0.99911499
0.54764974, 0.38408232
0.00226648, 0.31846556, 0.00823493
0.13290811, -0.04153569, 0.99023408
0.54780108, 0.3801688
-0.01144696, 0.08259214, 0.02254101
-0.75911742, 0.17783135, 0.6261788
0.33667287, 0.4617542
0.0, 0.02933034, 0.05125608
0.0, 0.17123936, 0.9851985
0.25054714, 0.39650059
0.0, 0.08259214, 0.02254101
0.0, 0.27317119, 0.96194339
0.33667287, 0.44233203
-0.01144696, 0.37629414, -0.00060344
-0.58821374, 0.62450027, 0.51374859
0.83447778, 0.78607701
-0.01144696, 0.33401343, 0.00770136
-0.69222081, 0.0910062, 0.71590322
0.76281482, 0.48690641
-0.01144696, 0.08259214, -0.0116676
-0.84813988, -0.41853085, -0.32474747
0.33667287, 0.51973546
0.0, 0.33401334, 0.00770136
0.0, 0.12610248, 0.99200416
0.76281482, 0.46462131
-0.01144696, 0.04692985, 0.00500567
-0.78960538, -0.06146428, -0.61049229
0.27622777, 0.49147546
-0.01144696, 0.02933034, 0.05125608
-0.64226204, 0.13122959, 0.75515002
0.24639773, 0.41308415
0.0, 0.08259214, -0.0116676
0.0, -0.84365368, -0.53685111
0.32104343, 0.59319285
-0.00899007, 0.08259214, -0.03000046
-0.53416544, -0.58467358, -0.61055332
0.33667287, 0.61282015
0.0, 0.08259214, -0.03000046
0.0, -0.70708334, -0.70708334
0.33667287, 0.63067317
0.0, 0.08259214, -0.0116676
0.0, -0.84365368, -0.53685111
0.32104343, 0.5311811
0.0, 0.01237172, 0.0486884
0.0, 0.05740532, 0.99832147
0.21765405, 0.39518881
-0.01144696, 0.01515048, -0.00265662
-0.67665637, 0.06979583, -0.73296303
0.22236407, 0.50446248
-0.01144696, 0.01237172, 0.0486884
-0.75658435, 0.03753777, 0.6527909
0.21765405, 0.41743624
0.0, 0.04692985, 0.00500567
0.0, -0.10019226, -0.99496442
0.27546141, 0.51006359
-0.01144696, -0.10351208, 0.00288774
-0.57280189, -0.63002414, -0.52433848
0.02123892, 0.49506521
0.0, -0.09332296, 0.07739007
0.0, -0.55207986, 0.83376569
0.03850901, 0.34047031
-0.01144696, -0.09332296, 0.07739007
-0.5708487, -0.4532609, 0.68456066
0.03850901, 0.36878884
0.0, 0.01515048, -0.00265662
0.0, 0.09479049, -0.99548328
0.22236407, 0.52689451
-0.01144696, 0.08259214, -0.0116676
-0.84813988, -0.41853085, -0.32474747
0.33667287, 0.5817472
-0.00899007, 0.1512996, -0.03000046
-0.65846735, 0.0, -0.75258642
0.45312735, 0.61282015
0.0, 0.1512996, -0.03000046
0.0, 0.0, -0.99996948
0.45312735, 0.63067317
-0.01144696, 0.1512996, -0.0116676
-0.99111909, 0.0, -0.13281655
0.45312735, 0.5817472
-0.00899007, 0.23706737, -0.03000046
-0.65846735, 0.0, -0.75258642
0.59849799, 0.61282015
0.0, 0.23706737, -0.03000046
0.0, 0.0, -1.0
0.59861189, 0.63067317
-0.01144696, 0.23706737, -0.0116676
-0.99111909, 0.0, -0.13281655
0.59849799, 0.5817472
-0.00899007, 0.2817381, -0.03000046
-0.65846735, 0.0, -0.75258642
0.67421174, 0.61282015
0.0, 0.2817381, -0.03000046
0.0, 0.0, -1.0
0.67430526, 0.63067317
-0.01144696, 0.2817381, -0.0116676
-0.99111909, 0.0, -0.13281655
0.67421174, 0.51973546
-0.00899007, 0.37629414, -0.03000046
-0.53416544, 0.58467358, -0.61055332
0.83447778, 0.55080843
-0.00899007, 0.2817381, -0.03000046
-0.65846735, 0.0, -0.75258642
0.67421174, 0.55080843
0.0, 0.37629414, -0.03000046
0.0, 0.70708334, -0.70708334
0.83447778, 0.56866145
0.0, 0.2817381, -0.03000046
0.0, 0.0, -1.0
0.67430526, 0.56866145
-0.00220989, 0.55848479, -0.01836506
-0.29331338, 0.63023776, -0.71883297
0.95461738, 0.3247484
-0.00220989, 0.37629414, -0.01836506
-0.37778863, 0.0, -0.92587054
0.64581645, 0.3247484
-0.00539174, 0.55848479, -0.01521635
-0.71568954, 0.63023776, -0.30085146
0.95461738, 0.33008528
-0.00539174, 0.37629414, -0.01521635
-0.9218421, 0.0, -0.38749352
0.64581639, 0.33008528
-0.00541518, 0.55848479, -0.01073997
-0.71880245, 0.63023776, 0.2933439
0.95461738, 0.33767247
-0.00541518, 0.37629414, -0.01073997
-0.92584002, 0.0, 0.37781915
0.64581639, 0.33767247
-0.00226648, 0.55848479, -0.00755813
-0.30082095, 0.63023776, 0.71572006
0.95461738, 0.34306538
-0.00226648, 0.37629414, -0.00755813
-0.387463, 0.0, 0.92187262
0.64581645, 0.34306538
-0.00539174, 0.55848479, -0.01521635
-0.71568954, 0.63023776, -0.30085146
0.99590373, 0.32853073
-0.00541518, 0.55848479, -0.01073997
-0.71880245, 0.63023776, 0.2933439
0.99594927, 0.33721918
-0.00220989, 0.43607983, -0.02964142
-0.37778863, 0.0, -0.92587054
0.74402416, 0.29079199
-0.00220989, 0.37629414, -0.02964142
-0.37778863, 0.0, -0.92587054
0.64269143, 0.29079199
-0.00539174, 0.43607983, -0.02649271
-0.9218421, 0.0, -0.38749352
0.74402416, 0.29612875
-0.00539174, 0.37629414, -0.02649271
-0.9218421, 0.0, -0.38749352
0.64269137, 0.29612875
-0.00541518, 0.43607983, -0.02201633
-0.92584002, 0.0, 0.37781915
0.74402416, 0.30371594
-0.00541518, 0.37629414, -0.02201633
-0.92584002, 0.0, 0.37781915
0.64269137, 0.30371594
-0.00226648, 0.43607983, -0.01883449
-0.387463, 0.0, 0.92187262
0.74402416, 0.30910897
-0.00226648, 0.37629414, -0.01883449
-0.387463, 0.0, 0.92187262
0.64269143, 0.30910897
-0.00899007, 0.37629414, -0.03000046
-0.53416544, 0.58467358, -0.61055332
0.83447778, 0.73625109
0.0, 0.37629414, -0.00060344
0.0, 0.77224034, 0.6353038
0.83447778, 0.48675644
-0.01144696, 0.37629414, -0.00060344
-0.58821374, 0.62450027, 0.51374859
0.83447778, 0.50098246
-0.01144696, 0.33401334, -0.0116676
-1.0, 0.0, 0.0
0.76281482, 0.51973546
-0.00539174, 0.44054702, -0.02649271
-0.83846551, 0.34150213, -0.42463455
0.75472087, 0.29612875
-0.00541518, 0.44054702, -0.01521635
-0.99996948, 0.0, -0.00207526
0.75472081, 0.31524146
-0.00541518, 0.44718567, -0.01521635
-0.86913663, 0.425367, -0.25220495
0.76597273, 0.31524146
-0.00220989, 0.44054702, -0.02964142
-0.32303843, 0.44175541, -0.83693957
0.75472075, 0.29079199
-0.00220989, 0.44718567, -0.01836506
-0.26850185, 0.82979828, -0.48918119
0.76597273, 0.30990469
-0.00541518, 0.43607983, -0.01521635
-0.99996948, 0.0, -0.00207526
0.74714917, 0.31524146
-0.00539174, 0.43607983, -0.02649271
-0.92245245, 0.0, -0.38602862
0.74714917, 0.29612875
-0.00220989, 0.43607983, -0.02964142
-0.37778863, 0.0, -0.92587054
0.74714917, 0.29079199
-0.00899007, 0.24860108, 0.01244047
-0.23218483, 0.40900907, 0.88247323
0.99022669, 0.86625773
-0.00899007, 0.18702373, 0.0409801
-0.56898707, -0.34693441, 0.74553668
0.88585728, 0.91463047
-0.00899007, 0.18035418, 0.01647324
-0.65565968, -0.72850734, 0.19824824
0.87455279, 0.87309307
-0.00547423, 0.10068822, 0.04249107
-0.59154028, -0.45744193, 0.66389966
0.36734453, 0.3969363
-0.00547423, 0.13605259, 0.04044366
-0.59682, 0.50285345, 0.6252327
0.42728469, 0.40040648
-0.00547423, 0.10516191, 0.03799756
-0.87420273, 0.26892909, -0.40421766
0.37492716, 0.40455246
-0.00547423, 0.13609293, 0.01900572
-0.75618762, -0.64210945, -0.12573627
0.4273532, 0.43674242
0.0, 0.13277605, 0.03594354
0.0, -0.66374707, -0.74794763
0.41648105, 0.413903
-0.00547423, 0.13277605, 0.03594354
-0.8717612, -0.32517472, -0.36643574
0.42173132, 0.40803397
0.0, 0.13605259, 0.04044366
0.0, 0.62672812, 0.7792291
0.43291679, 0.39300811
-0.00547423, 0.14216387, 0.01869464
-0.62132633, 0.75429547, 0.21195105
0.43764293, 0.43726969
0.0, 0.09406221, 0.02153865
0.0, -0.95342875, 0.30149236
0.34391746, 0.42792547
-0.00547423, 0.09406221, 0.02153865
-0.64638203, -0.72746968, 0.23004852
0.35611397, 0.43244922
-0.00539174, 0.54059225, -0.01521635
-0.8328501, -0.55345315, 0.0
0.9242909, 0.31602275
-0.00539174, 0.55111974, -0.03597661
-0.68672752, 0.61021757, -0.39494002
0.94213426, 0.28083551
-0.00539174, 0.54059225, -0.03597661
-0.68672752, -0.61021757, -0.39494002
0.9242909, 0.28083551
0.0, 0.10068822, 0.04249107
0.0, -0.56736958, 0.82341993
0.3626653, 0.38767374
0.0, 0.10516191, 0.03799756
0.0, 0.55388045, -0.83257544
0.38002962, 0.41144252
-0.00547423, 0.09954134, 0.02117494
-0.75826287, 0.61833555, -0.20657979
0.3654007, 0.43306577
-0.00539174, 0.55111974, -0.01521635
-0.8328501, 0.55345315, 0.0
0.94213426, 0.31602275
-0.00226635, 0.51034677, -0.0016152
-0.90450758, -0.30149236, -0.30149236
0.87302673, 0.36347365
-0.00226641, 0.48537883, 0.00918022
-0.90450758, 0.30149236, 0.30149236
0.83070755, 0.38177097
-0.00226648, 0.52339476, 0.00918022
-0.57734919, 0.57731867, 0.57734919
0.89514208, 0.38177097
-0.00226648, 0.51034677, -0.0075464
-0.70708334, -0.70708334, 0.0
0.87302661, 0.3534205
-0.00226641, 0.48537883, 0.02637505
-0.57734919, 0.57734919, 0.57734919
0.83070755, 0.41091514
-0.00226641, 0.47551927, 0.01158165
-0.90450758, -0.30149236, 0.30149236
0.81399643, 0.38584125
-0.00226645, 0.3982251, 0.01158164
-0.70241404, -0.01489303, 0.71160007
0.68298799, 0.38584125
-0.00226648, 0.52339476, -0.0075464
-0.70708334, 0.70708334, 0.0
0.89514208, 0.3534205
-0.00541633, 0.23744068, -0.03426909
0.0, 0.10303049, -0.99465925
0.59883577, 0.63333532
0.0, 0.27864558, -0.03000046
0.0, 0.10303049, -0.99465925
0.67448115, 0.643226
0.0, 0.23744068, -0.03426909
0.0, 0.10303049, -0.99465925
0.59883577, 0.64322591
-0.00226641, 0.47551927, 0.02637505
-0.57734919, -0.57734919, 0.57734919
0.81399643, 0.41091514
-0.00226648, 0.37629414, -0.0016152
-0.88415176, 0.0, -0.46714681
0.64581645, 0.36347353
-0.00226648, 0.31846556, 0.00823493
-0.13290811, -0.04153569, 0.99023408
0.54780108, 0.3801688
0.0, -0.10351208, 0.00288774
0.0, -0.76860869, -0.63966799
0.01531102, 0.77521203
0.01144696, 0.2817381, -0.0116676
0.99111909, 0.0, -0.13281655
0.67421174, 0.70531228
0.0, 0.37629414, -0.0075464
0.0, 0.0, 0.99996948
0.6458075, 0.34853792
0.00220989, 0.55848479, -0.01836506
0.29331338, 0.63023776, -0.71883297
0.98114932, 0.32241923
0.00539174, 0.55848479, -0.01521635
0.71568954, 0.63023776, -0.30085146
0.97497344, 0.32853073
0.00226648, 0.55848479, -0.00755813
0.30082095, 0.63023776, 0.71572006
0.9810394, 0.34339511
0.0, 0.37629414, -0.0188228
0.0, 0.0, 1.0
0.64269143, 0.31290257
0.0, 0.43607983, -0.02962968
0.0, 0.0, -1.0
0.74714917, 0.28633106
0.0, 0.24860108, 0.01244047
0.0, 0.42048404, 0.9072848
0.99022669, 0.88168783
0.0, 0.14216387, 0.01869464
0.0, 0.96270639, 0.27048555
0.44751129, 0.85332634
0.0, 0.09954134, 0.02117494
0.0, 0.94845426, -0.31687367
0.37276635, 0.85175206
0.0, 0.52339476, -0.0075464
0.0, 1.0, 0.0
0.89936984, 0.35362065
0.00541633, 0.27864558, -0.03000046
0.0, 0.10303049, -0.99465925
0.67448115, 0.65372416
0.0, 0.37629414, -0.0016152
0.0, 0.0, -1.0
0.64583117, 0.35955513
-0.01144696, 0.37629414, -0.0116676
-0.70708334, 0.70708334, 0.0
0.83447778, 0.76732402
0.0, -0.10351208, 0.00288774
0.0, -0.76860869, -0.63966799
0.015311, 0.51184744
-0.01144696, 0.2817381, -0.0116676
-0.99111909, 0.0, -0.13281655
0.67421174, 0.5817472
-0.01144696, 0.37629414, -0.0116676
-0.73113191, 0.67513049, -0.09796441
0.83447778, 0.51973546
-0.00220989, 0.55848479, -0.01836506
-0.29331338, 0.63023776, -0.71883297
0.98972785, 0.32241923
-0.00226648, 0.55848479, -0.00755813
-0.30082095, 0.63023776, 0.71572006
0.98983777, 0.34339511
0.0, 0.13609293, 0.01900572
0.0, -0.98135316, -0.19217506
0.42107072, 0.43789029
0.0, 0.14216387, 0.01869464
0.0, 0.96270639, 0.27048555
0.44751129, 0.43373322
0.0, 0.09954134, 0.02117494
0.0, 0.94845426, -0.31687367
0.37276635, 0.4353075
-0.00541633, 0.27864558, -0.03000046
0.0, 0.10303049, -0.99465925
0.67448115, 0.63333532
# Number of Faces:
290
# Face Data:
0, 1, 2
3, 4, 5
6, 7, 8
9, 1, 6
1, 10, 7
11, 12, 13
10, 14, 7
15, 16, 0
16, 17, 10
17, 18, 10
19, 20, 21
20, 22, 17
23, 20, 17
19, 23, 15
24, 13, 12
25, 12, 26
27, 28, 24
29, 24, 25
30, 31, 27
32, 27, 29
33, 34, 35
36, 35, 37
38, 39, 40
41, 42, 38
43, 44, 41
45, 46, 43
47, 48, 45
49, 50, 51
52, 53, 54
55, 56, 52
57, 58, 55
59, 60, 57
61, 62, 59
63, 33, 36
5, 6, 3
3, 8, 64
65, 66, 67
68, 69, 65
65, 69, 66
69, 70, 71
72, 65, 67
73, 68, 65
74, 70, 68
75, 76, 77
78, 75, 77
77, 79, 78
80, 81, 82
83, 84, 85
86, 87, 81
88, 89, 90
91, 92, 93
82, 84, 80
93, 94, 91
81, 95, 88
96, 97, 82
93, 98, 99
91, 100, 101
102, 103, 104
105, 106, 107
104, 108, 109
105, 110, 111
102, 112, 113
114, 106, 115
116, 117, 118
111, 119, 120
103, 121, 104
120, 122, 102
113, 123, 124
125, 126, 127
4, 128, 5
129, 130, 125
131, 125, 127
125, 132, 133
134, 135, 136
137, 132, 130
133, 138, 126
133, 139, 140
141, 139, 132
142, 143, 144
145, 142, 139
140, 142, 144
140, 143, 138
146, 147, 135
135, 148, 136
149, 150, 147
147, 151, 148
152, 153, 150
150, 154, 151
155, 156, 157
157, 158, 159
39, 160, 40
161, 162, 160
163, 164, 162
165, 166, 164
167, 47, 166
168, 169, 51
53, 170, 54
171, 172, 170
173, 174, 172
175, 176, 174
177, 61, 176
178, 63, 36
179, 129, 131
180, 181, 129
182, 183, 184
185, 182, 186
182, 184, 186
70, 186, 71
182, 187, 183
185, 188, 182
70, 189, 185
76, 190, 191
192, 191, 190
79, 191, 192
193, 194, 195
196, 197, 198
199, 200, 194
201, 193, 202
203, 204, 205
197, 195, 198
94, 205, 204
206, 194, 193
207, 208, 195
205, 98, 203
100, 204, 209
210, 211, 212
211, 106, 212
108, 210, 213
110, 211, 214
112, 215, 216
106, 217, 212
218, 219, 220
119, 214, 221
121, 222, 210
122, 221, 215
123, 216, 223
0, 16, 1
3, 64, 4
6, 1, 7
9, 2, 1
1, 16, 10
11, 26, 12
10, 18, 14
15, 23, 16
16, 23, 17
17, 22, 18
19, 224, 20
20, 224, 22
23, 21, 20
19, 21, 23
24, 28, 13
25, 24, 12
27, 31, 28
29, 27, 24
30, 225, 31
32, 30, 27
33, 64, 34
36, 33, 35
38, 42, 39
41, 44, 42
43, 46, 44
45, 48, 46
47, 226, 48
227, 51, 228
49, 229, 50
50, 228, 51
52, 56, 53
55, 58, 56
57, 60, 58
59, 62, 60
61, 230, 62
63, 64, 33
5, 9, 6
3, 6, 8
69, 68, 70
72, 73, 65
73, 74, 68
74, 231, 70
75, 232, 76
77, 76, 79
88, 90, 82
90, 96, 82
83, 86, 80
88, 82, 81
80, 86, 81
83, 80, 84
86, 233, 87
88, 95, 89
91, 101, 92
82, 97, 84
93, 99, 94
81, 87, 95
96, 234, 97
93, 92, 98
91, 94, 100
104, 109, 114
105, 111, 102
102, 113, 103
111, 120, 102
104, 114, 115
124, 103, 113
105, 102, 104
104, 115, 105
105, 115, 106
104, 121, 108
105, 107, 110
102, 122, 112
114, 235, 106
116, 236, 117
111, 110, 119
103, 237, 121
120, 119, 122
113, 112, 123
125, 133, 126
4, 238, 128
129, 181, 130
131, 129, 125
125, 130, 132
134, 146, 135
137, 141, 132
133, 140, 138
133, 132, 139
141, 145, 139
142, 239, 143
145, 239, 142
140, 139, 142
140, 144, 143
146, 149, 147
135, 147, 148
149, 152, 150
147, 150, 151
152, 240, 153
150, 153, 154
155, 241, 156
157, 156, 158
39, 161, 160
161, 163, 162
163, 165, 164
165, 167, 166
167, 226, 47
49, 51, 169
242, 168, 51
169, 243, 49
53, 171, 170
171, 173, 172
173, 175, 174
175, 177, 176
177, 230, 61
178, 238, 63
179, 180, 129
180, 241, 181
70, 185, 186
182, 188, 187
185, 189, 188
70, 231, 189
76, 232, 190
79, 76, 191
208, 202, 195
194, 200, 198
200, 196, 198
195, 202, 193
194, 198, 195
196, 244, 197
199, 245, 200
201, 206, 193
203, 209, 204
197, 207, 195
94, 99, 205
206, 199, 194
207, 246, 208
205, 99, 98
100, 94, 204
217, 213, 210
210, 222, 215
223, 216, 222
215, 221, 214
215, 214, 211
222, 216, 215
212, 217, 210
210, 215, 211
211, 107, 106
108, 121, 210
110, 107, 211
112, 122, 215
106, 235, 217
218, 247, 219
119, 110, 214
121, 237, 222
122, 119, 221
123, 112, 216
