# Project Zomboid Skinned Mesh
# File Version:
1.0
# Model Name:
Cube
# Vertex Stride Element Count:
3
# Vertex Stride Size (in bytes):
76
# Vertex Stride Data:
# (Int)    Offset
# (String) Type
0
VertexArray
12
NormalArray
24
TextureCoordArray
# Vertex Count:
306
# Vertex Buffer:
0.01091429, 0.13233404, -0.00571978
0.90450758, 0.30149236, -0.30149236
0.37935916, 0.30699128
0.0, 0.13233404, -0.01624689
0.0, 0.70708334, -0.70708334
0.37935916, 0.34172028
0.0, 0.13233404, -0.00571978
0.0, 0.70708334, -0.70708334
0.37935916, 0.32304591
0.01091429, 0.01226515, 0.0114111
0.57734919, -0.57734919, 0.57734919
0.16291261, 0.72390583
0.01091429, 0.01803703, -0.01624689
0.63908809, -0.25675222, -0.72496718
0.17331755, 0.67404714
0.01091429, 0.13233404, 0.0114111
0.70708334, 0.0, 0.70708334
0.37935916, 0.72390583
0.0, 0.01226515, 0.0114111
0.0, -0.70708334, 0.70708334
0.16291261, 0.74495396
0.0, 0.13233404, 0.0114111
0.0, 0.0, 1.0
0.37935916, 0.74495396
0.0, 0.13233404, -0.01624689
0.0, 0.70708334, -0.70708334
0.37935916, 0.65829518
0.01091429, 0.13233404, -0.01624689
0.57734919, 0.57734919, -0.57734919
0.37935916, 0.67404714
0.0, 0.01226515, -0.01157202
0.0, -0.90258491, -0.43046358
0.16291261, 0.66716036
0.01091429, 0.01226515, -0.01157202
0.62181461, -0.70686972, -0.33710745
0.16291261, 0.6824744
0.0, 0.19293679, -0.00571978
0.0, 0.70708334, -0.70708334
0.48860657, 0.67696956
0.01091429, 0.13233404, -0.00571978
0.90450758, 0.30149236, -0.30149236
0.37935916, 0.69302419
0.0, 0.13233404, -0.00571978
0.0, 0.70708334, -0.70708334
0.37935916, 0.67696956
0.01091429, 0.19293679, 0.0114111
0.57734919, 0.57734919, 0.57734919
0.48860657, 0.27610964
0.0, 0.19293679, -0.00571978
0.0, 0.70708334, -0.70708334
0.48860657, 0.32304591
0.0, 0.19293679, 0.0114111
0.0, 0.70708334, 0.70708334
0.48860657, 0.25506157
0.01091429, 0.19293679, -0.00571978
0.57734919, 0.57734919, -0.57734919
0.48860657, 0.69302419
0.01091429, 0.19293679, 0.0114111
0.57734919, 0.57734919, 0.57734919
0.48860657, 0.72390583
0.0, 0.4459908, -0.01074702
0.0, 0.70708334, -0.70708334
0.50080782, 0.51286519
0.00340028, 0.42441964, -0.01074702
0.37275308, -0.22602008, -0.89996034
0.4619213, 0.51830637
0.0, 0.42441964, -0.01074702
0.0, -0.22302927, -0.97479171
0.46190903, 0.51286519
0.00482992, 0.41742206, -0.00453864
0.89376509, -0.25315103, -0.37018952
0.44930705, 0.52949804
0.00200062, 0.35795605, -0.00736793
0.38261056, 0.01519822, -0.92376477
0.34210852, 0.52439785
0.00200062, 0.41742206, -0.00736793
0.37018952, -0.25315103, -0.89376509
0.44930705, 0.52439785
0.00482991, 0.41742206, -0.0005374
0.89376509, -0.25315103, 0.37018952
0.44930711, 0.5367111
0.00340028, 0.42441946, 0.00567098
0.37275308, -0.22602008, 0.89996034
0.46192119, 0.54790285
0.00200062, 0.41742206, 0.00229189
0.37018952, -0.25315103, 0.89376509
0.44930699, 0.54181144
0.00482991, 0.35795605, -0.00453863
0.92376477, 0.01519822, -0.38261056
0.34210852, 0.5294981
0.0, 0.41742206, -0.00736793
0.0, -0.22302927, -0.97479171
0.44931212, 0.52073061
0.00482991, 0.35795605, -0.0005374
0.92376477, 0.01519822, 0.38261056
0.34210852, 0.5367111
0.00340028, 0.4459908, -0.01074702
0.29709768, 0.63026828, -0.717246
0.50080782, 0.51830637
0.00820901, 0.42441964, -0.00593831
0.89996034, -0.22602008, -0.37275308
0.4619213, 0.52697492
0.008209, 0.42441964, 0.00086227
0.89996034, -0.22602008, 0.37275308
0.4619213, 0.53923428
0.00340028, 0.4459908, 0.00567098
0.29709768, 0.63026828, 0.717246
0.5008077, 0.54790285
0.0, 0.35795605, -0.00736793
0.0, 0.01397748, -0.99987793
0.3421748, 0.5208981
0.00820901, 0.4459908, -0.00593831
0.71727651, 0.63023776, -0.29709768
0.50080782, 0.52697492
0.0, 0.19293679, 0.00514346
0.0, 0.0, 1.0
0.04463394, 0.55271393
0.00318177, 0.25608337, 0.00514346
0.38261056, 0.01507614, 0.92376477
0.15846403, 0.54695192
0.0, 0.25608337, 0.00514346
0.0, 0.01397748, 0.99987793
0.15846403, 0.55266905
0.00768148, 0.25608337, 0.00064376
0.92376477, 0.01507614, 0.38261056
0.15846403, 0.53884032
0.00768148, 0.25608337, -0.00571978
0.92376477, 0.01507614, -0.38261056
0.15846403, 0.5273689
0.00200061, 0.35795605, 0.0022919
0.38261056, 0.01519822, 0.92376477
0.34210852, 0.54181144
0.0, 0.35795605, 0.0022919
0.0, 0.01397748, 0.99987793
0.34217343, 0.5454005
0.00768148, 0.19293679, 0.00064376
0.92385632, 0.0, 0.38267159
0.04463043, 0.53884032
0.00768148, 0.24823172, -0.00571978
0.83571887, -0.1543321, -0.52699363
0.14430977, 0.5273689
0.00318177, 0.19293679, 0.00514346
0.38267159, 0.0, 0.92385632
0.04463043, 0.54695192
0.00318177, 0.25608337, -0.01021949
0.38261056, 0.01507614, -0.92376477
0.15846403, 0.51925731
0.0, 0.24823172, -0.00571978
0.0, -0.70711386, -0.70708334
0.14430977, 0.52053213
0.00318177, 0.24823157, -0.01021949
0.29709768, -0.63026828, -0.717246
0.14430977, 0.51925731
0.0, 0.25608337, -0.01021949
0.0, 0.01397748, -0.99987793
0.15828098, 0.51333225
0.0, 0.19293679, -0.00571978
0.0, 0.0, -1.0
0.04473676, 0.52047437
0.00768148, 0.19293679, -0.00571978
0.70708334, 0.0, -0.70708334
0.04463043, 0.5273689
0.0, 0.42441964, 0.00567098
0.0, -0.22302927, 0.97479171
0.46192119, 0.55340248
0.0, 0.41742206, 0.00229189
0.0, -0.22302927, 0.97479171
0.44930699, 0.54545251
0.0, 0.4459908, 0.00567098
0.0, 0.70708334, 0.70708334
0.54086059, 0.54569983
0.008209, 0.4459908, 0.00086227
0.71727651, 0.63023776, 0.29709768
0.52606231, 0.53703117
0.00820901, 0.4459908, -0.00593831
0.71727651, 0.63023776, -0.29709768
0.52606231, 0.52477193
0.01515141, 0.24660178, -0.00571978
0.19595934, 0.73134553, 0.65321815
0.94747376, 0.66462767
0.0, 0.24660178, -0.02602783
0.0, 0.70708334, -0.70708334
0.96218896, 0.62801868
0.0, 0.24660178, -0.00571978
0.0, 0.70708334, 0.70708334
0.96218896, 0.66462767
0.04139442, 0.23145048, -0.00571978
0.5353862, 0.5353862, 0.65321815
0.92016053, 0.66462767
0.01515141, 0.24660178, -0.02602783
0.19595934, 0.73134553, -0.65321815
0.94747376, 0.62801868
0.0565458, 0.20520745, -0.00571978
0.73134553, 0.19595934, 0.65321815
0.87285256, 0.66462767
0.04139442, 0.23145048, -0.02602783
0.5353862, 0.5353862, -0.65321815
0.92016053, 0.62801868
0.05654582, 0.17490463, -0.00571978
0.73134553, -0.19595934, 0.65321815
0.81822622, 0.66462767
0.0565458, 0.20520745, -0.02602783
0.73134553, 0.19595934, -0.65321815
0.87285256, 0.62801868
0.04139442, 0.14866163, -0.00571978
0.5353862, -0.5353862, 0.65321815
0.77091837, 0.66462767
0.05654582, 0.17490463, -0.02602783
0.73134553, -0.19595934, -0.65321815
0.81822622, 0.62801868
0.01515141, 0.1335101, -0.00571978
0.19595934, -0.73134553, 0.65321815
0.74360514, 0.66462767
0.04139442, 0.14866163, -0.02602783
0.5353862, -0.5353862, -0.65321815
0.77091837, 0.62801868
0.0, 0.1335101, -0.00571978
0.0, -0.70708334, 0.70708334
0.73050368, 0.66462767
0.05654582, 0.17490463, -0.02602783
0.73134553, -0.19595934, -0.65321815
0.76019168, 0.53719676
0.0, 0.1335101, -0.02602783
0.0, -0.70708334, -0.70708334
0.86212587, 0.61181787
0.0, 0.24660178, -0.02602783
0.0, 0.70708334, -0.70708334
0.86212587, 0.40794933
0.01515141, 0.1335101, -0.02602783
0.19595934, -0.73134553, -0.65321815
0.74360514, 0.62801868
0.01091429, -0.00168652, 0.02249691
0.74633014, 0.1701712, 0.64342171
0.29869962, 0.87095442
0.01091429, 0.00372436, -0.00776432
0.74318671, -0.17578661, -0.64555806
0.30845389, 0.81640294
0.01091429, 0.01226515, 0.0114111
1.0, 0.0, 0.0
0.3238501, 0.85097024
0.0, 0.01226515, 0.0114111
0.0, -0.70708334, 0.70708334
0.16291261, 0.25506157
0.01091429, 0.01226515, -0.01157202
0.62181461, -0.70686972, -0.33710745
0.16291261, 0.31754106
0.01091429, 0.01226515, 0.0114111
0.57734919, -0.57734919, 0.57734919
0.16291261, 0.27610964
0.01091429, 0.06965778, 0.02850907
0.88247323, -0.46510208, 0.06976531
0.427311, 0.88179246
0.0, 0.05683187, 0.01708596
0.0, -0.31235695, 0.94994962
0.39783156, 0.87490091
0.0109143, 0.05683187, 0.01708596
0.80867946, -0.18372142, 0.55876338
0.40418991, 0.86120018
0.01091428, 0.10262408, 0.03572367
0.65773493, 0.7320475, 0.17731254
0.48673892, 0.89479807
0.0, 0.07807488, 0.08342016
0.0, 0.34699544, 0.93783379
0.45033848, 0.9999899
0.01091429, 0.07807488, 0.08342016
0.58214056, 0.28214362, 0.76253545
0.44248426, 0.98077986
0.0109143, -0.13836303, 0.00826813
0.57594532, -0.64595479, -0.5009613
0.05231485, 0.8453044
0.0, 0.00372436, -0.00776432
0.0, -0.26273385, -0.96484268
0.30845389, 0.8003588
0.0, -0.00168652, 0.02249691
0.0, 0.25568408, 0.96673483
0.30416903, 0.88858166
0.0, 0.04460707, 0.06979259
0.0, -0.94943082, 0.31394389
0.35924318, 0.9646261
0.01091429, 0.04460707, 0.06979259
0.56944489, -0.78044987, 0.25806451
0.3821525, 0.95621362
0.0, 0.01226515, -0.01157202
0.0, -0.40717795, -0.91332746
0.3238501, 0.79380617
0.01091429, 0.01226515, -0.01157202
0.59117407, -0.32840967, -0.73662525
0.3238501, 0.80953881
0.0, -0.12834278, 0.07981286
0.0, -0.48234504, 0.87597275
0.07037824, 0.99536452
0.0109143, -0.12834278, 0.07981286
0.56376845, -0.39835811, 0.72347176
0.07037824, 0.97427705
0.0, 0.06965778, 0.02850907
0.0, -0.98892176, 0.14831996
0.4102273, 0.88149765
0.01091428, 0.10262408, 0.0114111
0.70708334, 0.70708334, 0.0
0.48673892, 0.85097024
0.0, 0.10262408, 0.03572367
0.0, 0.97186196, 0.23541978
0.49831447, 0.9006764
0.0, -0.13836303, 0.00826813
0.0, -0.79018527, -0.61281168
0.04742765, 0.82716832
0.01024314, 0.21726613, -0.00059497
0.67690057, -0.07382427, -0.73232216
0.69340223, 0.82932702
0.01024314, 0.19293679, 0.0114111
0.70708334, 0.0, 0.70708334
0.64954406, 0.85097024
0.01024314, 0.19293679, -0.00059497
0.70708334, 0.0, -0.70708334
0.64954406, 0.82932702
0.00505698, 0.12220267, 0.03307771
0.80416274, -0.22745445, -0.54911953
0.53815484, 0.89002827
0.0, 0.12945612, 0.02582419
0.0, -0.92385632, -0.38267159
0.54321021, 0.87440076
0.00505715, 0.12945612, 0.02582419
0.80419326, -0.54908901, -0.22742394
0.55123067, 0.8769525
0.00505699, 0.12356827, 0.03576659
0.63023776, 0.29709768, 0.71727651
0.54061657, 0.8948755
0.00505721, 0.10615776, 0.03307771
0.90453809, 0.30149236, -0.30146185
0.50923103, 0.89002827
0.01245718, 0.2272944, -0.00059497
0.72859889, -0.07135227, -0.68117315
0.71148008, 0.82932702
0.0094511, 0.36402082, 0.01790047
0.57173377, 0.59016693, 0.56990266
0.95795494, 0.86266848
0.01245718, 0.2272944, 0.02158413
0.64094973, -0.30561236, 0.7040925
0.71148008, 0.86930898
0.01024307, 0.21726613, 0.01141111
0.76274914, -0.34223455, 0.54866177
0.69340223, 0.85097024
0.0, 0.2272944, -0.00059497
0.0, 0.0, -1.0
0.71148008, 0.81260517
0.0094511, 0.36402082, -0.00059497
0.57039094, 0.58305615, -0.57850885
0.95795494, 0.82932702
0.0, 0.36402082, -0.00059497
0.0, 0.70708334, -0.70708334
0.95795494, 0.81260517
0.0, 0.19293679, 0.0114111
0.0, 0.0, 1.0
0.64954406, 0.87349293
0.0, 0.2272944, 0.02158413
0.0, -0.37351602, 0.9276101
0.71148008, 0.89481136
0.0, 0.21726613, -0.00059497
0.0, 0.0, -1.0
0.69340223, 0.81260517
0.0, 0.21726613, 0.01141111
0.0, -0.38596758, 0.92248297
0.69340223, 0.87349293
0.0094511, 0.36402082, -0.00059497
0.57039094, 0.58305615, -0.57850885
0.95795494, 0.17068845
0.0, 0.36402082, 0.01790047
0.0, 0.71654409, 0.69750053
0.95795494, 0.12171966
0.0094511, 0.36402082, 0.01790047
0.57173377, 0.59016693, 0.56990266
0.95795494, 0.13734704
0.00505715, 0.12945612, 0.01494633
0.90453809, -0.30149236, 0.30149236
0.55123067, 0.85734311
0.00505698, 0.13220917, 0.02712571
0.63023776, 0.71727651, 0.29709768
0.55619335, 0.87929872
0.0, 0.12356827, 0.03576659
0.0, 0.38267159, 0.92385632
0.54600453, 0.90433279
0.0, 0.10615776, 0.03307771
0.0, 0.70708334, -0.70708334
0.51639205, 0.88406381
0.0, 0.12220267, 0.03307771
0.0, -0.38267159, -0.92385632
0.5343253, 0.88248017
0.0, 0.13220917, 0.0114111
0.0, 1.0, 0.0
0.56736344, 0.85130802
0.0, 0.13220917, 0.02712571
0.0, 0.92385632, 0.38267159
0.56509423, 0.8834298
0.00505704, 0.10615776, 0.01494633
0.90450758, 0.30149236, 0.30149236
0.50923103, 0.85734311
0.0, 0.12945612, 0.01494633
0.0, -0.70708334, 0.70708334
0.54423714, 0.8627117
0.0, 0.10262408, 0.03576659
0.0, 0.0, 1.0
0.50287205, 0.90608057
0.00505706, 0.10262408, 0.03576659
0.70708334, 0.0, 0.70708334
0.50286096, 0.8948755
0.0, 0.10615776, 0.01494633
0.0, 0.70708334, 0.70708334
0.51917845, 0.86529616
0.00340028, 0.4459908, -0.01820412
0.67574084, 0.73317665, 0.07608265
0.50080782, 0.49680257
0.00340028, 0.42441964, -0.01074702
0.70708334, -0.70708334, 0.0
0.4619213, 0.51024535
0.00340028, 0.42441964, -0.01820412
0.629017, -0.75157934, -0.19852291
0.4619213, 0.49680257
0.0, 0.4459908, -0.01820412
0.0, 1.0, 0.0
0.50300658, 0.48941088
0.00340028, 0.4459908, -0.01074702
0.70708334, 0.70708334, 0.0
0.50080782, 0.51024535
0.0, 0.4459908, -0.0292036
0.0, 0.70708334, -0.70708334
0.50080782, 0.46842444
0.0, 0.42441964, -0.01074702
0.0, -1.0, 0.0
0.45966411, 0.51024535
0.0, 0.43215638, -0.0292036
0.0, -0.46079898, -0.88747823
0.47586843, 0.46842444
0.00590898, 0.4459908, -0.0292036
0.64424574, 0.56645405, -0.51384014
0.50080782, 0.47697389
0.00590898, 0.43215638, -0.0292036
0.69344157, -0.3713187, -0.61741996
0.47586843, 0.47697389
0.0, 0.42441964, -0.01820412
0.0, -0.95336771, -0.30170599
0.4619213, 0.48941088
0.00925656, 0.05580278, -0.02422533
0.58638263, 0.61741996, -0.52430797
0.24139726, 0.63622692
0.00925656, 0.02967187, -0.01624689
0.70708334, -0.70708334, 0.0
0.19429141, 0.65060964
0.00925656, 0.02967187, -0.02851644
0.56926173, -0.53215122, -0.62666708
0.19429141, 0.62849143
0.0, 0.02967187, -0.02851644
0.0, -0.64726704, -0.76223028
0.19429141, 0.61305931
0.0, 0.05580278, -0.02422533
0.0, 0.76223028, -0.64726704
0.24139726, 0.62139425
0.0, 0.05580278, -0.01624689
0.0, 1.0, 0.0
0.24401507, 0.63845626
0.00925656, 0.05580278, -0.01624689
0.70708334, 0.70708334, 0.0
0.24139726, 0.65060964
-0.01091429, 0.13233404, -0.00571978
-0.90450758, 0.30149236, -0.30149236
0.37935916, 0.30699128
-0.01091429, 0.01803703, -0.01624689
-0.63908809, -0.25675222, -0.72496718
0.17331755, 0.32596833
-0.01091429, 0.13233404, 0.0114111
-0.70708334, 0.0, 0.70708334
0.37935916, 0.27610964
0.0, 0.13233404, 0.0114111
0.0, 0.0, 1.0
0.37935916, 0.25506157
-0.01091429, 0.13233404, -0.01624689
-0.57734919, 0.57734919, -0.57734919
0.37935916, 0.32596833
0.0, 0.01226515, -0.01157202
0.0, -0.90258491, -0.43046358
0.16291261, 0.33285517
-0.01091429, 0.01226515, -0.01157202
-0.62181461, -0.70686972, -0.33710745
0.16291261, 0.31754106
-0.01091429, 0.19293679, 0.0114111
-0.57734919, 0.57734919, 0.57734919
0.48860657, 0.27610964
-0.01091429, 0.19293679, -0.00571978
-0.57734919, 0.57734919, -0.57734919
0.48860657, 0.30699128
-0.00340028, 0.42441964, -0.01074702
-0.37275308, -0.22602008, -0.89996034
0.4619213, 0.51830637
-0.00200062, 0.35795605, -0.00736793
-0.38261056, 0.01519822, -0.92376477
0.34210852, 0.52439785
-0.00482992, 0.41742206, -0.00453864
-0.89376509, -0.25315103, -0.37018952
0.44930705, 0.52949804
-0.00200062, 0.41742206, -0.00736793
-0.37018952, -0.25315103, -0.89376509
0.44930705, 0.52439785
-0.00482991, 0.41742206, -0.0005374
-0.89376509, -0.25315103, 0.37018952
0.44930711, 0.5367111
-0.00340028, 0.42441946, 0.00567098
-0.37275308, -0.22602008, 0.89996034
0.46192119, 0.54790285
-0.008209, 0.42441964, 0.00086227
-0.89996034, -0.22602008, 0.37275308
0.4619213, 0.53923428
-0.00482991, 0.35795605, -0.00453863
-0.92376477, 0.01519822, -0.38261056
0.34210852, 0.5294981
-0.00482991, 0.35795605, -0.0005374
-0.92376477, 0.01519822, 0.38261056
0.34210852, 0.5367111
-0.00200062, 0.41742206, 0.00229189
-0.37018952, -0.25315103, 0.89376509
0.44930699, 0.54181144
-0.00820901, 0.42441964, -0.00593831
-0.89996034, -0.22602008, -0.37275308
0.4619213, 0.52697492
-0.00340028, 0.4459908, -0.01074702
-0.29709768, 0.63026828, -0.717246
0.50080782, 0.51830637
-0.00340028, 0.4459908, 0.00567098
-0.29709768, 0.63026828, 0.717246
0.5008077, 0.54790285
-0.008209, 0.4459908, 0.00086227
-0.71727651, 0.63023776, 0.29709768
0.50080782, 0.53923425
-0.00820901, 0.4459908, -0.00593831
-0.71727651, 0.63023776, -0.29709768
0.50080782, 0.52697492
-0.00318177, 0.25608337, 0.00514346
-0.38261056, 0.01507614, 0.92376477
0.15846403, 0.54695192
-0.00768148, 0.25608337, 0.00064376
-0.92376477, 0.01507614, 0.38261056
0.15846403, 0.53884032
-0.00768148, 0.25608337, -0.00571978
-0.92376477, 0.01507614, -0.38261056
0.15846403, 0.5273689
-0.00200061, 0.35795605, 0.0022919
-0.38261056, 0.01519822, 0.92376477
0.34210852, 0.54181144
-0.00768148, 0.24823172, -0.00571978
-0.83571887, -0.1543321, -0.52699363
0.14430977, 0.5273689
-0.00318177, 0.19293679, 0.00514346
-0.38267159, 0.0, 0.92385632
0.04463043, 0.54695192
-0.00318177, 0.25608337, -0.01021949
-0.38261056, 0.01507614, -0.92376477
0.15846403, 0.51925731
-0.00318177, 0.24823157, -0.01021949
-0.29709768, -0.63026828, -0.717246
0.14430977, 0.51925731
0.0, 0.24823157, -0.01021949
0.0, -0.70711386, -0.70708334
0.14430977, 0.51333225
-0.00768148, 0.19293679, -0.00571978
-0.70708334, 0.0, -0.70708334
0.04463043, 0.5273689
-0.00820901, 0.4459908, -0.00593831
-0.71727651, 0.63023776, -0.29709768
0.52606231, 0.52477193
0.0, 0.4459908, -0.01074702
0.0, 0.70708334, -0.70708334
0.54086059, 0.51610333
-0.01515141, 0.24660178, -0.00571978
-0.19595934, 0.73134553, 0.65321815
0.94747376, 0.66462767
-0.01515141, 0.24660178, -0.02602783
-0.19595934, 0.73134553, -0.65321815
0.94747376, 0.62801868
-0.04139442, 0.23145048, -0.00571978
-0.5353862, 0.5353862, 0.65321815
0.92016053, 0.66462767
-0.04139442, 0.23145048, -0.02602783
-0.5353862, 0.5353862, -0.65321815
0.92016053, 0.62801868
-0.0565458, 0.20520745, -0.00571978
-0.73134553, 0.19595934, 0.65321815
0.87285256, 0.66462767
-0.0565458, 0.20520745, -0.02602783
-0.73134553, 0.19595934, -0.65321815
0.87285256, 0.62801868
-0.05654582, 0.17490463, -0.00571978
-0.73134553, -0.19595934, 0.65321815
0.81822622, 0.66462767
-0.05654582, 0.17490463, -0.02602783
-0.73134553, -0.19595934, -0.65321815
0.81822622, 0.62801868
-0.04139442, 0.14866163, -0.00571978
-0.5353862, -0.5353862, 0.65321815
0.77091837, 0.66462767
-0.04139442, 0.14866163, -0.02602783
-0.5353862, -0.5353862, -0.65321815
0.77091837, 0.62801868
-0.01515141, 0.1335101, -0.00571978
-0.19595934, -0.73134553, 0.65321815
0.74360514, 0.66462767
-0.04139442, 0.14866163, -0.02602783
-0.5353862, -0.5353862, -0.65321815
0.93674695, 0.58450463
-0.05654582, 0.17490463, -0.02602783
-0.73134553, -0.19595934, -0.65321815
0.96406007, 0.53719676
-0.01515141, 0.1335101, -0.02602783
-0.19595934, -0.73134553, -0.65321815
0.74360514, 0.62801868
-0.01091428, 0.10262408, 0.0114111
-0.70708334, 0.70708334, 0.0
0.48673892, 0.14904529
-0.0109143, 0.05683187, 0.01708596
-0.80867946, -0.18372142, 0.55876338
0.40418991, 0.13881534
-0.01091429, 0.06965778, 0.02850907
-0.88247323, -0.46510208, 0.06976531
0.427311, 0.11822301
-0.01091429, 0.01226515, 0.0114111
-0.57734919, -0.57734919, 0.57734919
0.16291261, 0.27610964
0.0, 0.05683187, 0.01708596
0.0, -0.31235695, 0.94994962
0.39783156, 0.12511462
-0.01091429, 0.07807488, 0.08342016
-0.58214056, 0.28214362, 0.76253545
0.44248426, 0.01923567
0.0, 0.10262408, 0.03572367
0.0, 0.97186196, 0.23541978
0.49831447, 0.09933907
-0.01091428, 0.10262408, 0.03572367
-0.65773493, 0.7320475, 0.17731254
0.48673892, 0.1052174
0.0, 0.00372436, -0.00776432
0.0, -0.26273385, -0.96484268
0.30845389, 0.19965667
-0.0109143, -0.13836303, 0.00826813
-0.57594532, -0.64595479, -0.5009613
0.05231485, 0.15471107
-0.01091429, 0.00372436, -0.00776432
-0.74318671, -0.17578661, -0.64555806
0.30845389, 0.18361253
0.0, -0.00168652, 0.02249691
0.0, 0.25568408, 0.96673483
0.30416903, 0.1114338
-0.01091429, -0.00168652, 0.02249691
-0.74633014, 0.1701712, 0.64342171
0.29869962, 0.12906104
0.0, 0.04460707, 0.06979259
0.0, -0.94943082, 0.31394389
0.35924318, 0.03538936
-0.01091429, 0.04460707, 0.06979259
-0.56944489, -0.78044987, 0.25806451
0.3821525, 0.04380184
0.0, 0.01226515, -0.01157202
0.0, -0.40717795, -0.91332746
0.3238501, 0.20620936
-0.01091429, 0.01226515, -0.01157202
-0.59117407, -0.32840967, -0.73662525
0.3238501, 0.19047672
0.0, -0.12834278, 0.07981286
0.0, -0.48234504, 0.87597275
0.07037824, 0.00465101
-0.0109143, -0.12834278, 0.07981286
-0.56376845, -0.39835811, 0.72347176
0.07037824, 0.02573842
0.0, 0.06965778, 0.02850907
0.0, -0.98892176, 0.14831996
0.4102273, 0.11851782
0.0, -0.13836303, 0.00826813
0.0, -0.79018527, -0.61281168
0.04742765, 0.17284721
-0.01024314, 0.19293679, 0.0114111
-0.70708334, 0.0, 0.70708334
0.64954406, 0.14904529
-0.01024314, 0.21726613, -0.00059497
-0.67690057, -0.07382427, -0.73232216
0.69340223, 0.17068845
-0.01024314, 0.19293679, -0.00059497
-0.70708334, 0.0, -0.70708334
0.64954406, 0.17068845
0.0, 0.12945612, 0.02582419
0.0, -0.92385632, -0.38267159
0.54321021, 0.1256147
-0.00505698, 0.12220267, 0.03307771
-0.80416274, -0.22745445, -0.54911953
0.53815484, 0.1099872
-0.00505715, 0.12945612, 0.02582419
-0.80419326, -0.54908901, -0.22742394
0.55123067, 0.12306303
-0.00505706, 0.10262408, 0.03576659
-0.70708334, 0.0, 0.70708334
0.50286096, 0.10514003
-0.00505699, 0.12356827, 0.03576659
-0.63023776, 0.29709768, 0.71727651
0.54061657, 0.10514003
-0.00505721, 0.10615776, 0.03307771
-0.90453809, 0.30149236, -0.30146185
0.50923103, 0.1099872
-0.01245718, 0.2272944, -0.00059497
-0.72859889, -0.07135227, -0.68117315
0.71148008, 0.17068845
-0.0094511, 0.36402082, 0.01790047
-0.57173377, 0.59016693, 0.56990266
0.95795494, 0.13734704
-0.0094511, 0.36402082, -0.00059497
-0.57039094, 0.58305615, -0.57850885
0.95795494, 0.17068845
-0.01024307, 0.21726613, 0.01141111
-0.76274914, -0.34223455, 0.54866177
0.69340223, 0.14904529
0.0, 0.2272944, -0.00059497
0.0, 0.0, -1.0
0.71148008, 0.1874103
0.0, 0.19293679, 0.0114111
0.0, 0.0, 1.0
0.64954406, 0.1265226
0.0, 0.2272944, 0.02158413
0.0, -0.37351602, 0.9276101
0.71148008, 0.10520416
-0.01245718, 0.2272944, 0.02158413
-0.64094973, -0.30561236, 0.7040925
0.71148008, 0.13070649
0.0, 0.21726613, -0.00059497
0.0, 0.0, -1.0
0.69340223, 0.1874103
-0.00505715, 0.12945612, 0.01494633
-0.90453809, -0.30149236, 0.30149236
0.55123067, 0.14267236
-0.00505706, 0.13220917, 0.0114111
-0.70708334, 0.70708334, 0.0
0.55619347, 0.14904529
-0.00505704, 0.10615776, 0.01494633
-0.90450758, 0.30149236, 0.30149236
0.50923103, 0.14267236
0.0, 0.12356827, 0.03576659
0.0, 0.38267159, 0.92385632
0.54600453, 0.09568268
-0.00505698, 0.13220917, 0.02712571
-0.63023776, 0.71727651, 0.29709768
0.55619335, 0.12071675
0.0, 0.10615776, 0.03307771
0.0, 0.70708334, -0.70708334
0.51639205, 0.11595172
0.0, 0.13220917, 0.0114111
0.0, 1.0, 0.0
0.56736344, 0.14870745
0.0, 0.12945612, 0.01494633
0.0, -0.70708334, 0.70708334
0.54423714, 0.13730377
0.0, 0.10262408, 0.03576659
0.0, 0.0, 1.0
0.50287205, 0.09393495
-0.00340028, 0.42441964, -0.01074702
-0.70708334, -0.70708334, 0.0
0.4619213, 0.51024535
-0.00340028, 0.4459908, -0.01820412
-0.67574084, 0.73317665, 0.07608265
0.50080782, 0.49680257
-0.00340028, 0.42441964, -0.01820412
-0.629017, -0.75157934, -0.19852291
0.4619213, 0.49680257
-0.00340028, 0.4459908, -0.01074702
-0.70708334, 0.70708334, 0.0
0.50080782, 0.51024535
-0.00590898, 0.4459908, -0.0292036
-0.64424574, 0.56645405, -0.51384014
0.50080782, 0.47697389
-0.00590898, 0.43215638, -0.0292036
-0.69344157, -0.3713187, -0.61741996
0.47586843, 0.47697389
-0.00925656, 0.02967187, -0.01624689
-0.70708334, -0.70708334, 0.0
0.19429141, 0.34940583
-0.00925656, 0.05580278, -0.02422533
-0.58638263, 0.61741996, -0.52430797
0.24139726, 0.36378855
-0.00925656, 0.02967187, -0.02851644
-0.56926173, -0.53215122, -0.62666708
0.19429141, 0.37152404
0.0, 0.02967187, -0.02851644
0.0, -0.64726704, -0.76223028
0.19429141, 0.38695616
0.0, 0.05580278, -0.02422533
0.0, 0.76223028, -0.64726704
0.24139726, 0.37862128
0.0, 0.05580278, -0.01624689
0.0, 1.0, 0.0
0.24401507, 0.36155921
-0.00925656, 0.05580278, -0.01624689
-0.70708334, 0.70708334, 0.0
0.24139726, 0.34940583
0.01091429, 0.13233404, -0.01624689
0.57734919, 0.57734919, -0.57734919
0.37935916, 0.32596833
0.0, 0.01803703, -0.01624689
0.0, -0.33384198, -0.94262522
0.17331755, 0.65829518
0.01091429, 0.19293679, -0.00571978
0.57734919, 0.57734919, -0.57734919
0.48860657, 0.30699128
0.0, 0.19293679, 0.0114111
0.0, 0.70708334, 0.70708334
0.48860657, 0.74495396
0.008209, 0.4459908, 0.00086227
0.71727651, 0.63023776, 0.29709768
0.50080782, 0.53923425
0.00340028, 0.4459908, -0.01074702
0.29709768, 0.63026828, -0.717246
0.53473097, 0.51610333
0.00340028, 0.4459908, 0.00567098
0.29709768, 0.63026828, 0.717246
0.53473097, 0.54569983
0.0, 0.4459908, 0.00567098
0.0, 0.70708334, 0.70708334
0.5008077, 0.55340248
0.01515141, 0.24660178, -0.02602783
0.19595934, 0.73134553, -0.65321815
0.83481264, 0.40794927
0.04139442, 0.23145048, -0.02602783
0.5353862, 0.5353862, -0.65321815
0.78750479, 0.43526244
0.0565458, 0.20520745, -0.02602783
0.73134553, 0.19595934, -0.65321815
0.76019168, 0.48257035
0.04139442, 0.14866163, -0.02602783
0.5353862, -0.5353862, -0.65321815
0.78750479, 0.58450463
0.01515141, 0.1335101, -0.02602783
0.19595934, -0.73134553, -0.65321815
0.83481264, 0.61181787
0.0, 0.1335101, -0.02602783
0.0, -0.70708334, -0.70708334
0.73050368, 0.62801868
0.0, 0.10262408, 0.0114111
0.0, 1.0, 0.0
0.49831447, 0.85097024
0.00505706, 0.10262408, 0.0114111
0.99996948, 0.0, 0.0
0.50286096, 0.85097024
0.0, 0.36402082, 0.01790047
0.0, 0.71654409, 0.69750053
0.95795494, 0.87829587
0.0, 0.19293679, -0.00059497
0.0, 0.0, -1.0
0.64954406, 0.81260517
0.0, 0.36402082, -0.00059497
0.0, 0.70708334, -0.70708334
0.95795494, 0.1874103
0.00505706, 0.13220917, 0.0114111
0.70708334, 0.70708334, 0.0
0.55619347, 0.85097024
0.0, 0.4459908, -0.01074702
0.0, 1.0, 0.0
0.50300658, 0.51024535
0.0, 0.02967187, -0.01624689
0.0, -1.0, 0.0
0.19153768, 0.64312962
0.0, 0.01803703, -0.01624689
0.0, -0.33384198, -0.94262522
0.17331755, 0.34172028
-0.00768148, 0.19293679, 0.00064376
-0.92385632, 0.0, 0.38267159
0.04463043, 0.53884032
-0.00340028, 0.4459908, -0.01074702
-0.29709768, 0.63026828, -0.717246
0.53473097, 0.51610333
-0.008209, 0.4459908, 0.00086227
-0.71727651, 0.63023776, 0.29709768
0.52606231, 0.53703117
-0.00340028, 0.4459908, 0.00567098
-0.29709768, 0.63026828, 0.717246
0.53473097, 0.54569983
-0.04139442, 0.23145048, -0.02602783
-0.5353862, 0.5353862, -0.65321815
0.93674695, 0.43526244
-0.01515141, 0.24660178, -0.02602783
-0.19595934, 0.73134553, -0.65321815
0.88943911, 0.40794927
-0.01515141, 0.1335101, -0.02602783
-0.19595934, -0.73134553, -0.65321815
0.88943911, 0.61181787
-0.0565458, 0.20520745, -0.02602783
-0.73134553, 0.19595934, -0.65321815
0.96406007, 0.48257035
-0.01091429, 0.01226515, 0.0114111
-1.0, 0.0, 0.0
0.3238501, 0.14904529
0.0, 0.07807488, 0.08342016
0.0, 0.34699544, 0.93783379
0.45033848, 2.557e-05
0.0, 0.10262408, 0.0114111
0.0, 1.0, 0.0
0.49831447, 0.14904529
0.0, 0.12220267, 0.03307771
0.0, -0.38267159, -0.92385632
0.5343253, 0.11753529
-0.00505706, 0.10262408, 0.0114111
-0.99996948, 0.0, 0.0
0.50286096, 0.14904529
0.0, 0.21726613, 0.01141111
0.0, -0.38596758, 0.92248297
0.69340223, 0.1265226
0.0, 0.19293679, -0.00059497
0.0, 0.0, -1.0
0.64954406, 0.1874103
0.0, 0.13220917, 0.02712571
0.0, 0.92385632, 0.38267159
0.56509423, 0.11658567
0.0, 0.10615776, 0.01494633
0.0, 0.70708334, 0.70708334
0.51917845, 0.13471931
0.0, 0.02967187, -0.01624689
0.0, -1.0, 0.0
0.19153768, 0.35688585
# Number of Faces:
410
# Face Data:
0, 1, 2
3, 4, 5
6, 5, 7
4, 8, 9
10, 4, 11
12, 13, 14
15, 16, 17
18, 5, 13
19, 7, 5
20, 21, 22
23, 24, 25
26, 27, 28
26, 29, 23
22, 25, 30
28, 31, 26
32, 33, 21
33, 26, 23
21, 23, 25
34, 35, 27
25, 36, 30
37, 34, 33
38, 39, 40
41, 29, 31
42, 24, 29
39, 31, 43
40, 43, 44
45, 46, 41
47, 41, 39
46, 48, 42
49, 50, 46
50, 51, 48
52, 46, 53
24, 51, 36
28, 54, 55
56, 57, 58
55, 43, 28
35, 54, 27
59, 60, 61
62, 63, 59
64, 65, 62
66, 67, 64
68, 69, 66
70, 71, 68
66, 64, 72
73, 74, 75
72, 76, 70
77, 78, 79
80, 81, 82
83, 84, 85
86, 87, 88
89, 90, 78
85, 91, 77
88, 92, 93
78, 94, 95
77, 96, 97
93, 98, 83
99, 100, 86
97, 101, 89
102, 103, 104
105, 106, 107
105, 108, 109
110, 111, 112
110, 113, 102
102, 114, 110
115, 114, 116
113, 117, 103
111, 118, 112
104, 119, 102
113, 118, 120
121, 122, 123
124, 125, 107
125, 126, 108
105, 127, 128
125, 129, 130
131, 127, 109
107, 132, 124
108, 133, 134
131, 132, 135
136, 137, 138
139, 140, 136
136, 141, 139
142, 138, 137
143, 144, 145
143, 138, 146
145, 136, 138
147, 148, 149
148, 150, 149
149, 151, 147
147, 152, 153
1, 154, 2
154, 155, 156
156, 80, 157
1, 155, 158
155, 159, 160
154, 16, 2
16, 161, 17
156, 162, 154
157, 161, 156
163, 20, 22
164, 165, 166
167, 168, 169
170, 167, 165
166, 22, 30
171, 172, 167
173, 174, 163
167, 173, 165
165, 163, 166
169, 175, 176
36, 166, 30
169, 177, 173
178, 38, 40
170, 179, 171
164, 180, 170
171, 178, 181
181, 40, 44
180, 182, 179
179, 183, 178
184, 182, 180
49, 185, 186
51, 185, 184
182, 52, 187
164, 51, 184
172, 54, 168
188, 56, 189
181, 55, 172
54, 175, 168
60, 190, 61
191, 192, 190
193, 194, 192
195, 196, 194
197, 198, 196
199, 200, 198
196, 198, 72
201, 202, 74
203, 72, 200
204, 205, 206
160, 80, 207
208, 206, 205
209, 210, 211
212, 213, 214
215, 205, 216
217, 209, 218
219, 214, 220
221, 216, 222
223, 218, 206
210, 204, 211
224, 222, 213
225, 226, 227
228, 229, 230
231, 232, 233
234, 235, 236
237, 234, 226
238, 226, 234
236, 238, 234
239, 237, 225
240, 235, 241
242, 227, 226
237, 240, 241
122, 236, 235
243, 244, 245
246, 247, 232
229, 248, 233
247, 249, 244
248, 245, 233
250, 230, 243
251, 232, 231
245, 250, 243
252, 253, 254
255, 139, 253
253, 141, 256
254, 142, 252
256, 143, 257
254, 143, 146
253, 257, 254
258, 259, 260
261, 258, 260
262, 260, 259
263, 259, 264
0, 265, 1
13, 5, 4
3, 11, 4
4, 9, 13
6, 3, 5
4, 266, 8
10, 266, 4
12, 18, 13
15, 267, 16
18, 19, 5
19, 268, 7
20, 32, 21
23, 29, 24
26, 34, 27
26, 31, 29
22, 21, 25
28, 43, 31
32, 37, 33
33, 34, 26
21, 33, 23
34, 269, 35
25, 24, 36
37, 269, 34
38, 47, 39
41, 42, 29
42, 48, 24
39, 41, 31
40, 39, 43
42, 41, 46
45, 53, 46
47, 45, 41
46, 50, 48
49, 186, 50
50, 186, 51
52, 49, 46
24, 48, 51
28, 27, 54
58, 270, 189
189, 56, 58
271, 57, 56
55, 44, 43
35, 272, 54
59, 63, 60
62, 65, 63
64, 67, 65
66, 69, 67
68, 71, 69
70, 76, 71
59, 61, 62
72, 70, 68
68, 66, 72
64, 62, 61
61, 72, 64
75, 273, 274
274, 275, 75
73, 276, 74
277, 74, 276
75, 275, 73
72, 278, 76
99, 86, 83
88, 93, 83
86, 88, 83
78, 95, 79
99, 83, 85
77, 97, 89
99, 85, 79
89, 78, 77
79, 85, 77
80, 159, 81
83, 98, 84
86, 100, 87
89, 101, 90
85, 84, 91
88, 87, 92
78, 90, 94
77, 91, 96
93, 92, 98
99, 279, 100
97, 96, 101
102, 113, 103
105, 128, 106
134, 280, 131
134, 131, 109
107, 125, 108
134, 109, 108
105, 107, 108
110, 115, 111
110, 112, 113
102, 119, 114
115, 110, 114
113, 120, 117
111, 281, 118
104, 282, 119
113, 112, 118
121, 283, 122
124, 131, 284
284, 125, 124
131, 280, 284
125, 130, 126
105, 109, 127
125, 284, 129
131, 135, 127
107, 106, 132
108, 126, 133
131, 124, 132
136, 140, 137
139, 285, 140
136, 144, 141
142, 146, 138
143, 141, 144
143, 145, 138
145, 144, 136
147, 153, 148
148, 286, 150
149, 150, 151
147, 151, 152
1, 158, 154
207, 156, 155
154, 158, 155
155, 160, 207
156, 207, 80
1, 287, 155
155, 287, 159
154, 162, 16
16, 162, 161
156, 161, 162
157, 17, 161
163, 174, 20
164, 170, 165
167, 172, 168
170, 171, 167
166, 163, 22
171, 181, 172
173, 177, 174
167, 169, 173
165, 173, 163
169, 168, 175
36, 164, 166
169, 176, 177
178, 183, 38
170, 180, 179
164, 184, 180
171, 179, 178
181, 178, 40
288, 179, 182
182, 187, 288
179, 288, 183
184, 185, 182
49, 182, 185
51, 186, 185
182, 49, 52
164, 36, 51
172, 55, 54
189, 289, 188
188, 290, 56
291, 56, 290
181, 44, 55
54, 272, 175
60, 191, 190
191, 193, 192
193, 195, 194
195, 197, 196
197, 199, 198
199, 203, 200
72, 61, 194
190, 192, 61
194, 196, 72
198, 200, 72
61, 192, 194
292, 293, 75
75, 74, 202
294, 201, 74
202, 295, 75
292, 75, 295
203, 278, 72
296, 220, 214
214, 213, 216
213, 222, 216
296, 214, 216
296, 216, 205
209, 211, 206
206, 218, 209
204, 296, 205
206, 211, 204
160, 159, 80
208, 223, 206
209, 297, 210
212, 224, 213
215, 208, 205
217, 297, 209
219, 212, 214
221, 215, 216
223, 217, 218
210, 298, 204
224, 221, 222
225, 237, 226
228, 299, 229
245, 300, 231
232, 247, 230
232, 230, 229
233, 245, 231
232, 229, 233
234, 241, 235
237, 241, 234
238, 242, 226
236, 283, 238
239, 301, 237
240, 122, 235
242, 302, 227
237, 301, 240
122, 283, 236
243, 230, 247
244, 300, 245
243, 247, 244
246, 303, 247
229, 299, 248
247, 303, 249
248, 304, 245
250, 228, 230
251, 246, 232
245, 304, 250
252, 255, 253
255, 285, 139
253, 139, 141
254, 146, 142
256, 141, 143
254, 257, 143
253, 256, 257
258, 264, 259
261, 305, 258
262, 261, 260
263, 262, 259
