# Project Zomboid Skinned Mesh
# File Version:
1.0
# Model Name:
Cylinder
# Vertex Stride Element Count:
3
# Vertex Stride Size (in bytes):
76
# Vertex Stride Data:
# (Int)    Offset
# (String) Type
0
VertexArray
12
NormalArray
24
TextureCoordArray
# Vertex Count:
621
# Vertex Buffer:
0.00536147, 0.09818729, -0.00715032
0.3843196, 0.27997681, 0.87969601
0.89771271, 0.13230598
-2e-08, 0.09997028, -0.0073108
0.0, 0.12689596, 0.9919126
0.92140806, 0.14029831
-0.00536151, 0.09818729, -0.00715032
-0.3843196, 0.27997681, 0.87969601
0.94510335, 0.13230598
-0.00536151, 0.09997028, -0.00874741
-0.49671927, 0.3315531, 0.80205697
0.28833553, 0.68139294
-0.00928639, 0.09818729, -0.0110752
-0.87813962, 0.20383312, 0.43272194
0.29881227, 0.67264661
-0.00536151, 0.09818729, -0.00715032
-0.3843196, 0.27997681, 0.87969601
0.28102422, 0.67360324
0.00928635, 0.09818729, -0.0110752
0.87813962, 0.20383312, 0.43272194
0.72397327, 0.54738668
0.00536147, 0.09997028, -0.00874741
0.49671927, 0.3315531, 0.80205697
0.71349651, 0.53864041
0.00536147, 0.09818729, -0.00715032
0.3843196, 0.27997681, 0.87969601
0.70618522, 0.54643002
0.00928637, -0.00061716, -0.01342849
0.75426495, -0.55320901, -0.35358745
0.48234069, 0.02285731
-0.00928637, 0.00722812, -0.01437085
-0.79818112, -0.28315073, -0.53169346
0.51146698, 0.1064834
0.00928637, 0.00722813, -0.01437085
0.79818112, -0.28315073, -0.53169346
0.51146698, 0.02285731
0.00928634, 0.13860637, -0.0126723
0.71901608, 0.52623063, 0.45396283
0.73690045, 0.36576527
0.00928635, 0.09997028, -0.01267229
0.95007169, 0.09750663, 0.29636523
0.73128456, 0.539597
-0.00536151, 0.13860637, -0.00874741
-0.37376019, 0.68013549, 0.63060397
0.29395136, 0.85522453
-0.00928639, 0.09997028, -0.01267229
-0.95007169, 0.09750663, 0.29636523
0.30612358, 0.68043631
0.00536146, 0.13860637, -0.00874741
0.37376019, 0.68013549, 0.63060397
0.89771271, 0.31385851
0.00536147, 0.09997028, -0.00874741
0.49671927, 0.3315531, 0.80205697
0.89771271, 0.14003682
-3e-08, 0.13860637, -0.00731081
0.0, 0.66969818, 0.74260688
0.92140806, 0.31412005
-0.00536151, 0.09997028, -0.00874741
-0.49671927, 0.3315531, 0.80205697
0.94510335, 0.14003682
-0.00765102, 0.17114785, -0.0211206
-0.31772819, 0.89236122, 0.32047486
0.08931066, 0.16237694
0.00268071, 0.17127584, -0.03810522
0.38734093, 0.87380594, -0.29389325
0.13497216, 0.08673126
-0.00268078, 0.17127584, -0.03810522
-0.38734093, 0.87380594, -0.29389325
0.11127684, 0.08673126
-0.0092864, 0.14778216, -0.02129621
-0.80053103, 0.11899167, 0.58732873
0.95233101, 0.2084229
-0.00765101, 0.14231658, -0.01908196
-0.65800959, 0.49171424, 0.57026887
0.94510335, 0.18423671
-0.00765101, 0.148412, -0.02112219
-0.7269814, 0.08587909, 0.68123418
0.94510335, 0.21128827
-0.0092864, 0.17127584, -0.02129478
-0.5814997, 0.60817283, 0.5402692
0.95233101, 0.31412005
-0.00765102, 0.17114785, -0.0211206
-0.31772819, 0.89236122, 0.32047486
0.94510335, 0.31357598
0.00441727, 0.17114785, -0.00934347
0.37858212, 0.65318763, 0.65572071
0.79790276, 0.22003329
0.00765096, 0.13837333, -0.01257904
0.42732018, 0.81508833, 0.3911252
0.78322858, 0.0721969
0.00765095, 0.17114785, -0.01257715
0.71727651, 0.63023776, 0.29709768
0.78322977, 0.21973598
0.00928634, 0.17127584, -0.02129478
0.5814997, 0.60820335, 0.5402692
0.95233101, 0.05410457
0.00765096, 0.148412, -0.02112219
0.7269814, 0.08587909, 0.68123418
0.94510335, 0.15693647
0.00928634, 0.14778216, -0.02129622
0.80053103, 0.11899167, 0.58732873
0.95233101, 0.15980172
-0.00268078, 0.16487098, -0.03810522
-0.50074768, -0.28141117, -0.81853694
0.82403624, 0.02390903
0.00268071, 0.16487098, -0.04038106
0.59477526, -0.64696187, -0.47709587
0.84773153, 0.03281367
0.00268071, 0.16487098, -0.03810522
0.50074768, -0.28141117, -0.81853694
0.84773153, 0.02390903
-0.00536152, 0.16482295, -0.03738691
-0.49998474, 0.0, -0.86602372
0.42422301, 0.96901091
-0.00536151, 0.0854371, -0.03738692
-0.38657796, -0.09137242, -0.91769159
0.41268411, 0.61183769
-0.0092864, 0.16454686, -0.03346203
-0.92385632, 0.0, -0.38267159
0.40730941, 0.96795445
0.00765096, 0.14231658, -0.01908196
0.65800959, 0.49171424, 0.57026887
0.7544983, 0.0899632
0.00765096, 0.148412, -0.02112219
0.7269814, 0.08587909, 0.68123418
0.7454834, 0.11740726
0.00765096, 0.14231658, -0.01908196
0.65800959, 0.49171424, 0.57026887
0.94510335, 0.18398803
0.00928634, 0.14229263, -0.01917283
0.80593282, 0.38438064, 0.45017853
0.95233101, 0.18411231
-0.00928637, 0.00722812, -0.01437085
-0.79818112, -0.28315073, -0.53169346
0.42516103, 0.1064834
0.00928637, 0.01169609, -0.01955124
0.77156895, -0.57426679, -0.2735374
0.50724405, 0.13670778
0.00928637, 0.00722813, -0.01437085
0.79818112, -0.28315073, -0.53169346
0.50724405, 0.1064834
0.00268071, 0.16487098, -0.03810522
0.50074768, -0.28141117, -0.81853694
0.45756432, 0.01868218
0.00268071, 0.16936973, -0.04177247
0.61867124, 0.12924589, -0.77489549
0.44136265, 0.03894323
0.00268071, 0.17127584, -0.03810522
0.38734093, 0.87380594, -0.29389325
0.45756429, 0.04751456
0.00441727, 0.17114785, -0.00934347
0.37858212, 0.65318763, 0.65572071
0.52213353, 0.21981794
-3e-08, 0.13299473, -0.00816174
0.0, -3.052e-05, 0.99996948
0.54165596, 0.04838395
0.00441727, 0.13299473, -0.00934535
0.40955839, -3.052e-05, 0.91225928
0.52213353, 0.0481686
-0.00765101, 0.148412, -0.02112219
-0.7269814, 0.08587909, 0.68123418
0.7979027, 0.1509074
-0.00765101, 0.13837333, -0.01257904
-0.42732018, 0.81508833, 0.3911252
0.83564788, 0.19611788
-0.00765102, 0.17114785, -0.01257715
-0.71727651, 0.63023776, 0.29709768
0.83564907, 0.04857874
-0.00441733, 0.17114785, -0.00934347
-0.37858212, 0.65318763, 0.65572071
0.85032207, 0.04828137
-0.00441732, 0.13299473, -0.00934535
-0.40955839, -3.052e-05, 0.91225928
0.85032207, 0.22003329
-0.00268078, 0.17127584, -0.04038106
-0.61793876, 0.70091861, -0.3561205
0.11127684, 0.07660711
-0.00441733, 0.17114785, -0.00934347
-0.37858212, 0.65318763, 0.65572071
0.56117839, 0.21981782
-3e-08, 0.17114785, -0.00815985
0.0, 0.65318763, 0.75716424
0.54165596, 0.22003329
-0.0092864, 0.13860637, -0.01267229
-0.71901608, 0.52623063, 0.45396283
0.24539137, 0.04180133
-0.00765101, 0.14231658, -0.01908196
-0.65800959, 0.49171424, 0.57026887
0.275913, 0.04916489
-0.0092864, 0.14229263, -0.01917283
-0.80593282, 0.38438064, 0.45017853
0.27629346, 0.04180133
0.00928634, 0.13860637, -0.0126723
0.71901608, 0.52623063, 0.45396283
0.24539137, 0.12542748
0.00765096, 0.14231658, -0.01908196
0.65800959, 0.49171424, 0.57026887
0.275913, 0.11806393
0.00765096, 0.13837333, -0.01257904
0.42732018, 0.81508833, 0.3911252
0.24482505, 0.11806393
-3e-08, 0.13860637, -0.00731081
0.0, 0.66969818, 0.74260688
0.22198078, 0.08361441
-0.00765101, 0.13837333, -0.01257904
-0.42732018, 0.81508833, 0.3911252
0.24482505, 0.04916483
-0.0053615, 0.05633964, -0.00715032
-0.56321907, 0.42866299, 0.70641196
0.425161, 0.0944615
0.00536147, 0.08036166, -0.00715032
0.67253637, -0.26456496, 0.69112217
0.37777036, 0.20253527
-0.0053615, 0.08036166, -0.00715032
-0.67253637, -0.26456496, 0.69112217
0.425161, 0.20253527
-0.0053615, 0.09033358, -0.00715032
-0.65901667, 0.25016022, 0.70925015
0.27988264, 0.63826776
-0.00536149, -0.00254775, -0.00950361
-0.32526627, -0.82308418, 0.46552935
0.60856909, 0.10270345
0.00928637, -0.00061716, -0.01342849
0.75426495, -0.55320901, -0.35358745
0.62786472, 0.0367496
0.00536149, -0.00254775, -0.00950361
0.32526627, -0.82308418, 0.46552935
0.60856909, 0.05442184
0.00928636, 0.02590467, -0.01942511
1.0, 0.0, 0.0
0.75033683, 0.87381594
0.00928637, 0.01931615, -0.00291708
0.9789117, -0.1986755, 0.04702902
0.67648607, 0.9010569
0.00928637, 0.01020569, -0.01107519
0.94503617, -0.14136174, 0.29477829
0.71118492, 0.94323384
0.00536147, 0.09033358, -0.00715032
0.65901667, 0.25016022, 0.70925015
0.70504367, 0.5817655
0.00536147, 0.08036166, -0.00715032
0.67253637, -0.26456496, 0.69112217
0.70359421, 0.62663123
0.00536149, 0.01402728, -0.00091887
0.52159184, -0.84752953, 0.09790338
0.89771271, 0.31412005
-0.00536149, -0.00324759, 0.04757317
-0.31632435, -0.84881133, 0.42359692
0.85032207, 0.0858953
-0.00536149, 0.01402725, -0.00091887
-0.52159184, -0.84752953, 0.09790338
0.85032207, 0.31411999
0.00536148, 0.05284456, 0.00344267
0.5708487, 0.81136507, 0.12555315
0.65281999, 0.74889484
0.00536148, 0.04935473, 0.0132493
0.56190681, 0.71993166, 0.40733054
0.60901046, 0.76316932
0.00928636, 0.05115749, -0.0110752
0.9856258, 0.10702841, 0.13049714
0.7171374, 0.75898331
-0.00536149, 0.01402725, -0.00091887
-0.52159184, -0.84752953, 0.09790338
0.24127565, 0.29585671
-0.00928637, 0.0009048, 0.04834502
-0.72783595, -0.4203009, 0.54179507
0.02229519, 0.24359918
-0.00928637, 0.01931615, -0.00291707
-0.9789117, -0.1986755, 0.04702902
0.25132498, 0.31897628
-0.00928637, 0.02859406, 0.05345668
-0.71901608, 0.08911405, 0.68923002
0.00374876, 0.36892265
-0.0053615, 0.04935473, 0.0132493
-0.56190681, 0.71993166, 0.40733054
0.18384942, 0.45686394
-0.00928638, 0.05115749, -0.0110752
-0.9856258, 0.10702841, 0.13049714
0.29197636, 0.46104991
0.00928637, 0.00090481, 0.04834502
0.72783595, -0.4203009, 0.54179507
0.4474563, 0.97643405
0.00536149, 0.01402728, -0.00091887
0.52159184, -0.84752953, 0.09790338
0.66643673, 0.92417638
-0.00536149, 0.03377623, 0.05437268
-0.34543902, 0.51847893, 0.78218937
0.164166, 0.22003305
0.00536148, 0.04935473, 0.0132493
0.56190681, 0.71993166, 0.40733054
0.21155661, 0.02625382
-0.0053615, 0.04935473, 0.0132493
-0.56190681, 0.71993166, 0.40733054
0.16416599, 0.02625382
-0.01074871, 0.02613587, -0.01667157
-0.59706414, -0.46455276, -0.65395063
0.85088092, 0.35010844
-0.01074871, 0.0264192, 0.05282177
-0.5834834, 0.39500105, 0.70955533
0.95260924, 0.6452291
-0.01074871, 0.05050728, -0.01667157
-0.56178474, 0.67397076, -0.47968993
0.95260924, 0.31411999
-0.00928638, 0.05050728, -0.01667157
0.0, 0.8146916, -0.57985169
0.97199786, 0.42431474
-0.01074871, 0.02613587, -0.01667157
-0.59706414, -0.46455276, -0.65395063
0.96553504, 0.32622385
-0.01074871, 0.05050728, -0.01667157
-0.56178474, 0.67397076, -0.47968993
0.96553504, 0.42431474
-0.00928638, 0.05050728, -0.01667157
0.0, 0.8146916, -0.57985169
0.95907223, 0.32622385
-0.01074871, 0.0264192, 0.05282177
-0.5834834, 0.39500105, 0.70955533
0.95260936, 0.6521292
-0.00928637, 0.0264192, 0.05282177
0.0, 0.486404, 0.87371439
0.95907217, 0.6521292
-0.00928637, 0.0264192, 0.05282177
0.0, 0.486404, 0.87371439
0.21801949, 0.02222031
-0.0107487, 0.00368573, 0.04771008
-0.57155067, -0.71730703, 0.39844966
0.21155666, 0.12542748
-0.00928637, 0.00368573, 0.04771008
0.0, -0.87417221, 0.48558
0.2180195, 0.12542748
-0.00536149, 0.00932707, -0.00715031
-0.43751335, -0.46830654, 0.76760155
0.26810813, 0.27380288
-0.00928637, -0.00061716, -0.01342849
-0.75423443, -0.55320901, -0.35358745
0.29484203, 0.2277627
-0.00536149, -0.00254775, -0.00950361
-0.32526627, -0.82308418, 0.46552935
0.27677336, 0.22003317
0.0107487, 0.0264192, 0.05282177
0.5834834, 0.39500105, 0.70955533
0.95260924, 0.66889098
0.0107487, 0.02613587, -0.01667157
0.59706414, -0.46455276, -0.65395063
0.85088104, 0.96401156
0.01074869, 0.05050728, -0.01667157
0.56178474, 0.67397076, -0.47968993
0.9526093, 1.0
0.00928636, 0.05050728, -0.01667157
0.0, 0.8146916, -0.57985169
0.51567066, 0.11831063
0.0107487, 0.02613587, -0.01667157
0.59706414, -0.46455276, -0.65395063
0.52213353, 0.0202198
0.00928637, 0.02613587, -0.01667157
0.0, -0.57908869, -0.81524092
0.51567066, 0.0202198
0.00928637, 0.02613587, -0.01667157
0.0, -0.57908869, -0.81524092
0.96553516, 0.02429688
0.0107487, 0.00368573, 0.04771008
0.57155067, -0.71730703, 0.39844966
0.95907223, 0.32622385
0.00928637, 0.00368573, 0.04771008
0.0, -0.87417221, 0.48558
0.96553504, 0.32622385
0.00928637, 0.0264192, 0.05282177
0.0, 0.486404, 0.87371439
0.33014697, 0.22003317
0.0107487, 0.00368573, 0.04771008
0.57155067, -0.71730703, 0.39844966
0.32368413, 0.116826
0.0107487, 0.0264192, 0.05282177
0.5834834, 0.39500105, 0.70955533
0.32368413, 0.22003317
0.00928637, 0.0264192, 0.05282177
0.0, 0.486404, 0.87371439
0.96553504, 0.32622385
0.01074869, 0.05050728, -0.01667157
0.56178474, 0.67397076, -0.47968993
0.95907223, 0.6521292
0.00928636, 0.05050728, -0.01667157
0.0, 0.8146916, -0.57985169
0.96553504, 0.6521292
-0.00928637, 0.0009048, 0.04834502
-0.72783595, -0.4203009, 0.54179507
0.08208302, 0.07104915
-0.00536149, -0.00324759, 0.04757317
-0.31632435, -0.84881133, 0.42359692
0.06473683, 0.05222726
0.00928637, 0.00090481, 0.04834502
0.72783595, -0.4203009, 0.54179507
2e-08, 0.07104915
-0.0107487, 0.00368573, 0.04771008
-0.57155067, -0.71730703, 0.39844966
0.95907217, 0.32622385
-0.00928637, 0.02613587, -0.01667157
0.0, -0.57908869, -0.81524092
0.95260942, 0.02429688
-0.00928637, 0.00368573, 0.04771008
0.0, -0.87417221, 0.48558
0.95260936, 0.32622385
-0.00536149, 0.00932707, -0.00715031
-0.43751335, -0.46830654, 0.76760155
0.33037972, 0.06264967
0.00536149, -0.00254775, -0.00950361
0.32526627, -0.82308418, 0.46552935
0.37777039, 0.11650223
0.00536149, 0.00932707, -0.00715031
0.43751335, -0.46830654, 0.76760155
0.37777039, 0.06264967
0.00928637, 0.01413367, -0.03346203
0.69942319, -0.61091954, -0.37086093
0.81060755, 0.92881862
0.00928636, 0.02375152, -0.03346204
0.92385632, 0.0, -0.38267159
0.81200552, 0.88554593
-0.00928637, 0.02375152, -0.03346203
-0.92385632, 0.0, -0.38267159
0.38684449, 0.33448726
-0.00928637, 0.01413366, -0.03346203
-0.69939268, -0.61091954, -0.37086093
0.38544649, 0.29121453
-0.00928637, 0.02590467, -0.0194251
-1.0, 0.0, 0.0
0.32517576, 0.34621727
0.00732392, 0.01454777, -0.03542447
0.46684164, -0.65541553, -0.59367657
0.49857095, 0.20516866
-0.00732393, 0.01454776, -0.03542447
-0.46684164, -0.65541553, -0.59367657
0.43383414, 0.20516866
-0.00928638, 0.03691579, -0.01937105
-1.0, 0.0, 0.0
0.32653758, 0.39576644
0.00536149, 0.00932707, -0.00715031
0.43751335, -0.46830654, 0.76760155
0.69326919, 0.94623033
0.00928637, -0.00061716, -0.01342849
0.75426495, -0.55320901, -0.35358745
0.72000307, 0.99227048
-0.00536149, 0.01402725, -0.00091887
-0.52159184, -0.84752953, 0.09790338
0.33037972, 0.04036945
-0.00928637, 0.01020569, -0.01107519
-0.94503617, -0.14136174, 0.29477829
0.28602389, 0.27679932
0.00706103, 0.17413451, -0.02891323
0.77636033, 0.63023776, 0.0
0.40011922, 0.02662742
0.0049889, 0.15906578, -0.02391067
0.54896694, -0.63023776, 0.54896694
0.37777036, 0.09427887
0.00706103, 0.15906578, -0.02891323
0.77636033, -0.63023776, 0.0
0.40011916, 0.0944615
0.0049889, 0.17413451, -0.02391066
0.54896694, 0.63023776, 0.54896694
0.94193077, 0.02917904
-1.366e-05, 0.15906578, -0.02183854
0.0, -0.63023776, 0.77636033
0.91982174, 0.09659523
0.0049889, 0.15906578, -0.02391067
0.54896694, -0.63023776, 0.54896694
0.94193077, 0.09697253
-1.367e-05, 0.17413451, -0.02183854
0.0, 0.63023776, 0.77636033
0.91982174, 0.02880186
-0.00501623, 0.15906578, -0.02391067
-0.54896694, -0.63023776, 0.54896694
0.89771271, 0.09697241
-0.00501623, 0.17413451, -0.02391066
-0.54896694, 0.63023776, 0.54896694
0.89452398, 0.01787877
-0.00708836, 0.15906578, -0.02891323
-0.77636033, -0.63023776, 0.0
0.87217516, 0.0858953
-0.00501623, 0.15906578, -0.02391067
-0.54896694, -0.63023776, 0.54896694
0.89452398, 0.08571279
-0.00708836, 0.17413451, -0.02891323
-0.77636033, 0.63023776, 0.0
0.87217516, 0.01806134
-0.00501623, 0.15906578, -0.0339158
-0.54896694, -0.63023776, -0.54896694
0.85032207, 0.08568734
-0.00501623, 0.17413451, -0.0339158
-0.54896694, 0.63023776, -0.54896694
0.12630108, 0.01177537
-1.366e-05, 0.15906578, -0.03598792
0.0, -0.63023776, -0.77636033
0.10419206, 0.07660711
-0.00501623, 0.15906578, -0.0339158
-0.54896694, -0.63023776, -0.54896694
0.12630109, 0.07242453
0.0049889, 0.17413451, -0.0339158
0.54896694, 0.63023776, -0.54896694
0.08208302, 0.01177537
0.0049889, 0.15906578, -0.0339158
0.54896694, -0.63023776, -0.54896694
0.08208302, 0.07242453
0.0049889, 0.17413451, -0.0339158
0.54896694, 0.63023776, -0.54896694
0.42197224, 0.02641934
0.0049889, 0.15906578, -0.0339158
0.54896694, -0.63023776, -0.54896694
0.42197224, 0.09425342
-0.00501623, 0.15906578, -0.02391067
-0.54896694, -0.63023776, 0.54896694
0.29126897, 0.09621418
-1.366e-05, 0.15906578, -0.03598792
0.0, -0.63023776, -0.77636033
0.32742274, 0.05901676
0.0049889, 0.15906578, -0.0339158
0.54896694, -0.63023776, -0.54896694
0.31244722, 0.04056907
-0.0028765, 0.17339021, -0.01836692
-0.54896694, 0.63023776, -0.54896694
0.02819479, 0.01860231
-0.00406232, 0.17339021, -0.01550409
-0.77636033, 0.63023776, 0.0
0.01464077, 0.01848435
-1.367e-05, 0.17339021, -0.01145544
0.0, 0.63023776, 0.77636033
0.00505674, 0.04217738
-0.00406232, 0.16991022, -0.01550409
-0.77636033, -0.63023776, 0.0
0.55260831, 0.04816848
-1.367e-05, 0.16991022, -0.01955275
0.0, -0.63023776, -0.77636033
0.56117839, 0.02565122
0.00403499, 0.16991022, -0.01550409
0.77636033, -0.63023776, 0.0
0.54048848, 0.01386386
-0.0028765, 0.16991022, -0.01836692
-0.54896694, -0.63023776, -0.54896694
0.2376698, 0.01603025
-0.00406232, 0.17339021, -0.01550409
-0.77636033, 0.63023776, 0.0
0.2529366, 0.02876246
-0.0028765, 0.17339021, -0.01836692
-0.54896694, 0.63023776, -0.54896694
0.25304639, 0.01602137
0.00284917, 0.17339021, -0.01264126
0.54896694, 0.63023776, 0.54896694
0.26853269, 0.01603025
0.00403499, 0.16991022, -0.01550409
0.77636033, -0.63023776, 0.0
0.25304639, 0.02905136
0.00403499, 0.17339021, -0.01550409
0.77636033, 0.63023776, 0.0
0.26842296, 0.02906024
-1.367e-05, 0.16991022, -0.01955275
0.0, -0.63023776, -0.77636033
0.47366163, 0.03463012
-0.0028765, 0.17339021, -0.01836692
-0.54896694, 0.63023776, -0.54896694
0.45756429, 0.0217399
-1.367e-05, 0.17339027, -0.01955275
0.0, 0.63026828, -0.77636033
0.45991346, 0.03463012
-1.367e-05, 0.17339021, -0.01145544
0.0, 0.63023776, 0.77636033
0.22198078, 0.02891105
0.00284917, 0.16991022, -0.01264125
0.54896694, -0.63023776, 0.54896694
0.23756, 0.01602083
0.00284917, 0.17339021, -0.01264126
0.54896694, 0.63023776, 0.54896694
0.22219263, 0.01602077
0.00284917, 0.17339021, -0.01836692
0.54896694, 0.63023776, -0.54896694
0.45756429, 0.0475204
-0.0028765, 0.16991022, -0.01264125
-0.54896694, -0.63023776, 0.54896694
0.23756, 0.04180133
-0.0028765, 0.17339021, -0.01264126
-0.54896694, 0.63023776, 0.54896694
0.22219263, 0.04180127
0.00284917, 0.17339021, -0.01836692
0.54896694, 0.63023776, -0.54896694
0.26853269, 0.04180133
-0.00406232, 0.16991022, -0.01550409
-0.77636033, -0.63023776, 0.0
0.23756, 0.02877134
-0.0028765, 0.17339021, -0.01264126
-0.54896694, 0.63023776, 0.54896694
0.25304639, 0.04179251
-0.00494969, 0.17233677, -0.01550409
-0.71669668, 0.67461163, 0.17667165
0.7454834, 0.13228011
0.00492236, 0.17233677, -0.01550409
0.71669668, 0.67461163, 0.17667165
0.70295769, 0.12234294
0.00562533, 0.17234039, -0.02327423
0.65019685, 0.7426374, 0.16025269
0.69234413, 0.15532869
-0.00494969, 0.1698447, -0.01550443
-0.71660513, -0.67479473, 0.17630543
0.58716893, 0.13345641
-0.00565267, 0.16984832, -0.02327457
-0.6502884, -0.74260688, 0.15997803
0.57663149, 0.16208416
0.00492236, 0.1698447, -0.01550443
0.71660513, -0.67479473, 0.17630543
0.62938732, 0.14467156
-0.00565267, 0.17234039, -0.03455224
-0.54896694, 0.63026828, -0.54893643
0.52213353, 0.11832631
-0.00798841, 0.16984832, -0.02891357
-0.77636033, -0.63023776, 0.0
0.51086068, 0.14340663
-0.00798841, 0.17234039, -0.02891323
-0.77636033, 0.63023776, 0.0
0.5218721, 0.14342237
0.00347663, 0.17233677, -0.01201379
0.54896694, 0.63020724, 0.54899746
0.35011193, 0.00893831
-1.367e-05, 0.1698447, -0.01056841
0.0, -0.63029879, 0.77632982
0.3608585, 0.02465385
0.00347663, 0.1698447, -0.01201413
0.54896694, -0.63026828, 0.54893643
0.36111686, 0.00893837
0.00796108, 0.17234039, -0.02891323
0.77636033, 0.63023776, 0.0
0.97654647, 0.56106362
0.00562533, 0.16984832, -0.02327457
0.6502884, -0.74260688, 0.15997803
0.96570516, 0.53541341
0.00796108, 0.16984832, -0.02891357
0.77636033, -0.63023776, 0.0
0.96553504, 0.56107932
0.00562533, 0.17234039, -0.03455224
0.54896694, 0.63026828, -0.54893643
0.97680777, 0.58615968
0.00562533, 0.16984832, -0.03455257
0.54896694, -0.63020724, -0.54899746
0.96579641, 0.58617535
-1.367e-05, 0.17234039, -0.03688798
0.0, 0.63029879, -0.77632982
0.97016269, 0.30083352
-0.00565266, 0.16984832, -0.03455257
-0.54896694, -0.63020724, -0.54899746
0.97538072, 0.27544326
-0.00565267, 0.17234039, -0.03455224
-0.54896694, 0.63026828, -0.54893643
0.96553504, 0.27544326
-0.00350396, 0.17233677, -0.01201379
-0.54896694, 0.63020724, 0.54899746
0.35011193, 0.04036933
-1.367e-05, 0.17233677, -0.01056807
0.0, 0.63020724, 0.77642143
0.34985358, 0.02465379
-0.00565267, 0.16984832, -0.02327457
-0.6502884, -0.74260688, 0.15997803
0.51103079, 0.16907257
-0.00565267, 0.17234039, -0.02327423
-0.65019685, 0.7426374, 0.16025269
0.52204221, 0.1690883
0.00492236, 0.17233677, -0.01550409
0.71669668, 0.67461163, 0.17667165
0.97670251, 0.50033879
0.00347663, 0.1698447, -0.01201413
0.54896694, -0.63026828, 0.54893643
0.96579647, 0.4844684
0.00492236, 0.1698447, -0.01550443
0.71660513, -0.67479473, 0.17630543
0.96569115, 0.5003545
0.00562533, 0.17234039, -0.02327423
0.65019685, 0.7426374, 0.16025269
0.97671658, 0.53539768
0.00562533, 0.16984832, -0.03455257
0.54896694, -0.63020724, -0.54899746
0.97538072, 0.32622385
-1.367e-05, 0.16984832, -0.03688832
0.0, -0.63020724, -0.77642143
0.98000848, 0.30083352
-0.00494969, 0.17233677, -0.01550409
-0.71669668, 0.67461163, 0.17667165
0.52202827, 0.20414722
-0.00350396, 0.1698447, -0.01201413
-0.54896694, -0.63026828, 0.54893643
0.51112217, 0.22001761
-0.00350396, 0.17233677, -0.01201379
-0.54896694, 0.63020724, 0.54899746
0.52213353, 0.22003329
-0.00494969, 0.1698447, -0.01550443
-0.71660513, -0.67479473, 0.17630543
0.51101685, 0.20413148
0.00536147, 0.0639567, -0.03738692
0.38178656, 0.65996277, -0.6470229
0.62938732, 0.07410502
-1e-08, 0.02842021, -0.03882353
0.0, 0.59556872, -0.80327767
0.65308261, 0.22003329
-2e-08, 0.06411684, -0.03882353
0.0, 0.69490647, -0.71907711
0.65308261, 0.07636029
-0.00268078, 0.17127584, -0.03810522
-0.38734093, 0.87380594, -0.29389325
0.44136268, 0.01868808
-0.00268078, 0.16936973, -0.04177247
-0.61867124, 0.12927641, -0.77489549
0.42516103, 0.02725935
-0.00268078, 0.16487098, -0.03810522
-0.50074768, -0.28141117, -0.81853694
0.44136265, 0.0475204
0.00536145, 0.16482295, -0.03738692
0.49998474, 0.0, -0.86602372
0.84938401, 0.2510224
0.00928634, 0.17127584, -0.03346204
0.71526229, 0.63411361, -0.29371014
0.83344841, 0.22180378
0.00928634, 0.16454686, -0.03346204
0.92385632, 0.0, -0.38267159
0.83247042, 0.25207895
-0.0053615, 0.0639567, -0.03738692
-0.38865322, 0.0913419, -0.91683704
0.6767779, 0.07410502
-0.00536149, 0.02822803, -0.03738691
-0.36796167, 0.71788692, -0.59092993
0.67677796, 0.21790695
0.00268071, 0.16936973, -0.04177247
0.61867124, 0.12924589, -0.77489549
0.84773153, 0.04828161
-0.00268078, 0.16487098, -0.04038106
-0.59477526, -0.64696187, -0.47709587
0.82403624, 0.03281367
-0.00268078, 0.16936973, -0.04177247
-0.61867124, 0.12927641, -0.77489549
0.82403624, 0.04828161
-1e-08, 0.01525017, -0.03882352
0.0, -0.5716117, -0.82049012
0.82403624, 0.02414083
0.00536148, 0.02444172, -0.03738692
0.2525712, -0.82586139, -0.50410473
0.78487813, 0.04828161
0.00536148, 0.01496189, -0.03738692
0.36567277, -0.57710499, -0.73018587
0.82232881, 0.04828161
-0.00536149, 0.02444172, -0.03738691
-0.2525712, -0.82586139, -0.50410473
0.78487813, 6e-08
-0.00536149, 0.01496189, -0.03738691
-0.36567277, -0.57710499, -0.73018587
0.82232881, 6e-08
0.00732392, 0.02409661, -0.03938382
0.69075596, -0.72234261, 0.03204443
0.83797532, 0.88466227
0.00732392, 0.02795195, -0.04146186
0.58763391, 0.62230295, -0.51707512
0.84771156, 0.86761867
0.00732392, 0.02795195, -0.03938382
0.72032839, 0.69316691, -0.02462844
0.83853573, 0.86731629
-0.00536149, 0.02444172, -0.03738691
-0.2525712, -0.82586139, -0.50410473
0.97382653, 0.64329305
-0.00732394, 0.0240966, -0.03938381
-0.69075596, -0.72234261, 0.03204443
0.98074085, 0.6521292
-0.00244132, 0.02409661, -0.03973899
0.36820582, -0.92034668, -0.13171789
0.9821049, 0.6301446
0.00268071, 0.16936973, -0.04177247
0.61867124, 0.12924589, -0.77489549
0.69865084, 0.01574153
-0.00268078, 0.17127584, -0.04038106
-0.61793876, 0.70091861, -0.3561205
0.70893782, 0.0398823
0.00268071, 0.17127584, -0.04038107
0.61793876, 0.70091861, -0.35615101
0.70893782, 0.01574153
0.0024413, 0.02795195, -0.03973899
-0.25510421, 0.86394846, -0.43409526
0.70893782, 0.0398823
-0.00244132, 0.02409661, -0.03973899
0.36820582, -0.92034668, -0.13171789
0.72416866, 0.01789773
-0.00244132, 0.02795195, -0.03973899
0.25510421, 0.86394846, -0.43409526
0.70893782, 0.01789773
0.00732392, 0.02795195, -0.04146186
0.58763391, 0.62230295, -0.51707512
0.33037975, 0.04036933
0.0024413, 0.02409661, -0.04217996
-0.56825465, -0.52586442, -0.63286233
0.34703329, 0.01838475
0.0024413, 0.02795195, -0.04146186
-0.58763391, 0.62230295, -0.51707512
0.33037972, 0.01838475
-0.00244132, 0.02795195, -0.04146186
0.58763391, 0.62230295, -0.51707512
0.37777039, 0.01838475
-0.00732393, 0.0240966, -0.04217996
-0.56825465, -0.52586442, -0.63286233
0.36111686, 0.04036933
-0.00732394, 0.02795195, -0.04146186
-0.58763391, 0.62230295, -0.51707512
0.37777039, 0.04036933
-1e-08, 0.02842021, -0.03882353
0.0, 0.59556872, -0.80327767
0.1414627, 0.04363018
-0.00244132, 0.02795195, -0.03973899
0.25510421, 0.86394846, -0.43409526
0.14514016, 0.03263789
-0.00536149, 0.02822803, -0.03738691
-0.36796167, 0.71788692, -0.59092993
0.13505851, 0.01948941
-0.00244132, 0.02409661, -0.03973899
0.36820582, -0.92034668, -0.13171789
0.67708272, 0.0398823
-0.00244132, 0.02795195, -0.04146186
0.58763391, 0.62230295, -0.51707512
0.68470395, 0.02252692
-0.00244132, 0.02795195, -0.03973899
0.25510421, 0.86394846, -0.43409526
0.67709243, 0.02252692
0.0024413, 0.02795195, -0.04146186
-0.58763391, 0.62230295, -0.51707512
0.69548792, 0.0398823
0.0024413, 0.02409661, -0.03973899
-0.36820582, -0.92034668, -0.13171789
0.68786681, 0.02252692
0.0024413, 0.02795195, -0.03973899
-0.25510421, 0.86394846, -0.43409526
0.6878764, 0.0398823
-0.00732394, 0.02795195, -0.04146186
-0.58763391, 0.62230295, -0.51707512
0.4225505, 0.35241455
-0.00732393, 0.0240966, -0.04217996
-0.56825465, -0.52586442, -0.63286233
0.42516103, 0.33496404
-0.00732394, 0.0240966, -0.03938381
-0.69075596, -0.72234261, 0.03204443
0.41281429, 0.3353709
-3e-08, 0.17114785, -0.00815985
0.0, 0.65318763, 0.75716424
0.12312448, 0.22003317
0.00441727, 0.17114785, -0.00934347
0.37858212, 0.65318763, 0.65572071
0.14264692, 0.21476781
0.00765095, 0.17114785, -0.0211206
0.31772819, 0.89236122, 0.32047486
0.15693834, 0.16237688
0.00536147, 0.09033358, -0.00715032
0.65901667, 0.25016022, 0.70925015
0.78487808, 0.0
-0.0053615, 0.08036166, -0.00715032
-0.67253637, -0.26456496, 0.69112217
0.7454834, 0.04828161
-0.0053615, 0.09033358, -0.00715032
-0.65901667, 0.25016022, 0.70925015
0.78487808, 0.04828161
-0.0053615, 0.09033358, -0.00715032
-0.65901667, 0.25016022, 0.70925015
0.94510335, 0.09697253
-0.0053615, 0.08606891, -0.00249777
-0.79696035, 0.56163216, 0.22220527
0.56117845, 0.0617041
0.00536147, 0.09033358, -0.00715032
0.65901667, 0.25016022, 0.70925015
0.60856903, 0.03803945
-0.0053615, 0.09033358, -0.00715032
-0.65901667, 0.25016022, 0.70925015
0.56117845, 0.03803945
0.00536147, 0.0840639, -0.00252613
0.79125339, -0.57808161, 0.19916379
0.37777036, 0.22003317
-0.0053615, 0.0840639, -0.00252613
-0.79125339, -0.57808161, 0.19916379
0.425161, 0.22003317
0.00536147, 0.08600593, 0.00294877
0.63307595, 0.7167272, 0.29236731
0.60856903, 0.08597702
0.00536147, 0.08606891, -0.00249777
0.79696035, 0.56163216, 0.22220527
0.60856903, 0.0617041
-0.0053615, 0.07957353, 0.00967516
-0.62831509, 0.30524614, 0.71553695
0.56117839, 0.12037563
-0.0053615, 0.08600592, 0.00294877
-0.63307595, 0.7167272, 0.29236731
0.56117839, 0.08597702
0.00536147, 0.08400092, 0.0029204
0.79750967, -0.56050295, -0.22309031
0.67677796, 0.05265409
-0.0053615, 0.0840639, -0.00252613
-0.79125339, -0.57808161, 0.19916379
0.62938732, 0.07410502
0.00536147, 0.0840639, -0.00252613
0.79125339, -0.57808161, 0.19916379
0.67677796, 0.07410502
-0.0053615, 0.05445495, 0.00964295
-0.75853753, 0.13852352, 0.63670766
0.27629346, 0.21137691
0.00536147, 0.07957353, 0.00967517
0.62831509, 0.30524614, 0.71553695
0.3236841, 0.09836388
-0.0053615, 0.07957353, 0.00967516
-0.62831509, 0.30524614, 0.71553695
0.27629346, 0.09836388
0.00536147, 0.07867274, 0.00868453
0.80950344, -0.23490097, -0.53801078
0.67677796, 0.01822901
-0.0053615, 0.08400092, 0.0029204
-0.79750967, -0.56050295, -0.22309031
0.62938732, 0.05265409
0.00536148, 0.0548348, 0.00865232
0.81438643, 0.24344616, -0.52671897
0.37777036, 0.12402445
-0.0053615, 0.07867274, 0.00868453
-0.80950344, -0.23490097, -0.53801078
0.33037972, 0.22003317
0.00536147, 0.07867274, 0.00868453
0.80950344, -0.23490097, -0.53801078
0.37777036, 0.22003317
0.00536147, 0.08600593, 0.00294877
0.63307595, 0.7167272, 0.29236731
0.65982097, 0.59976691
0.00536147, 0.07957353, 0.00967517
0.62831509, 0.30524614, 0.71553695
0.62918484, 0.62772885
0.00536147, 0.08400092, 0.0029204
0.79750967, -0.56050295, -0.22309031
0.6596548, 0.60879198
-0.0053615, 0.05284455, 0.00344267
-0.5708487, 0.81136507, 0.12555315
0.67677796, 0.08943766
0.00536148, 0.05633964, -0.00715032
0.56321907, 0.42866299, 0.70641196
0.7241686, 0.0398823
-0.0053615, 0.05633964, -0.00715032
-0.56321907, 0.42866299, 0.70641196
0.67677796, 0.0398823
0.00536148, 0.05249454, 0.01054147
0.85235143, 0.04989776, 0.52055424
0.2115566, 0.01202309
-0.0053615, 0.05249454, 0.01054147
-0.85235143, 0.04989776, 0.52055424
0.16416599, 0.01202309
-0.0053615, 0.05365782, 0.00727258
-0.85027617, 0.29248941, -0.43754387
0.67677796, 0.10590923
0.00536148, 0.05284456, 0.00344267
0.5708487, 0.81136507, 0.12555315
0.7241686, 0.08943766
-0.0053615, 0.05365782, 0.00727258
-0.85027617, 0.29248941, -0.43754387
0.9806332, 0.27544326
0.00536148, 0.05249454, 0.01054147
0.85235143, 0.04989776, 0.52055424
0.96553504, 0.22716171
-0.0053615, 0.05249454, 0.01054147
-0.85235143, 0.04989776, 0.52055424
0.96553504, 0.27544326
-0.0053615, 0.05249454, 0.01054147
-0.85235143, 0.04989776, 0.52055424
0.27629346, 0.22003317
0.00536148, 0.05445495, 0.00964295
0.75853753, 0.13852352, 0.63670766
0.3236841, 0.21137691
-0.0053615, 0.05365782, 0.00727258
-0.85027617, 0.29248941, -0.43754387
0.33037975, 0.11650223
0.00536148, 0.05365782, 0.00727258
0.85027617, 0.29248941, -0.43751335
0.37777036, 0.11650229
-0.0053615, 0.07867274, 0.00868453
-0.80950344, -0.23490097, -0.53801078
0.20826711, 0.58810741
-0.0053615, 0.07957353, 0.00967516
-0.62831509, 0.30524614, 0.71553695
0.20402384, 0.59230444
-0.0053615, 0.08400092, 0.0029204
-0.79750967, -0.56050295, -0.22309031
0.23449375, 0.61124128
0.00928636, 0.05159732, -0.01929897
0.99996948, 0.0, 0.0
0.75351435, 0.75820106
0.00928636, 0.0638731, -0.03346204
0.86770225, 0.097293, -0.48741111
0.81783724, 0.70503077
0.00928635, 0.08549382, -0.03346204
0.86742759, -0.09732353, -0.48789942
0.82097989, 0.60775471
0.00928636, 0.04792694, -0.01931699
1.0, 0.0, 0.0
0.7530604, 0.77471752
0.00928636, 0.04484104, -0.03346204
0.92385632, 0.0, -0.38267159
0.81507093, 0.79065989
0.00928636, 0.04849827, -0.03346204
0.92385632, 0.0, -0.38267159
0.81560248, 0.77420524
0.00928636, 0.04425656, -0.01933501
1.0, 0.0, 0.0
0.75260645, 0.79123391
0.00928636, 0.0411838, -0.03346204
0.92385632, 0.0, -0.38267159
0.81453931, 0.80711454
0.00928636, 0.04058617, -0.01935303
0.99996948, 0.0, 0.0
0.7521525, 0.80775034
0.00928636, 0.03752655, -0.03346204
0.92385632, 0.0, -0.38267159
0.8140077, 0.82356924
0.00928636, 0.03691579, -0.01937105
1.0, 0.0, 0.0
0.75169855, 0.82426679
0.00928636, 0.03386932, -0.03346204
0.92385632, 0.0, -0.38267159
0.81347615, 0.84002389
0.00928636, 0.03324542, -0.01938907
1.0, 0.0, 0.0
0.75124466, 0.84078318
0.00928636, 0.03021208, -0.03346204
0.92385632, 0.0, -0.38267159
0.81294459, 0.85647854
-0.00928638, 0.05215551, -0.03346203
-0.92385632, 0.0, -0.38267159
0.39097306, 0.4622826
-0.0092864, 0.14229263, -0.01917283
-0.80593282, 0.38438064, 0.45017853
0.3409791, 0.86990733
-0.00928638, 0.04792694, -0.01931699
-1.0, 0.0, 0.0
0.32789937, 0.44531572
-0.00928638, 0.04484104, -0.03346203
-0.92385632, 0.0, -0.38267159
0.38990989, 0.42937332
-0.00928638, 0.04425656, -0.01933501
-1.0, 0.0, 0.0
0.32744542, 0.42879933
-0.00928638, 0.0411838, -0.03346203
-0.92385632, 0.0, -0.38267159
0.38937831, 0.41291869
-0.00928638, 0.04058617, -0.01935302
-1.0, 0.0, 0.0
0.32699147, 0.41228288
-0.00928638, 0.03752655, -0.03346203
-0.92385632, 0.0, -0.38267159
0.3888467, 0.39646399
-0.00928637, 0.03386932, -0.03346203
-0.92385632, 0.0, -0.38267159
0.38831511, 0.38000929
-0.00928637, 0.03324542, -0.01938906
-1.0, 0.0, 0.0
0.32608363, 0.37925005
-0.00928637, 0.03021208, -0.03346203
-0.92385632, 0.0, -0.38267159
0.38778356, 0.36355466
-0.00928637, 0.02957502, -0.01940708
-1.0, 0.0, 0.0
0.32562968, 0.36273354
-0.00268078, 0.16487098, -0.03810522
-0.50074768, -0.28141117, -0.81853694
0.96445698, 0.97277162
-2e-08, 0.08556522, -0.03882352
0.0, -0.61836606, -0.78588212
0.97630465, 0.6521292
-0.00536152, 0.16482295, -0.03738691
-0.49998474, 0.0, -0.86602372
0.95260936, 0.97402823
0.00536148, 0.02822803, -0.03738692
0.36796167, 0.71788692, -0.59092993
0.82952964, 0.86559087
-4e-08, 0.16491902, -0.03882352
0.0, 0.0, -1.0
0.97630465, 0.97151508
0.00268071, 0.16487098, -0.03810522
0.50074768, -0.28141117, -0.81853694
0.98815233, 0.97277162
-0.0053615, 0.0639567, -0.03738692
-0.38865322, 0.0913419, -0.91683704
0.7364198, 0.10590923
0.00536147, 0.0639567, -0.03738692
0.38178656, 0.65996277, -0.6470229
0.72425413, 0.05924571
-2e-08, 0.06411684, -0.03882353
0.0, 0.69490647, -0.71907711
0.7241686, 0.08424664
0.00536147, 0.0854371, -0.03738692
0.3782464, -0.65828425, -0.65077668
0.15298025, 0.05596101
-0.00536151, 0.0854371, -0.03738692
-0.38657796, -0.09137242, -0.91769159
0.16364335, 0.00891751
-2e-08, 0.08556522, -0.03882352
0.0, -0.61836606, -0.78588212
0.15266299, 0.03111029
0.00928635, 0.08549382, -0.03346204
0.86742759, -0.09732353, -0.48789942
0.27629346, 0.22003317
-0.0053615, 0.0639567, -0.03738692
-0.38865322, 0.0913419, -0.91683704
0.21155664, 0.12542742
-0.00536151, 0.0854371, -0.03738692
-0.38657796, -0.09137242, -0.91769159
0.21155664, 0.21188247
0.00386242, 0.17413451, -0.02503714
-0.34885707, 0.83193457, -0.43144017
0.4315989, 0.08662355
0.00706103, 0.17413451, -0.02891323
0.77636033, 0.63023776, 0.0
0.44190851, 0.1064834
0.00546795, 0.17413451, -0.02891323
-0.59434795, 0.80416274, 0.0
0.44457516, 0.09984475
-1.367e-05, 0.17413451, -0.02183854
0.0, 0.63023776, 0.77636033
0.42516103, 0.06508189
0.0049889, 0.17413451, -0.02391066
0.54896694, 0.63023776, 0.54896694
0.42516103, 0.08941978
-0.00388975, 0.17413451, -0.02503714
0.34885707, 0.83193457, -0.43144017
0.44457522, 0.05431885
-1.367e-05, 0.17413451, -0.02432473
0.0, 0.75014496, -0.66124457
0.43520811, 0.06927085
-0.00708836, 0.17413451, -0.02891323
-0.77636033, 0.63023776, 0.0
0.46559316, 0.0475204
-0.00501623, 0.17413451, -0.02391066
-0.54896694, 0.63023776, 0.54896694
0.44190857, 0.04772663
-0.00388975, 0.17413451, -0.03278932
0.42027038, 0.80416274, 0.42027038
0.47590283, 0.06738031
-0.00549528, 0.17413451, -0.02891323
0.59434795, 0.80416274, 0.0
0.46292651, 0.05415905
-1.367e-05, 0.17413451, -0.03439485
0.0, 0.80416274, 0.59437847
0.47590283, 0.08623779
-0.00501623, 0.17413451, -0.0339158
-0.54896694, 0.63023776, -0.54896694
0.48234069, 0.06458408
0.0049889, 0.17413451, -0.0339158
0.54896694, 0.63023776, -0.54896694
0.46559313, 0.10627723
-1.367e-05, 0.17413451, -0.03598793
0.0, 0.63023776, -0.77636033
0.48234069, 0.0889219
0.00386242, 0.17413451, -0.03278932
-0.42027038, 0.80416274, 0.42027038
0.46292648, 0.09968495
0.00386242, 0.17413451, -0.03278932
-0.42027038, 0.80416274, 0.42027038
0.52228206, 0.04816848
0.00546795, 0.17235865, -0.02891323
-0.77636033, 0.63023776, 0.0
0.52998024, 0.03052217
0.00546795, 0.17413451, -0.02891323
-0.59434795, 0.80416274, 0.0
0.52213353, 0.0305267
-0.00388975, 0.17235865, -0.03278932
0.54896694, 0.63023776, 0.54896694
0.06910668, 0.00670129
-0.00549528, 0.17235865, -0.02891323
0.77636033, 0.63023776, 0.0
0.05075538, 0.00654149
-1.367e-05, 0.17235865, -0.02432473
0.0, 0.66856897, -0.74361402
0.0413883, 0.0371154
-0.00388975, 0.17413451, -0.02503714
0.34885707, 0.83193457, -0.43144017
0.94448423, 0.05410004
-0.00549528, 0.17235865, -0.02891323
0.77636033, 0.63023776, 0.0
0.95218235, 0.03685397
-0.00549528, 0.17413451, -0.02891323
0.59434795, 0.80416274, 0.0
0.94433552, 0.03684944
-0.00388975, 0.17235865, -0.03278932
0.54896694, 0.63023776, 0.54896694
0.95233101, 0.01921219
-0.00388975, 0.17413451, -0.03278932
0.42027038, 0.80416274, 0.42027038
0.94448417, 0.01920766
0.00386242, 0.17235865, -0.02503714
-0.49638355, 0.61369669, -0.61394083
0.53012884, 0.01327157
0.00386242, 0.17413451, -0.02503714
-0.34885707, 0.83193457, -0.43144017
0.522282, 0.0132761
-0.00388975, 0.17413451, -0.03278932
0.42027038, 0.80416274, 0.42027038
0.7445488, 0.03609896
-1.367e-05, 0.17235865, -0.03439485
0.0, 0.63023776, 0.77636033
0.73641986, 0.0535515
-1.367e-05, 0.17413451, -0.03439485
0.0, 0.80416274, 0.59437847
0.74426198, 0.05355155
0.00386242, 0.17413451, -0.02503714
-0.34885707, 0.83193457, -0.43144017
0.74343562, 0.07100409
-1.367e-05, 0.17235865, -0.02432473
0.0, 0.66856897, -0.74361402
0.73783141, 0.08845669
-1.367e-05, 0.17413451, -0.02432473
0.0, 0.75014496, -0.66124457
0.74484718, 0.08845669
0.00386242, 0.17235865, -0.03278932
-0.54896694, 0.63023776, 0.54896694
0.73670673, 0.07100409
0.00386242, 0.17413451, -0.03278932
-0.42027038, 0.80416274, 0.42027038
0.7445488, 0.07100409
-0.00388975, 0.17235865, -0.02503714
0.49638355, 0.61369669, -0.61394083
0.73641986, 0.10590923
-0.00388975, 0.17413451, -0.02503714
0.34885707, 0.83193457, -0.43144017
0.74343562, 0.10590923
-0.00928637, -0.00061716, -0.01342849
-0.75423443, -0.55320901, -0.35358745
0.48234069, 0.1064834
0.00536146, 0.13860637, -0.00874741
0.37376019, 0.68013549, 0.63060397
0.71911234, 0.3648088
-0.0092864, 0.13860637, -0.01267229
-0.71901608, 0.52623063, 0.45396283
0.31173944, 0.85426803
-0.00536151, 0.13860637, -0.00874741
-0.37376019, 0.68013549, 0.63060397
0.94510335, 0.31385863
-0.00536152, 0.17127584, -0.03738692
-0.3785516, 0.65321815, -0.65572071
0.09942919, 0.08992666
-0.0092864, 0.17127584, -0.03346203
-0.71526229, 0.63411361, -0.29371014
0.08208302, 0.10738659
-0.0092864, 0.17127584, -0.02129478
-0.5814997, 0.60817283, 0.5402692
0.08208302, 0.16151297
0.00928634, 0.17127584, -0.02129478
0.5814997, 0.60820335, 0.5402692
0.16416599, 0.16151297
0.00928634, 0.17127584, -0.03346204
0.71526229, 0.63411361, -0.29371014
0.16416599, 0.10738659
0.00536145, 0.17127584, -0.03738692
0.3785516, 0.65321815, -0.65572071
0.1468198, 0.08992666
-0.0092864, 0.14229263, -0.01917283
-0.80593282, 0.38438064, 0.45017853
0.95233101, 0.18411231
0.00441727, 0.13299473, -0.00934535
0.40955839, -3.052e-05, 0.91225928
0.7979027, 0.04828161
0.00765095, 0.17114785, -0.0211206
0.31772819, 0.89236122, 0.32047486
0.94510335, 0.05464876
-0.00732393, 0.01454776, -0.03542447
-0.46684164, -0.65541553, -0.59367657
0.3939434, 0.29298484
-0.00928637, 0.02655485, -0.03346203
-0.92385632, 0.0, -0.38267159
0.38725191, 0.34710002
-0.00732394, 0.02795195, -0.03542447
-0.82741785, 0.13098544, -0.5460372
0.39589176, 0.35329306
-0.00732393, 0.0240966, -0.03542447
-0.81044954, -0.13040559, -0.57106233
0.39533135, 0.33594704
-0.00536149, 0.02444172, -0.03738691
-0.2525712, -0.82586139, -0.50410473
0.40381825, 0.33740693
-0.00536149, 0.01496189, -0.03738691
-0.36567277, -0.57710499, -0.73018587
0.40244034, 0.29475522
-0.00536149, 0.02822803, -0.03738691
-0.36796167, 0.71788692, -0.59092993
0.40436858, 0.35444236
-0.00928638, 0.04849827, -0.03346203
-0.92385632, 0.0, -0.38267159
0.39044151, 0.44582802
-0.0053615, 0.0639567, -0.03738692
-0.38865322, 0.0913419, -0.91683704
0.40956187, 0.51519302
-0.0092864, 0.17127584, -0.03346203
-0.71526229, 0.63411361, -0.29371014
0.4082875, 0.99822945
-0.00536152, 0.17127584, -0.03738692
-0.3785516, 0.65321815, -0.65572071
0.42516097, 0.99804386
0.00765095, 0.17114785, -0.0211206
0.31772819, 0.89236122, 0.32047486
0.74548548, 0.21975595
-0.00928637, 0.01169609, -0.01955124
-0.77156895, -0.57426679, -0.2735374
0.42516103, 0.13670778
0.00268071, 0.17127584, -0.04038107
0.61793876, 0.70091861, -0.35615101
0.44750977, 0.0475204
0.00268071, 0.16487098, -0.04038106
0.59477526, -0.64696187, -0.47709587
0.44750983, 0.01868802
-0.00765102, 0.17114785, -0.0211206
-0.31772819, 0.89236122, 0.32047486
0.79790479, 0.04855883
-0.00765101, 0.14231658, -0.01908196
-0.65800959, 0.49171424, 0.57026887
0.80691767, 0.17835164
0.00268071, 0.17127584, -0.04038107
0.61793876, 0.70091861, -0.35615101
0.13497214, 0.07660711
-0.00441732, 0.13299473, -0.00934535
-0.40955839, -3.052e-05, 0.91225928
0.56117839, 0.04816848
0.00928634, 0.14229263, -0.01917283
0.80593282, 0.38438064, 0.45017853
0.27629343, 0.12542742
-0.00536151, 0.13860637, -0.00874741
-0.37376019, 0.68013549, 0.63060397
0.22825365, 0.05947363
0.00536146, 0.13860637, -0.00874741
0.37376019, 0.68013549, 0.63060397
0.22825363, 0.10775518
0.00536148, 0.05633964, -0.00715032
0.56321907, 0.42866299, 0.70641196
0.37777036, 0.0944615
-0.0053615, 0.08036166, -0.00715032
-0.67253637, -0.26456496, 0.69112217
0.2784332, 0.59340203
-0.0053615, 0.05633964, -0.00715032
-0.56321907, 0.42866299, 0.70641196
0.27494156, 0.48532206
-0.00928637, -0.00061716, -0.01342849
-0.75423443, -0.55320901, -0.35358745
0.62786472, 0.12037569
0.00928637, 0.02859406, 0.05345668
0.71901608, 0.08911405, 0.68923002
0.42890987, 0.85111062
0.00928634, 0.14229263, -0.01917283
0.80593282, 0.38438064, 0.45017853
0.7661401, 0.35012603
0.00928637, 0.00722813, -0.01437085
0.79818112, -0.28315073, -0.53169346
0.72530454, 0.95711005
0.00928637, 0.01169609, -0.01955124
0.77156895, -0.57426679, -0.2735374
0.74882853, 0.93776159
0.00928636, 0.02957502, -0.01940709
0.99996948, 0.0, 0.0
0.75079072, 0.85729966
0.00536148, 0.05633964, -0.00715032
0.56321907, 0.42866299, 0.70641196
0.70010257, 0.73471117
0.00536149, -0.00324759, 0.04757317
0.31632435, -0.84881133, 0.42359692
0.89771271, 0.0858953
0.00536148, 0.05365782, 0.00727258
0.85027617, 0.29248941, -0.43751335
0.6360268, 0.74467853
0.00536148, 0.05249454, 0.01054147
0.85235143, 0.04989776, 0.52055424
0.6214236, 0.74943668
0.00536148, 0.03377623, 0.0543727
0.34543902, 0.51847893, 0.78218937
0.42516103, 0.82727624
-0.00536149, -0.00324759, 0.04757317
-0.31632435, -0.84881133, 0.42359692
0.02464253, 0.22518986
-0.0053615, 0.05284455, 0.00344267
-0.5708487, 0.81136507, 0.12555315
0.22765894, 0.47113836
-0.00536149, 0.03377623, 0.05437268
-0.34543902, 0.51847893, 0.78218937
0.0, 0.392757
-0.0053615, 0.05249454, 0.01054147
-0.85235143, 0.04989776, 0.52055424
0.19626254, 0.47059649
-0.0053615, 0.05365782, 0.00727258
-0.85027617, 0.29248941, -0.43754387
0.21086575, 0.47535473
0.00536149, -0.00324759, 0.04757317
0.31632435, -0.84881133, 0.42359692
0.44980362, 0.99484335
0.00536148, 0.03377623, 0.0543727
0.34543902, 0.51847893, 0.78218937
0.21155663, 0.22003317
-0.0107487, 0.00368573, 0.04771008
-0.57155067, -0.71730703, 0.39844966
0.85032207, 0.65706006
-0.00928637, 0.02613587, -0.01667157
0.0, -0.57908869, -0.81524092
0.97199786, 0.32622385
-0.01074871, 0.05050728, -0.01667157
-0.56178474, 0.67397076, -0.47968993
0.95260936, 0.32622385
-0.01074871, 0.0264192, 0.05282177
-0.5834834, 0.39500105, 0.70955533
0.21155664, 0.02222025
0.0107487, 0.00368573, 0.04771008
0.57155067, -0.71730703, 0.39844966
0.85032207, 0.65706006
0.01074869, 0.05050728, -0.01667157
0.56178474, 0.67397076, -0.47968993
0.52213353, 0.11831063
0.0107487, 0.02613587, -0.01667157
0.59706414, -0.46455276, -0.65395063
0.95907229, 0.02429688
0.00928637, 0.00368573, 0.04771008
0.0, -0.87417221, 0.48558
0.33014697, 0.116826
0.0107487, 0.0264192, 0.05282177
0.5834834, 0.39500105, 0.70955533
0.95907223, 0.32622385
0.00928637, 0.02859406, 0.05345668
0.71901608, 0.08911405, 0.68923002
0.0, 0.1965521
-0.00928637, 0.02859406, 0.05345668
-0.71901608, 0.08911405, 0.68923002
0.08208301, 0.1965521
0.00536148, 0.03377623, 0.0543727
0.34543902, 0.51847893, 0.78218937
0.01734618, 0.22003317
-0.00536149, 0.03377623, 0.05437268
-0.34543902, 0.51847893, 0.78218937
0.06473682, 0.22003317
0.00536149, -0.00324759, 0.04757317
0.31632435, -0.84881133, 0.42359692
0.01734618, 0.05222726
-0.01074871, 0.02613587, -0.01667157
-0.59706414, -0.46455276, -0.65395063
0.95907229, 0.02429688
-0.00536149, -0.00254775, -0.00950361
-0.32526627, -0.82308418, 0.46552935
0.33037975, 0.11650223
0.00928636, 0.02655485, -0.03346204
0.92385632, 0.0, -0.38267159
0.81241298, 0.87293319
-0.00928637, 0.01169609, -0.01955124
-0.77156895, -0.57426679, -0.2735374
0.32366747, 0.28227156
-0.00536149, 0.01496189, -0.03738691
-0.36567277, -0.57710499, -0.73018587
0.44250721, 0.21376979
-1e-08, 0.01525017, -0.03882352
0.0, -0.5716117, -0.82049012
0.46620253, 0.22003317
0.00536148, 0.01496189, -0.03738692
0.36567277, -0.57710499, -0.73018587
0.48989785, 0.21376985
0.00928637, 0.01413367, -0.03346203
0.69942319, -0.61091954, -0.37086093
0.50724405, 0.1965676
-0.00928637, 0.01413366, -0.03346203
-0.69939268, -0.61091954, -0.37086093
0.42516103, 0.19656765
-0.00928638, 0.05159732, -0.01929897
-1.0, 0.0, 0.0
0.32835329, 0.46183211
-0.00928637, 0.00722812, -0.01437085
-0.79818112, -0.28315073, -0.53169346
0.30014348, 0.26292312
0.00536149, -0.00254775, -0.00950361
0.32526627, -0.82308418, 0.46552935
0.7019344, 1.0
0.00536149, 0.01402728, -0.00091887
0.52159184, -0.84752953, 0.09790338
0.37777036, 0.04036939
0.0049889, 0.17413451, -0.02391066
0.54896694, 0.63023776, 0.54896694
0.37777039, 0.02644491
-0.00501623, 0.17413451, -0.02391066
-0.54896694, 0.63023776, 0.54896694
0.89771271, 0.02917886
-0.00501623, 0.17413451, -0.0339158
-0.54896694, 0.63023776, -0.54896694
0.85032207, 0.0178532
-1.367e-05, 0.17413451, -0.03598793
0.0, 0.63023776, -0.77636033
0.10419205, 0.01595795
0.00706103, 0.15906578, -0.02891323
0.77636033, -0.63023776, 0.0
0.29126883, 0.03841943
0.0049889, 0.15906578, -0.02391067
0.54896694, -0.63023776, 0.54896694
0.27629346, 0.05382705
-1.366e-05, 0.15906578, -0.02183854
0.0, -0.63023776, 0.77636033
0.27629352, 0.07776648
-0.00708836, 0.15906578, -0.02891323
-0.77636033, -0.63023776, 0.0
0.3124474, 0.09836388
-0.00501623, 0.15906578, -0.0339158
-0.54896694, -0.63023776, -0.54896694
0.32742274, 0.08295619
0.00284917, 0.17339021, -0.01264126
0.54896694, 0.63023776, 0.54896694
0.01464097, 0.05210924
0.00403499, 0.17339021, -0.01550409
0.77636033, 0.63023776, 0.0
0.02819502, 0.0522272
0.00284917, 0.17339021, -0.01836692
0.54896694, 0.63023776, -0.54896694
0.03777909, 0.04246211
-1.367e-05, 0.17339027, -0.01955275
0.0, 0.63026828, -0.77636033
0.03777909, 0.02853417
-0.0028765, 0.17339021, -0.01264126
-0.54896694, 0.63023776, 0.54896694
0.00505667, 0.02824944
0.00284917, 0.16991022, -0.01264125
0.54896694, -0.63023776, 0.54896694
0.53191847, 0.02268124
-1.367e-05, 0.16991022, -0.01145543
0.0, -0.63023776, 0.77636033
0.53191853, 0.03638107
-0.0028765, 0.16991022, -0.01264125
-0.54896694, -0.63023776, 0.54896694
0.54048848, 0.04693824
-0.0028765, 0.16991022, -0.01836692
-0.54896694, -0.63023776, -0.54896694
0.56117839, 0.03935111
0.00284917, 0.16991022, -0.01836692
0.54896694, -0.63023776, -0.54896694
0.55260837, 0.01509404
0.00284917, 0.16991022, -0.01264125
0.54896694, -0.63023776, 0.54896694
0.25315616, 0.01602137
-0.0028765, 0.16991022, -0.01836692
-0.54896694, -0.63023776, -0.54896694
0.47131225, 0.0217399
-1.367e-05, 0.16991022, -0.01145543
0.0, -0.63023776, 0.77636033
0.23734815, 0.02891105
0.00284917, 0.16991022, -0.01836692
0.54896694, -0.63023776, -0.54896694
0.47131225, 0.0475204
0.00284917, 0.16991022, -0.01836692
0.54896694, -0.63023776, -0.54896694
0.25315616, 0.04179245
-0.0028765, 0.16991022, -0.01264125
-0.54896694, -0.63023776, 0.54896694
0.2376698, 0.04180133
0.00796108, 0.17234039, -0.02891323
0.77636033, 0.63023776, 0.0
0.67677796, 0.17742789
0.00562533, 0.17234039, -0.03455224
0.54896694, 0.63026828, -0.54893643
0.68133515, 0.20422941
-1.367e-05, 0.17234039, -0.03688798
0.0, 0.63029879, -0.77632982
0.70334613, 0.22003329
-0.00565267, 0.17234039, -0.03455224
-0.54896694, 0.63026828, -0.54893643
0.72991723, 0.21558177
-0.00798841, 0.17234039, -0.02891323
-0.77636033, 0.63023776, 0.0
0.7454834, 0.19348258
-0.00565267, 0.17234039, -0.02327423
-0.65019685, 0.7426374, 0.16025269
0.74092621, 0.16668105
-0.00350396, 0.17233677, -0.01201379
-0.54896694, 0.63020724, 0.54899746
0.74266267, 0.11569118
-1.367e-05, 0.17233677, -0.01056807
0.0, 0.63020724, 0.77642143
0.72903883, 0.10590923
0.00347663, 0.17233677, -0.01201379
0.54896694, 0.63020724, 0.54899746
0.71259248, 0.10866451
0.00562533, 0.16984832, -0.03455257
0.54896694, -0.63020724, -0.54899746
0.61393422, 0.21759611
0.00796108, 0.16984832, -0.02891357
0.77636033, -0.63023776, 0.0
0.62938732, 0.19889987
0.00562533, 0.16984832, -0.02327457
0.6502884, -0.74260688, 0.15997803
0.62486243, 0.17489654
0.00347663, 0.1698447, -0.01201413
0.54896694, -0.63026828, 0.54893643
0.62658662, 0.12981451
-1.367e-05, 0.1698447, -0.01056841
0.0, -0.63029879, 0.77632982
0.61306107, 0.12037569
-0.00350396, 0.1698447, -0.01201413
-0.54896694, -0.63026828, 0.54893643
0.59673375, 0.12188423
-0.00798841, 0.16984832, -0.02891357
-0.77636033, -0.63023776, 0.0
0.56117839, 0.18078041
-0.00565266, 0.16984832, -0.03455257
-0.54896694, -0.63020724, -0.54899746
0.56570321, 0.20478374
-1.367e-05, 0.16984832, -0.03688832
0.0, -0.63020724, -0.77642143
0.58755541, 0.22003329
-0.00565266, 0.16984832, -0.03455257
-0.54896694, -0.63020724, -0.54899746
0.51112205, 0.11831063
-0.00350396, 0.1698447, -0.01201413
-0.54896694, -0.63026828, 0.54893643
0.36111686, 0.04036933
0.00347663, 0.17233677, -0.01201379
0.54896694, 0.63020724, 0.54899746
0.97680777, 0.48445266
0.00562533, 0.17234039, -0.03455224
0.54896694, 0.63026828, -0.54893643
0.96553504, 0.32622385
0.00536148, 0.02822803, -0.03738692
0.36796167, 0.71788692, -0.59092993
0.62938732, 0.21790701
-0.00268078, 0.16487098, -0.04038106
-0.59477526, -0.64696187, -0.47709587
0.43130815, 0.04751456
-0.00268078, 0.17127584, -0.04038106
-0.61793876, 0.70091861, -0.3561205
0.43130815, 0.01868218
0.00536147, 0.0854371, -0.03738692
0.3782464, -0.65828425, -0.65077668
0.83784515, 0.60819554
0.00536145, 0.17127584, -0.03738692
0.3785516, 0.65321815, -0.65572071
0.85032195, 0.22198951
-1e-08, 0.02468194, -0.03882352
0.0, -0.92028564, -0.39118627
0.78677541, 0.02414083
0.00732392, 0.02795195, -0.03542448
0.82741785, 0.13098544, -0.5460372
0.82105279, 0.86674014
0.00732392, 0.02409661, -0.04217996
0.56825465, -0.52586442, -0.63286233
0.85032207, 0.88506914
0.00732392, 0.02409661, -0.03542447
0.81044954, -0.13040559, -0.57106233
0.82049239, 0.88408612
0.00732392, 0.02409661, -0.03938382
0.69075596, -0.72234261, 0.03204443
0.98074085, 0.58617535
0.00732392, 0.02409661, -0.03542447
0.81044954, -0.13040559, -0.57106233
0.96553504, 0.58617535
0.00536148, 0.02444172, -0.03738692
0.2525712, -0.82586139, -0.50410473
0.97382647, 0.5950115
0.0024413, 0.02409661, -0.03973899
-0.36820582, -0.92034668, -0.13171789
0.9821049, 0.60815999
0.0024413, 0.02409661, -0.04217996
-0.56825465, -0.52586442, -0.63286233
0.9914794, 0.60815996
0.00732392, 0.02409661, -0.04217996
0.56825465, -0.52586442, -0.63286233
0.9914794, 0.58617535
-1e-08, 0.02468194, -0.03882352
0.0, -0.92028564, -0.39118627
0.97986913, 0.61915228
-0.00732393, 0.0240966, -0.04217996
-0.56825465, -0.52586442, -0.63286233
0.9914794, 0.6521292
-0.00244132, 0.02409661, -0.04217996
0.56825465, -0.52586442, -0.63286233
0.9914794, 0.6301446
-0.00732393, 0.0240966, -0.03542447
-0.81044954, -0.13040559, -0.57106233
0.96553504, 0.6521292
-0.00268078, 0.16936973, -0.04177247
-0.61867124, 0.12927641, -0.77489549
0.69865084, 0.0398823
0.0024413, 0.02409661, -0.03973899
-0.36820582, -0.92034668, -0.13171789
0.7241686, 0.0398823
0.00732392, 0.02409661, -0.04217996
0.56825465, -0.52586442, -0.63286233
0.34703329, 0.04036933
-0.00244132, 0.02409661, -0.04217996
0.56825465, -0.52586442, -0.63286233
0.36111686, 0.01838475
0.00536148, 0.02822803, -0.03738692
0.36796167, 0.71788692, -0.59092993
0.13505855, 0.06777096
0.00732392, 0.02795195, -0.03542448
0.82741785, 0.13098544, -0.5460372
0.12630109, 0.07660711
0.00732392, 0.02795195, -0.03938382
0.72032839, 0.69316691, -0.02462844
0.14358933, 0.07660711
0.00732392, 0.02795195, -0.04146186
0.58763391, 0.62230295, -0.51707512
0.15266299, 0.07660711
0.0024413, 0.02795195, -0.03973899
-0.25510421, 0.86394846, -0.43409526
0.14514016, 0.05462247
0.0024413, 0.02795195, -0.04146186
-0.58763391, 0.62230295, -0.51707512
0.15266298, 0.05462247
-0.00732394, 0.02795195, -0.03938381
-0.72032839, 0.69316691, -0.02462844
0.14358933, 0.01065326
-0.00732394, 0.02795195, -0.03542447
-0.82741785, 0.13098544, -0.5460372
0.12630109, 0.01065326
-0.00244132, 0.02795195, -0.04146186
0.58763391, 0.62230295, -0.51707512
0.15266298, 0.03263789
-0.00732394, 0.02795195, -0.04146186
-0.58763391, 0.62230295, -0.51707512
0.15266299, 0.01065326
-0.00244132, 0.02409661, -0.04217996
0.56825465, -0.52586442, -0.63286233
0.68786681, 0.0398823
0.0024413, 0.02409661, -0.04217996
-0.56825465, -0.52586442, -0.63286233
0.69865084, 0.02252692
-0.00732394, 0.02795195, -0.03938381
-0.72032839, 0.69316691, -0.02462844
0.41337469, 0.35271692
-0.00765102, 0.17114785, -0.01257715
-0.71727651, 0.63023776, 0.29709768
0.08931064, 0.20038265
-0.00441733, 0.17114785, -0.00934347
-0.37858212, 0.65318763, 0.65572071
0.10360205, 0.21476781
0.00765095, 0.17114785, -0.01257715
0.71727651, 0.63023776, 0.29709768
0.15693833, 0.20038265
0.00536147, 0.08036166, -0.00715032
0.67253637, -0.26456496, 0.69112217
0.7454834, 0.0
0.00536147, 0.09033358, -0.00715032
0.65901667, 0.25016022, 0.70925015
0.89771271, 0.09697253
0.00536147, 0.07957353, 0.00967517
0.62831509, 0.30524614, 0.71553695
0.60856903, 0.12037569
-0.0053615, 0.07867274, 0.00868453
-0.80950344, -0.23490097, -0.53801078
0.62938732, 0.01822901
-0.0053615, 0.0548348, 0.00865231
-0.81438643, 0.24344616, -0.52674949
0.33037972, 0.12402439
0.00536147, 0.0840639, -0.00252613
0.79125339, -0.57808161, 0.19916379
0.68371373, 0.60930121
0.00536147, 0.08606891, -0.00249777
0.79696035, 0.56163216, 0.22220527
0.68387991, 0.60027611
0.00536148, 0.05445495, 0.00964295
0.75853753, 0.13852352, 0.63670766
0.62567604, 0.74074718
0.00536148, 0.0548348, 0.00865232
0.81438643, 0.24344616, -0.52671897
0.6301055, 0.73918229
0.00536147, 0.07867274, 0.00868453
0.80950344, -0.23490097, -0.53801078
0.63342816, 0.63192585
0.00536148, 0.05365782, 0.00727258
0.85027617, 0.29248941, -0.43751335
0.7241686, 0.10590923
0.00536148, 0.05365782, 0.00727258
0.85027617, 0.29248941, -0.43751335
0.9806332, 0.22716171
0.00536148, 0.05249454, 0.01054147
0.85235143, 0.04989776, 0.52055424
0.32368413, 0.22003311
-0.0053615, 0.08606891, -0.00249777
-0.79696035, 0.56163216, 0.22220527
0.25871891, 0.61975715
-0.0053615, 0.0840639, -0.00252613
-0.79125339, -0.57808161, 0.19916379
0.25855273, 0.61073208
-0.0053615, 0.05445495, 0.00964295
-0.75853753, 0.13852352, 0.63670766
0.20051502, 0.47928607
-0.0053615, 0.0548348, 0.00865231
-0.81438643, 0.24344616, -0.52674949
0.20494449, 0.48085093
-0.0053615, 0.08600592, 0.00294877
-0.63307595, 0.7167272, 0.29236731
0.23465994, 0.62026629
0.00928634, 0.17127584, -0.02129478
0.5814997, 0.60820335, 0.5402692
0.77972257, 0.22003329
0.00928634, 0.14778216, -0.02129622
0.80053103, 0.11899167, 0.58732873
0.77631402, 0.32573634
0.00928636, 0.05215551, -0.03346204
0.92385632, 0.0, -0.38267159
0.8161341, 0.7577506
-0.0092864, 0.17127584, -0.02129478
-0.5814997, 0.60817283, 0.5402692
0.35456157, 1.0
-0.0092864, 0.14778216, -0.02129621
-0.80053103, 0.11899167, 0.58732873
0.35115305, 0.89429688
-0.00536152, 0.17127584, -0.03738692
-0.3785516, 0.65321815, -0.65572071
0.95260936, 1.0
-0.00268078, 0.17127584, -0.03810522
-0.38734093, 0.87380594, -0.29389325
0.96445698, 0.99855016
-0.00536151, 0.0854371, -0.03738692
-0.38657796, -0.09137242, -0.91769159
0.95260936, 0.65451333
0.00732392, 0.01454777, -0.03542447
0.46684164, -0.65541553, -0.59367657
0.81910443, 0.92704833
0.00536148, 0.01496189, -0.03738692
0.36567277, -0.57710499, -0.73018587
0.82760137, 0.92527794
0.00536148, 0.02444172, -0.03738692
0.2525712, -0.82586139, -0.50410473
0.82897931, 0.88262623
0.00536147, 0.0639567, -0.03738692
0.38178656, 0.65996277, -0.6470229
0.83472288, 0.70484021
0.00268071, 0.17127584, -0.03810522
0.38734093, 0.87380594, -0.29389325
0.98815233, 0.99855016
0.00536145, 0.17127584, -0.03738692
0.3785516, 0.65321815, -0.65572071
0.99999994, 1.0
0.00536145, 0.16482295, -0.03738692
0.49998474, 0.0, -0.86602372
0.99999994, 0.97402823
0.00536147, 0.0854371, -0.03738692
0.3782464, -0.65828425, -0.65077668
0.99999994, 0.65451336
0.00928636, 0.0638731, -0.03346204
0.86770225, 0.097293, -0.48741111
0.73641986, 0.03766853
0.00928635, 0.08549382, -0.03346204
0.86742759, -0.09732353, -0.48789942
0.16364335, 0.07660711
0.00928636, 0.0638731, -0.03346204
0.86770225, 0.097293, -0.48741111
0.27629346, 0.13301337
0.00386242, 0.17235865, -0.03278932
-0.54896694, 0.63023776, 0.54896694
0.53012884, 0.04816395
0.00386242, 0.17235865, -0.02503714
-0.49638355, 0.61369669, -0.61394083
0.05075543, 0.0520674
0.00546795, 0.17235865, -0.02891323
-0.77636033, 0.63023776, 0.0
0.06910669, 0.0522272
0.00386242, 0.17235865, -0.03278932
-0.54896694, 0.63023776, 0.54896694
0.08208302, 0.03900594
-1.367e-05, 0.17235865, -0.03439485
0.0, 0.63023776, 0.77636033
0.082083, 0.02014852
-0.00388975, 0.17235865, -0.02503714
0.49638355, 0.61369669, -0.61394083
0.03777909, 0.01976269
-0.00388975, 0.17235865, -0.02503714
0.49638355, 0.61369669, -0.61394083
0.95233101, 0.05410457
-0.00388975, 0.17235865, -0.03278932
0.54896694, 0.63023776, 0.54896694
0.73670673, 0.03609896
0.00386242, 0.17235865, -0.02503714
-0.49638355, 0.61369669, -0.61394083
0.73641986, 0.07100409
# Number of Faces:
524
# Face Data:
0, 1, 2
3, 4, 5
6, 7, 8
9, 10, 11
12, 7, 13
14, 15, 3
16, 1, 17
18, 19, 1
20, 21, 22
23, 24, 25
26, 25, 27
28, 29, 30
31, 32, 33
34, 35, 36
37, 38, 39
29, 40, 41
33, 42, 43
44, 45, 46
47, 48, 49
50, 51, 52
53, 54, 55
56, 54, 57
21, 58, 22
59, 51, 60
61, 62, 63
64, 65, 66
67, 66, 68
69, 70, 71
72, 5, 4
73, 74, 75
76, 77, 78
79, 80, 6
81, 82, 83
84, 85, 86
87, 88, 89
90, 91, 92
93, 94, 77
95, 96, 97
98, 99, 100
101, 102, 103
104, 105, 106
107, 108, 109
110, 111, 112
113, 114, 115
116, 117, 118
119, 120, 121
122, 123, 124
125, 126, 127
128, 129, 130
131, 132, 133
134, 135, 136
76, 137, 138
139, 140, 141
142, 45, 143
92, 144, 89
145, 146, 78
145, 77, 94
136, 147, 134
110, 89, 148
149, 150, 151
152, 153, 154
155, 156, 153
157, 158, 159
160, 161, 158
162, 163, 164
163, 165, 166
167, 151, 168
169, 170, 171
172, 173, 174
175, 176, 177
178, 179, 180
181, 182, 183
184, 185, 186
187, 188, 189
190, 184, 186
191, 187, 192
182, 193, 183
194, 195, 179
196, 197, 198
199, 200, 201
202, 203, 204
205, 206, 207
208, 209, 210
211, 210, 212
213, 214, 215
216, 206, 217
204, 218, 219
220, 221, 222
220, 209, 223
213, 224, 225
226, 227, 228
226, 218, 229
230, 231, 232
233, 234, 235
236, 237, 238
239, 231, 240
241, 242, 243
244, 245, 246
247, 244, 248
249, 250, 251
252, 253, 254
255, 256, 257
258, 259, 260
261, 262, 263
264, 265, 266
267, 268, 269
270, 271, 272
273, 274, 275
276, 277, 278
279, 280, 281
282, 283, 284
285, 0, 2
286, 287, 288
71, 289, 290
286, 291, 292
293, 291, 294
295, 296, 297
298, 299, 300
301, 302, 295
303, 304, 305
306, 307, 308
309, 310, 311
97, 312, 313
314, 315, 309
316, 317, 318
319, 320, 298
321, 303, 322
323, 324, 325
326, 327, 328
329, 330, 331
332, 333, 330
334, 335, 333
336, 337, 335
338, 339, 337
340, 341, 39
342, 343, 344
344, 345, 346
346, 347, 144
144, 348, 349
349, 350, 351
352, 353, 354
355, 335, 337
353, 356, 357
358, 359, 360
361, 362, 363
364, 365, 366
367, 368, 369
367, 370, 371
372, 370, 373
372, 374, 375
376, 374, 377
378, 379, 376
378, 380, 381
369, 380, 382
383, 384, 385
386, 387, 388
389, 390, 391
391, 392, 393
385, 394, 395
396, 397, 398
399, 400, 401
398, 402, 403
401, 404, 405
19, 2, 1
0, 17, 1
3, 15, 4
6, 13, 7
9, 406, 10
12, 407, 7
14, 408, 15
16, 18, 1
18, 409, 19
22, 410, 411
411, 412, 20
20, 281, 21
413, 414, 281
415, 21, 414
22, 411, 20
281, 414, 21
23, 416, 24
26, 23, 25
28, 417, 29
31, 418, 32
34, 242, 35
419, 140, 139
420, 350, 421
419, 139, 422
423, 424, 422
422, 424, 419
139, 420, 422
348, 347, 425
343, 426, 427
420, 421, 422
345, 343, 425
350, 425, 421
427, 426, 340
350, 348, 425
340, 39, 38
347, 345, 425
38, 427, 340
428, 429, 37
37, 39, 428
343, 427, 425
41, 430, 30
30, 29, 41
33, 32, 42
44, 431, 45
432, 49, 48
47, 433, 48
50, 60, 51
55, 434, 53
53, 435, 54
56, 55, 54
21, 436, 58
59, 437, 51
61, 68, 62
64, 438, 65
61, 439, 68
67, 440, 66
440, 64, 66
68, 439, 67
69, 441, 70
4, 92, 442
442, 72, 4
92, 443, 442
73, 444, 74
86, 445, 77
445, 93, 77
13, 6, 326
446, 12, 13
332, 329, 86
326, 446, 13
86, 77, 336
326, 6, 86
336, 334, 86
329, 326, 86
77, 338, 336
447, 448, 78
78, 146, 447
334, 332, 86
449, 338, 77
448, 76, 78
77, 76, 449
86, 6, 80
8, 79, 6
80, 450, 86
81, 451, 82
86, 450, 84
84, 452, 453
85, 454, 445
84, 453, 85
445, 86, 85
87, 455, 88
443, 92, 456
90, 457, 91
91, 458, 456
456, 92, 91
458, 459, 456
93, 460, 94
95, 461, 96
98, 462, 99
101, 463, 102
104, 464, 105
107, 465, 108
110, 148, 111
113, 466, 114
116, 467, 117
119, 468, 120
122, 469, 123
125, 470, 126
130, 471, 472
473, 474, 472
472, 128, 130
129, 475, 130
471, 473, 472
131, 476, 132
134, 477, 135
478, 339, 449
449, 76, 478
448, 137, 76
138, 478, 76
141, 351, 420
420, 139, 141
351, 350, 420
140, 479, 141
143, 480, 481
481, 482, 142
142, 483, 45
45, 431, 143
484, 143, 431
481, 142, 143
92, 4, 485
15, 408, 341
485, 342, 92
15, 341, 485
88, 90, 89
4, 15, 485
342, 344, 92
346, 144, 92
349, 351, 89
141, 479, 148
486, 111, 148
89, 90, 92
486, 148, 479
351, 141, 89
92, 344, 346
144, 349, 89
148, 89, 141
145, 487, 146
145, 78, 77
136, 488, 147
110, 87, 89
149, 489, 150
152, 155, 153
155, 490, 156
157, 160, 158
160, 491, 161
162, 492, 163
163, 492, 165
167, 149, 151
171, 493, 494
494, 495, 171
169, 496, 497
497, 170, 169
171, 495, 169
174, 498, 499
499, 500, 501
501, 172, 174
173, 502, 174
174, 499, 501
177, 503, 504
504, 505, 175
175, 506, 176
176, 507, 177
177, 504, 175
178, 194, 179
181, 508, 182
184, 509, 185
187, 510, 188
190, 511, 184
191, 510, 187
182, 512, 193
194, 513, 195
198, 514, 515
515, 516, 198
517, 518, 519
519, 196, 198
520, 521, 522
522, 197, 520
198, 516, 517
517, 519, 198
520, 197, 196
523, 524, 525
525, 201, 200
526, 527, 528
528, 199, 526
200, 529, 523
530, 531, 523
523, 525, 200
526, 199, 201
529, 530, 523
202, 532, 203
205, 217, 206
208, 223, 209
211, 208, 210
213, 225, 214
216, 533, 206
204, 203, 218
220, 534, 221
220, 222, 209
213, 535, 224
226, 229, 227
226, 219, 218
230, 536, 231
537, 235, 234
233, 538, 234
328, 539, 238
236, 540, 237
238, 539, 236
239, 232, 231
241, 35, 242
244, 541, 245
247, 541, 244
251, 542, 249
249, 543, 250
542, 544, 249
545, 546, 547
545, 547, 548
549, 550, 548
548, 550, 545
548, 547, 551
552, 553, 254
254, 548, 551
252, 554, 253
254, 551, 252
253, 552, 254
255, 555, 256
258, 556, 259
261, 557, 262
264, 558, 265
559, 560, 561
561, 562, 563
562, 564, 563
267, 559, 563
565, 566, 269
559, 561, 563
565, 269, 268
567, 568, 268
267, 563, 268
268, 568, 565
270, 569, 271
273, 570, 274
278, 422, 421
571, 276, 278
278, 421, 571
20, 572, 573
573, 279, 20
280, 574, 281
281, 20, 279
282, 575, 283
285, 576, 0
286, 292, 287
71, 70, 289
286, 294, 291
293, 577, 291
295, 302, 296
298, 320, 299
301, 578, 302
303, 579, 304
580, 80, 581
80, 79, 581
308, 580, 581
582, 453, 452
582, 452, 583
308, 581, 306
582, 583, 584
584, 308, 307
307, 582, 584
309, 315, 310
97, 96, 312
314, 585, 315
316, 586, 317
319, 587, 320
321, 579, 303
588, 72, 442
588, 442, 589
459, 458, 590
591, 459, 590
592, 588, 325
588, 589, 325
591, 590, 323
592, 325, 324
323, 590, 324
238, 237, 593
594, 446, 238
238, 593, 594
595, 326, 331
328, 238, 446
446, 326, 328
329, 331, 326
327, 326, 595
329, 332, 330
332, 334, 333
334, 336, 335
336, 338, 337
338, 449, 339
596, 428, 39
39, 341, 597
426, 342, 485
485, 341, 340
597, 596, 39
340, 426, 485
342, 426, 343
344, 343, 345
346, 345, 347
144, 347, 348
349, 348, 350
354, 598, 352
352, 356, 353
598, 599, 352
353, 600, 354
137, 601, 138
602, 603, 544
542, 355, 339
601, 602, 544
355, 604, 330
601, 544, 138
339, 478, 542
138, 544, 478
604, 327, 595
331, 330, 604
604, 595, 331
478, 544, 542
333, 335, 355
337, 339, 355
355, 330, 333
357, 605, 606
606, 607, 357
608, 353, 357
357, 607, 608
358, 609, 359
361, 610, 362
364, 611, 365
367, 371, 368
367, 373, 370
372, 375, 370
372, 377, 374
376, 379, 374
378, 381, 379
378, 382, 380
369, 368, 380
383, 612, 384
388, 613, 614
614, 615, 388
616, 386, 388
387, 617, 388
388, 615, 616
389, 618, 390
391, 390, 392
385, 384, 394
396, 619, 397
399, 620, 400
398, 397, 402
401, 400, 404
