# Project Zomboid Skinned Mesh
# File Version:
1.0
# Model Name:
Cube
# Vertex Stride Element Count:
3
# Vertex Stride Size (in bytes):
76
# Vertex Stride Data:
# (Int)    Offset
# (String) Type
0
VertexArray
12
NormalArray
24
TextureCoordArray
# Vertex Count:
239
# Vertex Buffer:
0.01088202, 0.09618118, 0.01585108
0.69347209, -0.19843134, 0.69258708
0.50572777, 0.75739837
0.01088199, 0.11397663, -0.02222669
0.68330944, -0.07974487, -0.72573018
0.54356456, 0.67643684
0.01088202, 0.11397663, 0.01585108
0.70708334, 0.0, 0.70708334
0.54356456, 0.75739837
0.0, 0.19703099, -0.02222669
0.0, 0.70708334, -0.70708334
0.74440598, 0.67643684
0.01088202, 0.19703101, 0.01585108
0.57734919, 0.57734919, 0.57734919
0.72015607, 0.75739837
0.01088205, 0.19703098, -0.02222669
0.57734919, 0.57734919, -0.57734919
0.72015607, 0.67643684
0.0, 0.09618118, 0.01585108
0.0, -0.60524309, 0.79601431
0.50467014, 0.7807266
0.01088199, 0.08726707, -0.01628399
0.61821347, -0.57209998, -0.53895688
0.48677436, 0.68907237
0.0, 0.11397663, -0.02222669
0.0, -0.10922574, -0.99398786
0.53736413, 0.65119132
0.0, 0.11397663, 0.01585108
0.0, 0.0, 1.0
0.54356456, 0.78292403
0.0, 0.19703099, -0.02222669
0.0, 0.70708334, -0.70708334
0.72015607, 0.65047181
0.0068398, 0.12430289, 0.03107096
0.85790581, -0.28907132, -0.4247261
0.56552052, 0.7897591
0.0, 0.12681052, 0.02471223
0.0, -0.99734491, 0.07263406
0.55975211, 0.77562761
0.0068398, 0.12681052, 0.02471223
0.8188116, -0.57252723, 0.04168829
0.57085228, 0.77623908
0.0068398, 0.1027191, 0.03438465
0.59730828, -0.46327096, 0.65465254
0.51962864, 0.79680473
0.0, 0.09618118, 0.01585108
0.0, -0.43284401, 0.90145576
0.48745158, 0.76615334
0.0068398, 0.09618118, 0.01585108
0.61702323, -0.74208808, 0.26178777
0.50572777, 0.75739837
0.0068398, 0.10397294, 0.02229413
0.84078491, 0.52397227, 0.13592944
0.52229464, 0.77109767
0.0, 0.10647848, 0.03107096
0.0, 0.60228276, -0.79827267
0.53508532, 0.78223316
0.0068398, 0.10647848, 0.03107096
0.87041843, 0.29648733, -0.39295632
0.5276221, 0.7897591
0.0068398, 0.13621429, 0.01585108
0.58919036, 0.73598439, 0.33338419
0.59084678, 0.75739837
0.0, 0.12781873, 0.03438466
0.0, 0.54191715, 0.8404187
0.58010101, 0.80898708
0.0068398, 0.12781873, 0.03438466
0.60304576, 0.43226418, 0.67036957
0.5729959, 0.79680473
0.0068398, 0.11042109, 0.01585108
0.44700462, 0.63225198, 0.63274026
0.5360049, 0.75739837
0.0, 0.10397294, 0.02229413
0.0, 0.96792507, 0.25113681
0.53383613, 0.77463551
0.0, 0.12430289, 0.03107096
0.0, -0.56263924, -0.82668537
0.55852175, 0.78133909
0.0, 0.12172464, 0.01585108
0.0, -0.867275, 0.49778742
0.55231452, 0.76202124
0.0068398, 0.12172464, 0.01585108
0.55561996, -0.72109133, 0.41386151
0.56003869, 0.75739837
0.0, 0.1027191, 0.03438465
0.0, -0.57762384, 0.81627858
0.51293099, 0.81073025
0.01088199, 0.04188052, 0.0095298
0.65871149, -0.34995574, -0.66603595
0.35299283, 0.74755117
0.0, 0.08726707, -0.01628399
0.0, -0.72786647, -0.68568987
0.43805566, 0.67255342
0.01088199, 0.08726707, -0.01628399
0.61821347, -0.57209998, -0.53895688
0.44949442, 0.69266552
0.01088202, 0.06271723, 0.02755085
0.79641104, 0.38929412, 0.46275216
0.39729631, 0.78586769
0.01088199, 0.02115527, 0.00796983
0.68468279, -0.02023377, -0.72853786
0.3089264, 0.74423432
0.0, 0.04188052, 0.0095298
0.0, -0.46513259, -0.88521987
0.35299283, 0.72237447
0.01088201, 0.03044882, 0.02748765
1.0, 0.0, 0.0
0.32868654, 0.78573337
0.01088199, -0.12173805, 0.02675188
0.58079773, -0.62941372, -0.51622057
0.00510475, 0.78416891
0.0, 0.02115527, 0.00796983
0.0, -0.02777184, -0.99960327
0.30372369, 0.72221389
0.01088202, 0.01636377, 0.04961327
0.8411817, -0.2717368, 0.46745202
0.29873908, 0.83277716
0.01088202, 0.04533473, 0.05875021
0.58876306, 0.29865414, 0.75109106
0.36033735, 0.85220429
0.0, 0.01636377, 0.04961327
0.0, -0.50254828, 0.86452836
0.31103632, 0.86478119
0.0, 0.04533473, 0.05875021
0.0, 0.36948758, 0.92919707
0.36893085, 0.87164107
0.01088202, 0.09618118, 0.01585108
0.69347209, -0.19843134, 0.69258708
0.46844783, 0.76099151
0.0, 0.06271723, 0.02755085
0.0, 0.64375746, 0.7651906
0.41228688, 0.80504301
0.01088202, -0.1168128, 0.10095853
0.563097, -0.44471571, 0.69649345
0.01557668, 0.94194824
0.0, -0.1168128, 0.10095853
0.0, -0.53816342, 0.8428297
0.01557674, 0.97495242
0.0, -0.12173805, 0.02675188
0.0, -0.77318645, -0.63414413
0.00041726, 0.76356086
0.00763495, 0.41442928, -0.0173257
0.85604417, -0.37607959, -0.35456404
0.47532383, 0.15471274
0.0031625, 0.19703099, -0.02179813
0.38267159, 0.0, -0.92385632
0.01557669, 0.14126444
0.0031625, 0.41442928, -0.02179813
0.35456404, -0.37607959, -0.85604417
0.47532377, 0.14126265
0.00763495, 0.41442928, -0.01100069
0.85604417, -0.37607959, 0.35456404
0.47532383, 0.16816109
0.00763495, 0.19703099, -0.0173257
0.92385632, 0.0, -0.38267159
0.01557669, 0.15471274
0.0031625, 0.41442928, -0.00652826
0.35456404, -0.37607959, 0.85604417
0.47532383, 0.18161118
0.00763495, 0.19703099, -0.01100069
0.92385632, 0.0, 0.38267159
0.01557669, 0.16816109
0.0, 0.41442928, -0.00652826
0.0, -0.44718772, 0.89440596
0.47532386, 0.18919677
0.0031625, 0.19703099, -0.00652826
0.38267159, 0.0, 0.92385632
0.01557664, 0.18160945
0.0, 0.41442928, -0.00652826
0.0, -0.44718772, 0.89440596
0.70464128, 0.08688021
-0.00763495, 0.41442928, -0.01100069
-0.85604417, -0.37607959, 0.35456404
0.71975297, 0.07802796
0.0, 0.41442928, -0.02179813
0.0, -0.44718772, -0.89440596
0.70464128, 0.05665684
0.0, 0.19703099, -0.02179813
0.0, 0.0, -0.99996948
0.01559083, 0.13367879
0.0, 0.41442928, -0.02179813
0.0, -0.44718772, -0.89440596
0.47532368, 0.13367707
0.0031625, 0.38619152, -0.00254369
0.29709768, 0.63023776, -0.71727651
0.41777268, 0.23004812
0.00763495, 0.19703099, 0.00192881
0.92385632, 0.0, -0.38267159
0.01557669, 0.24585193
0.0031625, 0.19703099, -0.00254369
0.38267159, 0.0, -0.92385632
0.01557669, 0.23004812
0.00763495, 0.38619152, 0.00825378
0.71727651, 0.63023776, 0.29709768
0.41777268, 0.25930023
0.00763495, 0.38619152, 0.00192875
0.71727651, 0.63023776, -0.29709768
0.41777268, 0.24585193
0.0031625, 0.38619152, 0.01272622
0.29709768, 0.63023776, 0.71727651
0.41777268, 0.27527016
0.00763495, 0.19703099, 0.00825378
0.92385632, 0.0, 0.38267159
0.01557669, 0.25930023
0.0, 0.38619152, 0.01272622
0.0, 0.70708334, 0.70708334
0.41777268, 0.28263938
0.0031625, 0.19703099, 0.01272622
0.38267159, 0.0, 0.92385632
0.01557669, 0.27526933
0.0, 0.19703099, -0.00254369
0.0, 0.0, -1.0
0.01557669, 0.22181988
0.0, 0.38619152, -0.00254369
0.0, 0.70708334, -0.70708334
0.41777268, 0.22181988
0.00478805, 0.36255565, -0.00646812
0.29187903, 0.64668721, -0.7046724
0.73864031, 0.86645383
0.01354371, 0.3137981, -0.00051874
0.92364269, 0.02169866, -0.38258004
0.63497114, 0.87910354
0.00560999, 0.3137981, -0.00845242
0.38258004, 0.02169866, -0.92364269
0.63497114, 0.86223465
0.01155937, 0.36255565, 0.00987932
0.70464188, 0.64668721, 0.29187903
0.73864019, 0.90121192
0.01155938, 0.36255565, 0.00030321
0.70464188, 0.64668721, -0.29187903
0.73864019, 0.88085103
0.00478805, 0.36255565, 0.01665065
0.29187903, 0.64668721, 0.70464188
0.73864031, 0.91560924
0.01354371, 0.3137981, 0.01070127
0.92364269, 0.02169866, 0.38258004
0.63497114, 0.90295953
0.0, 0.3137981, 0.01863497
0.0, 0.02014222, 0.99978638
0.63497114, 0.93470353
0.00560998, 0.3137981, 0.01863497
0.38258004, 0.02169866, 0.92364269
0.63497114, 0.91982836
0.0, 0.36255565, 0.01665065
0.0, 0.72133547, 0.69255656
0.73864031, 0.92327946
0.0, 0.3137981, -0.00845242
0.0, 0.02014222, -0.99978638
0.63497114, 0.84756631
0.0, 0.36255565, -0.00646812
0.0, 0.72133547, -0.69255656
0.73865533, 0.85724437
0.00560313, 0.26414624, -0.00843591
0.29703665, -0.63039035, -0.71715444
0.52940071, 0.86226982
0.00560313, 0.26414624, 0.01861843
0.29703665, -0.63039035, 0.71715444
0.52940071, 0.91979319
0.01352715, 0.26414624, 0.01069441
0.71715444, -0.63039035, 0.29703665
0.52940071, 0.90294498
0.0, 0.26414624, -0.00843591
0.0, -0.70720541, -0.70696127
0.52940071, 0.85266364
0.01352715, 0.26414624, -0.00051189
0.71715444, -0.63039035, -0.29703665
0.52940071, 0.87911808
0.0031625, 0.38619152, 0.01272622
0.54417557, -0.27558213, 0.7923826
0.41777268, 0.26880962
0.0031625, 0.38619152, -0.00652826
0.70708334, -0.70708334, 0.0
0.41777265, 0.2278704
0.0031625, 0.40142885, -0.00652826
0.49769586, 0.68013549, 0.53822446
0.45017031, 0.22787046
0.0, 0.40142885, -0.00652826
0.0, 0.78414255, 0.62053287
0.45544314, 0.23204321
0.0, 0.38619152, 0.01272622
0.0, -1.0, 0.0
0.41777268, 0.26880962
0.0, 0.01636377, 0.04961327
0.0, -0.50254828, 0.86452836
0.46925113, 0.93198425
0.01088199, 0.04188052, 0.0095298
0.65871149, -0.34995574, -0.66603595
0.44759139, 0.83740729
0.01088202, 0.01636377, 0.04961327
0.8411817, -0.2717368, 0.46745202
0.44759139, 0.93198425
0.0031625, 0.51327121, -0.02179813
0.29709768, 0.63023776, -0.71727651
0.687971, 0.14126402
0.0, 0.51327121, -0.02179813
0.0, 0.70708334, -0.70708334
0.687971, 0.13367707
0.0, 0.51327121, -0.00652826
0.0, 0.70708334, 0.70708334
0.687971, 0.18919677
0.0031625, 0.51327121, -0.00652826
0.29709768, 0.63023776, 0.71727651
0.687971, 0.18160981
0.00763495, 0.51327121, -0.01100069
0.71727651, 0.63023776, 0.29709768
0.687971, 0.16816109
0.00763495, 0.51327121, -0.0173257
0.71727651, 0.63023776, -0.29709768
0.687971, 0.15471274
-0.01088199, 0.11397663, -0.02222669
-0.68330944, -0.07974487, -0.72573018
0.54356456, 0.62450686
-0.01088202, 0.09618118, 0.01585108
-0.69347209, -0.19843134, 0.69258708
0.50572777, 0.54354534
-0.01088202, 0.11397663, 0.01585108
-0.70708334, 0.0, 0.70708334
0.54356456, 0.54354534
-0.01088202, 0.19703101, 0.01585108
-0.57734919, 0.57734919, 0.57734919
0.72015607, 0.54354534
0.0, 0.19703099, -0.02222669
0.0, 0.70708334, -0.70708334
0.74440598, 0.62450686
-0.01088205, 0.19703098, -0.02222669
-0.57734919, 0.57734919, -0.57734919
0.72015607, 0.62450686
-0.01088199, 0.08726707, -0.01628399
-0.61821347, -0.57209998, -0.53895688
0.48677436, 0.61187133
0.0, 0.09618118, 0.01585108
0.0, -0.60524309, 0.79601431
0.50467014, 0.52021709
0.0, 0.11397663, -0.02222669
0.0, -0.10922574, -0.99398786
0.53736413, 0.64975241
0.0, 0.11397663, 0.01585108
0.0, 0.0, 1.0
0.54356456, 0.51801971
0.0, 0.19703102, 0.01585108
0.0, 0.70708334, 0.70708334
0.72015607, 0.51801971
0.0, 0.11397663, -0.02222669
0.0, -0.10922574, -0.99398786
0.54356456, 0.65047181
0.0, 0.12681052, 0.02471223
0.0, -0.99734491, 0.07263406
0.55975211, 0.52531609
-0.0068398, 0.12430289, 0.03107096
-0.85790581, -0.28907132, -0.4247261
0.56552052, 0.5111846
-0.0068398, 0.12681052, 0.02471223
-0.8188116, -0.57252723, 0.04168829
0.57085228, 0.52470461
0.0, 0.09618118, 0.01585108
0.0, -0.43284401, 0.90145576
0.48745158, 0.53479037
-0.0068398, 0.1027191, 0.03438465
-0.59730828, -0.46327096, 0.65465254
0.51962864, 0.50413898
-0.0068398, 0.09618118, 0.01585108
-0.61702323, -0.74208808, 0.26178777
0.50572777, 0.54354534
0.0, 0.10647848, 0.03107096
0.0, 0.60228276, -0.79827267
0.53508532, 0.51871052
-0.0068398, 0.10397294, 0.02229413
-0.84078491, 0.52397227, 0.13592944
0.52229464, 0.52984604
-0.0068398, 0.10647848, 0.03107096
-0.87041843, 0.29648733, -0.39295632
0.5276221, 0.5111846
0.0, 0.12781873, 0.03438466
0.0, 0.54191715, 0.8404187
0.58010101, 0.49195659
-0.0068398, 0.13621429, 0.01585108
-0.58919036, 0.73598439, 0.33338419
0.59084678, 0.54354534
-0.0068398, 0.12781873, 0.03438466
-0.60304576, 0.43226418, 0.67036957
0.5729959, 0.50413898
0.0, 0.10397294, 0.02229413
0.0, 0.96792507, 0.25113681
0.53383613, 0.52630821
-0.0068398, 0.11042109, 0.01585108
-0.44700462, 0.63225198, 0.63274026
0.5360049, 0.54354534
0.0, 0.12430289, 0.03107096
0.0, -0.56263924, -0.82668537
0.55852175, 0.51960465
0.0, 0.12172464, 0.01585108
0.0, -0.867275, 0.49778742
0.55231452, 0.53892246
-0.0068398, 0.12172464, 0.01585108
-0.55561996, -0.72109133, 0.41386151
0.56003869, 0.54354534
0.0, 0.1027191, 0.03438465
0.0, -0.57762384, 0.81627858
0.51293099, 0.49021351
0.0, 0.08726707, -0.01628399
0.0, -0.72786647, -0.68568987
0.43805566, 0.62839028
-0.01088199, 0.04188052, 0.0095298
-0.65871149, -0.34995574, -0.66603595
0.35299283, 0.55339256
-0.01088199, 0.08726707, -0.01628399
-0.61821347, -0.57209998, -0.53895688
0.44949442, 0.60827819
-0.01088202, 0.06271723, 0.02755085
-0.79641104, 0.38929412, 0.46275216
0.39729631, 0.51507601
-0.01088202, 0.09618118, 0.01585108
-0.69347209, -0.19843134, 0.69258708
0.46844783, 0.53995219
0.0, 0.04188052, 0.0095298
0.0, -0.46513259, -0.88521987
0.35299283, 0.5785692
-0.01088199, 0.02115527, 0.00796983
-0.68468279, -0.02023377, -0.72853786
0.3089264, 0.55670938
-0.01088201, 0.03044882, 0.02748765
-1.0, 0.0, 0.0
0.32868654, 0.51521036
0.0, 0.02115527, 0.00796983
0.0, -0.02777184, -0.99960327
0.30372372, 0.57872954
-0.01088199, -0.12173805, 0.02675188
-0.58079773, -0.62941372, -0.51622057
0.00510475, 0.5167748
-0.01088202, 0.01636377, 0.04961327
-0.8411817, -0.2717368, 0.46745202
0.29873908, 0.46816647
0.0, 0.01636377, 0.04961327
0.0, -0.50254828, 0.86452836
0.31103632, 0.43616247
-0.01088202, 0.04533473, 0.05875021
-0.58876306, 0.29865414, 0.75109106
0.36033735, 0.44873941
0.0, 0.04533473, 0.05875021
0.0, 0.36948758, 0.92919707
0.36893088, 0.42930269
0.0, 0.06271723, 0.02755085
0.0, 0.64375746, 0.7651906
0.41228685, 0.49590075
-0.01088202, -0.1168128, 0.10095853
-0.563097, -0.44471571, 0.69649345
0.01557669, 0.35899544
0.0, -0.1168128, 0.10095853
0.0, -0.53816342, 0.8428297
0.01557669, 0.32599127
0.0, -0.12173805, 0.02675188
0.0, -0.77318645, -0.63414413
0.00041717, 0.53738311
-0.0031625, 0.19703099, -0.02179813
-0.38267159, 0.0, -0.92385632
0.01557669, 0.14126265
-0.00763495, 0.41442928, -0.0173257
-0.85604417, -0.37607959, -0.35456404
0.47532383, 0.15471274
-0.0031625, 0.41442928, -0.02179813
-0.35456404, -0.37607959, -0.85604417
0.47532389, 0.14126444
-0.00763495, 0.19703099, -0.0173257
-0.92385632, 0.0, -0.38267159
0.01557669, 0.15471274
-0.00763495, 0.41442928, -0.01100069
-0.85604417, -0.37607959, 0.35456404
0.47532383, 0.16816109
-0.00763495, 0.19703099, -0.01100069
-0.92385632, 0.0, 0.38267159
0.01557669, 0.16816109
-0.0031625, 0.41442928, -0.00652826
-0.35456404, -0.37607959, 0.85604417
0.47532383, 0.18160939
-0.0031625, 0.19703099, -0.00652826
-0.38267159, 0.0, 0.92385632
0.01557674, 0.18161118
-0.0031625, 0.19703099, -0.00254369
-0.38267159, 0.0, -0.92385632
0.01557669, 0.23004735
-0.00763495, 0.38619152, 0.00192875
-0.71727651, 0.63023776, -0.29709768
0.41777268, 0.24585193
-0.0031625, 0.38619152, -0.00254369
-0.29709768, 0.63023776, -0.71727651
0.41777268, 0.23004866
-0.00763495, 0.19703099, 0.00192881
-0.92385632, 0.0, -0.38267159
0.01557669, 0.24585193
-0.00763495, 0.38619152, 0.00825378
-0.71727651, 0.63023776, 0.29709768
0.41777268, 0.25930023
-0.00763495, 0.19703099, 0.00825378
-0.92385632, 0.0, 0.38267159
0.01557669, 0.25930023
-0.0031625, 0.38619152, 0.01272622
-0.29709768, 0.63023776, 0.71727651
0.41777268, 0.27526957
0.0, 0.19703099, 0.01272622
0.0, 0.0, 1.0
0.01557669, 0.28263938
-0.00560999, 0.3137981, -0.00845242
-0.38258004, 0.02169866, -0.92364269
0.63497114, 0.86223465
-0.01155938, 0.36255565, 0.00030321
-0.70464188, 0.64668721, -0.29187903
0.73864019, 0.88085103
-0.00478805, 0.36255565, -0.00646812
-0.29187903, 0.64668721, -0.7046724
0.73864031, 0.86645383
-0.01354371, 0.3137981, 0.01070127
-0.92364269, 0.02169866, 0.38258004
0.63497114, 0.90295953
-0.01155937, 0.36255565, 0.00987932
-0.70464188, 0.64668721, 0.29187903
0.73864019, 0.90121192
-0.00478805, 0.36255565, 0.01665065
-0.29187903, 0.64668721, 0.70464188
0.73864031, 0.91560924
0.0, 0.36255565, 0.01665065
0.0, 0.72133547, 0.69255656
0.73865998, 0.92326295
0.0, 0.36255565, -0.00646812
0.0, 0.72133547, -0.69255656
0.73864031, 0.8572337
-0.01354371, 0.3137981, -0.00051874
-0.92364269, 0.02169866, -0.38258004
0.63497114, 0.87910354
-0.00560313, 0.26414624, -0.00843591
-0.29703665, -0.63039035, -0.71715444
0.52940071, 0.86226982
-0.01352715, 0.26414624, -0.00051189
-0.71715444, -0.63039035, -0.29703665
0.52940071, 0.87911808
-0.00560313, 0.26414624, 0.01861843
-0.29706717, -0.63039035, 0.71715444
0.52940071, 0.91979319
-0.00560998, 0.3137981, 0.01863497
-0.38258004, 0.02169866, 0.92364269
0.63497114, 0.91982836
-0.01352715, 0.26414624, 0.01069441
-0.71715444, -0.63039035, 0.29703665
0.52940071, 0.90294498
0.0, 0.26414624, 0.01861843
0.0, -0.70720541, 0.70696127
0.52940071, 0.93093729
-0.0031625, 0.38619152, 0.01272622
-0.54417557, -0.27558213, 0.7923826
0.41777268, 0.26880962
-0.0031625, 0.40142885, -0.00652826
-0.49769586, 0.68013549, 0.53822446
0.45017031, 0.22787046
-0.0031625, 0.38619152, -0.00652826
-0.70708334, -0.70708334, 0.0
0.41777265, 0.2278704
-0.01088199, 0.04188052, 0.0095298
-0.65871149, -0.34995574, -0.66603595
0.49091086, 0.83740729
0.0, 0.04188052, 0.0095298
0.0, -0.46513259, -0.88521987
0.46925113, 0.83740726
-0.0031625, 0.51327121, -0.02179813
-0.29709768, 0.63023776, -0.71727651
0.68797112, 0.14126444
-0.0031625, 0.51327121, -0.00652826
-0.29709768, 0.63023776, 0.71727651
0.687971, 0.18160939
-0.00763495, 0.51327121, -0.01100069
-0.71727651, 0.63023776, 0.29709768
0.687971, 0.16816109
-0.00763495, 0.51327121, -0.0173257
-0.71727651, 0.63023776, -0.29709768
0.687971, 0.15471274
-0.00802365, 0.25809059, -0.00129968
0.99996948, 0.0, -0.00778222
0.71303546, 0.95922494
-0.00805806, 0.19703099, -0.00571978
0.99996948, 0.0, -0.00778222
0.58320951, 0.96862304
-0.00805806, 0.26414624, -0.00571978
0.99996948, 0.0, -0.00778222
0.7259109, 0.96862304
-0.00763495, 0.37304893, 0.00192875
-0.70708334, 0.70708334, 0.0
0.38982859, 0.21730685
-0.00763495, 0.36412302, -0.01100069
-0.70708334, -0.70708334, 0.0
0.37085, 0.189816
-0.00763495, 0.36412302, 0.00192875
-0.70708334, -0.70708334, 0.0
0.37085, 0.21730685
0.00763495, 0.37304893, 0.00192875
0.70708334, 0.70708334, 0.0
0.38982859, 0.21730685
-0.00763495, 0.37304893, -0.01100069
-0.70708334, 0.70708334, 0.0
0.38982859, 0.189816
0.00763495, 0.36412302, 0.00192875
0.70708334, -0.70708334, 0.0
0.37085, 0.21730685
0.00763495, 0.37304893, -0.01100069
0.70708334, 0.70708334, 0.0
0.38982859, 0.189816
0.00763495, 0.36412302, -0.01100069
0.70708334, -0.70708334, 0.0
0.37085, 0.189816
0.0, 0.51327121, -0.00652826
0.0, 0.70708334, 0.70708334
0.7046414, 0.17682177
0.00763495, 0.51327121, -0.01100069
0.71727651, 0.63023776, 0.29709768
0.6895296, 0.16796964
0.0, 0.51327121, -0.02179813
0.0, 0.70708334, -0.70708334
0.70464128, 0.1465984
0.0, 0.19703102, 0.01585108
0.0, 0.70708334, 0.70708334
0.74440598, 0.75739837
0.0, 0.08726707, -0.01628399
0.0, -0.72786647, -0.68568987
0.48571673, 0.71240053
0.0, 0.08726707, -0.01628399
0.0, -0.72786647, -0.68568987
0.48097059, 0.66502598
0.0, 0.19703102, 0.01585108
0.0, 0.70708334, 0.70708334
0.72015607, 0.78292403
0.0, 0.13621429, 0.01585108
0.0, 0.91088593, 0.41261023
0.60533726, 0.76588191
0.0, 0.11042109, 0.01585108
0.0, 0.70680869, 0.707358
0.54349864, 0.76464856
0.0, 0.09618118, 0.01585108
0.0, -0.43284401, 0.90145576
0.47596946, 0.7805399
0.0, 0.19703099, -0.00652826
0.0, 0.0, 1.0
0.01556243, 0.1891951
-0.0031625, 0.41442928, -0.02179813
-0.35456404, -0.37607959, -0.85604417
0.71090072, 0.05665684
-0.00763495, 0.41442928, -0.0173257
-0.85604417, -0.37607959, -0.35456404
0.71975297, 0.06550896
0.0031625, 0.41442928, -0.02179813
0.35456404, -0.37607959, -0.85604417
0.69838184, 0.05665684
0.00763495, 0.41442928, -0.0173257
0.85604417, -0.37607959, -0.35456404
0.6895296, 0.06550896
0.00763495, 0.41442928, -0.01100069
0.85604417, -0.37607959, 0.35456404
0.6895296, 0.07802796
0.0031625, 0.41442928, -0.00652826
0.35456404, -0.37607959, 0.85604417
0.69838184, 0.08688021
-0.0031625, 0.41442928, -0.00652826
-0.35456404, -0.37607959, 0.85604417
0.71090072, 0.08688021
0.0, 0.38619152, 0.01272622
0.0, 0.78414255, 0.62053287
0.42304552, 0.27298236
0.0, 0.38619152, -0.00652826
0.0, -1.0, 0.0
0.41777268, 0.2278704
0.0, 0.19703102, 0.01585108
0.0, 0.70708334, 0.70708334
0.74440598, 0.54354534
0.0, 0.08726707, -0.01628399
0.0, -0.72786647, -0.68568987
0.48571673, 0.58854321
0.0, 0.08726707, -0.01628399
0.0, -0.72786647, -0.68568987
0.48097053, 0.63591775
0.0, 0.13621429, 0.01585108
0.0, 0.91088593, 0.41261023
0.60533726, 0.53506181
0.0, 0.11042109, 0.01585108
0.0, 0.70680869, 0.707358
0.54349864, 0.53629515
0.0, 0.09618118, 0.01585108
0.0, -0.43284401, 0.90145576
0.47596946, 0.52040377
-0.0031625, 0.19703099, 0.01272622
-0.38267159, 0.0, 0.92385632
0.01557669, 0.27527016
-0.01088202, 0.01636377, 0.04961327
-0.8411817, -0.2717368, 0.46745202
0.49091098, 0.93198425
-0.00797692, 0.26414624, 0.00470465
0.99996948, 0.0, -0.00778222
0.7259109, 0.94645846
-0.00802365, 0.19703099, -0.00129968
0.99996948, 0.0, -0.00778222
0.58320951, 0.95922494
-0.0031625, 0.51327121, -0.02179813
-0.29709768, 0.63023776, -0.71727651
0.71090072, 0.1465984
-0.00763495, 0.51327121, -0.0173257
-0.71727651, 0.63023776, -0.29709768
0.71975297, 0.15545064
-0.00763495, 0.51327121, -0.01100069
-0.71727651, 0.63023776, 0.29709768
0.71975297, 0.16796964
0.0031625, 0.51327121, -0.00652826
0.29709768, 0.63023776, 0.71727651
0.69838184, 0.17682177
-0.0031625, 0.51327121, -0.00652826
-0.29709768, 0.63023776, 0.71727651
0.71090072, 0.17682177
0.0031625, 0.51327121, -0.02179813
0.29709768, 0.63023776, -0.71727651
0.69838184, 0.1465984
0.00763495, 0.51327121, -0.0173257
0.71727651, 0.63023776, -0.29709768
0.6895296, 0.15545064
# Number of Faces:
295
# Face Data:
0, 1, 2
3, 4, 5
6, 7, 0
7, 8, 1
9, 0, 2
4, 9, 2
1, 10, 5
2, 5, 4
11, 12, 13
14, 15, 16
17, 18, 19
20, 21, 22
23, 24, 17
19, 25, 11
13, 26, 27
22, 28, 14
11, 22, 19
29, 30, 31
31, 32, 29
33, 34, 29
29, 35, 33
36, 37, 33
33, 38, 36
39, 40, 38
32, 41, 39
42, 43, 32
40, 44, 38
36, 45, 46
38, 44, 36
47, 48, 49
50, 51, 47
52, 53, 50
54, 55, 52
56, 57, 58
49, 59, 60
61, 62, 63
64, 62, 65
66, 67, 64
68, 69, 66
68, 64, 65
61, 70, 71
72, 73, 74
75, 73, 76
77, 78, 75
77, 79, 80
81, 75, 76
72, 82, 83
73, 84, 74
84, 82, 74
85, 78, 80
86, 73, 78
79, 85, 80
86, 87, 88
35, 39, 38
35, 32, 39
89, 90, 91
92, 89, 91
93, 90, 89
94, 95, 96
97, 60, 98
99, 52, 100
101, 52, 50
101, 47, 102
102, 49, 97
103, 104, 105
106, 107, 108
109, 110, 104
111, 109, 103
104, 112, 105
106, 112, 113
108, 114, 103
108, 105, 106
115, 116, 117
118, 119, 120
121, 122, 123
124, 125, 126
127, 128, 122
129, 123, 116
130, 117, 131
132, 126, 119
119, 126, 123
133, 134, 135
135, 136, 137
138, 139, 134
134, 139, 140
141, 142, 139
139, 143, 140
144, 145, 143
146, 136, 145
147, 137, 136
148, 144, 143
149, 142, 150
143, 142, 148
151, 152, 153
154, 155, 152
156, 157, 155
158, 54, 157
59, 153, 60
159, 160, 161
162, 163, 160
164, 165, 163
165, 166, 68
160, 68, 71
70, 161, 71
167, 168, 169
168, 170, 171
170, 172, 171
172, 79, 173
168, 173, 174
82, 169, 174
175, 176, 177
82, 176, 167
170, 178, 179
175, 180, 170
79, 178, 181
87, 181, 180
140, 143, 145
140, 136, 134
182, 183, 184
182, 92, 183
184, 93, 182
94, 185, 186
60, 187, 98
157, 99, 188
155, 188, 189
152, 189, 190
153, 190, 187
191, 192, 193
194, 195, 196
197, 198, 194
199, 200, 197
196, 201, 199
202, 203, 204
0, 7, 1
3, 205, 4
6, 206, 7
7, 207, 8
9, 6, 0
4, 208, 9
1, 114, 10
2, 1, 5
11, 25, 12
14, 28, 15
17, 24, 18
20, 209, 21
23, 210, 24
19, 18, 25
13, 12, 26
22, 21, 28
16, 23, 17
16, 17, 14
13, 27, 20
11, 13, 22
14, 17, 19
13, 20, 22
14, 19, 22
29, 34, 30
31, 42, 32
33, 37, 34
36, 46, 37
33, 35, 38
39, 41, 40
32, 43, 41
42, 211, 43
40, 45, 44
36, 44, 45
47, 51, 48
50, 53, 51
52, 55, 53
54, 212, 55
213, 58, 214
215, 216, 58
217, 218, 56
56, 219, 57
57, 214, 58
58, 216, 217
217, 56, 58
49, 48, 59
61, 65, 62
64, 67, 62
66, 69, 67
68, 166, 69
65, 61, 71
71, 68, 65
66, 64, 68
61, 63, 70
72, 76, 73
75, 78, 73
77, 80, 78
77, 81, 79
76, 72, 83
83, 81, 76
77, 75, 81
72, 74, 82
73, 88, 84
84, 87, 82
85, 86, 78
86, 88, 73
79, 181, 85
84, 88, 87
86, 85, 181
181, 87, 86
35, 29, 32
92, 220, 89
93, 221, 90
94, 186, 95
97, 49, 60
99, 54, 52
101, 100, 52
101, 50, 47
102, 47, 49
103, 109, 104
106, 222, 107
109, 223, 110
111, 224, 109
104, 110, 112
106, 105, 112
108, 10, 114
108, 103, 105
115, 129, 116
118, 132, 119
121, 127, 122
124, 225, 125
127, 226, 128
129, 121, 123
130, 115, 117
132, 124, 126
125, 131, 117
125, 117, 126
122, 128, 120
123, 122, 119
126, 117, 116
122, 120, 119
126, 116, 123
133, 138, 134
135, 134, 136
138, 141, 139
141, 150, 142
139, 142, 143
144, 146, 145
146, 147, 136
147, 227, 137
148, 149, 144
149, 148, 142
151, 154, 152
154, 156, 155
156, 158, 157
158, 212, 54
59, 151, 153
159, 162, 160
162, 164, 163
164, 228, 165
165, 228, 166
71, 161, 160
160, 163, 68
165, 68, 163
70, 159, 161
167, 175, 168
168, 175, 170
170, 179, 172
172, 179, 79
174, 169, 168
168, 171, 173
172, 173, 171
82, 167, 169
175, 167, 176
82, 87, 176
170, 180, 178
175, 177, 180
79, 179, 178
180, 177, 87
176, 87, 177
181, 178, 180
140, 145, 136
182, 220, 92
184, 221, 93
94, 229, 185
60, 153, 187
157, 54, 99
155, 157, 188
152, 155, 189
153, 152, 190
193, 230, 191
191, 231, 192
194, 198, 195
197, 200, 198
199, 201, 200
196, 195, 201
204, 232, 233
233, 234, 202
202, 235, 203
234, 236, 202
237, 204, 238
203, 238, 204
233, 202, 204
