# Project Zomboid Skinned Mesh
# File Version:
1.0
# Model Name:
Cube.013
# Vertex Stride Element Count:
3
# Vertex Stride Size (in bytes):
76
# Vertex Stride Data:
# (Int)    Offset
# (String) Type
0
VertexArray
12
NormalArray
24
TextureCoordArray
# Vertex Count:
398
# Vertex Buffer:
-0.01169719, 0.06923725, 0.01469683
-0.70702231, 0.03039644, 0.70650351
0.12384701, 0.35329652
-0.01169712, 0.05010238, -0.0118308
-0.63292336, -0.71993166, -0.28473771
0.08806381, 0.40290451
-0.01169718, 0.05010246, 0.01551482
-0.57512128, -0.56593525, 0.59065521
0.08806393, 0.35176671
-0.01169721, 0.21653463, -0.01812191
-1.0, 0.0, 0.0
0.39930075, 0.41466904
-0.01169722, 0.24695861, -0.03223612
-1.0, 0.0, 0.0
0.45619518, 0.44106352
-0.01169722, 0.21653463, -0.03223612
-0.90450758, -0.30149236, -0.30149236
0.39930069, 0.44106352
-0.01169713, 0.06923725, -0.03223612
-0.62761313, -0.30942717, -0.71434677
0.12384701, 0.44106352
1.63e-05, 0.05010246, -0.0118308
0.0, -0.72942287, -0.68401134
0.06977135, 0.42282546
1.63e-05, 0.05010246, 0.01551482
0.0, 0.0426954, 0.99908447
0.08881652, 0.32996404
1.63e-05, 0.06923734, 0.01469683
0.0, 0.04300058, 0.99905396
0.12452754, 0.33143318
-0.0116972, 0.21653464, 0.00831284
-0.71663564, 0.0301828, 0.69676811
0.39930075, 0.36523485
1.629e-05, 0.21653467, 0.00831284
0.0, 0.04327524, 0.99905396
0.40025264, 0.34334254
1.629e-05, 0.21653463, -0.03223612
0.0, -0.70708334, -0.70708334
0.39930069, 0.46618056
1.63e-05, 0.05010246, 0.01551482
0.0, -0.99996948, 0.0
0.066172, 0.35179722
1.628e-05, 0.32079613, -0.01812191
0.0, 1.0, 0.0
0.6515708, 0.39355385
-0.0092048, 0.32079613, 0.00412395
-0.56840724, 0.5957213, 0.56743068
0.63432688, 0.35195291
1.628e-05, 0.32079613, 0.00412395
0.0, 1.0, 0.0
0.6515708, 0.35195291
-0.01169724, 0.24695864, -0.01812191
-0.99972534, 0.02249214, 0.0
0.49624693, 0.39355385
-0.01169724, 0.24695864, 0.00680998
-0.7435835, 0.13257241, 0.65532398
0.49624693, 0.34692991
-0.01169724, 0.22636968, 0.01378622
-0.62623984, -0.07049776, 0.77642143
0.45774436, 0.333884
1.629e-05, 0.21653467, 0.00831284
0.0, -0.48628193, 0.87377542
0.42870045, 0.32497919
1.629e-05, 0.22636968, 0.01378622
0.0, -0.48628193, 0.87377542
0.44709224, 0.31474364
1.628e-05, 0.24695864, 0.00680996
0.0, 0.03634755, 0.99932861
0.49778, 0.32509124
1.628e-05, 0.32079613, 0.00412395
0.0, 0.03634755, 0.99932861
0.63553369, 0.33476102
-0.01169722, 0.21653463, -0.03703297
-0.57734919, -0.57734919, -0.57734919
0.39930069, 0.45003378
-0.01169724, 0.21653463, -0.01812191
-1.0, 0.0, 0.0
0.43935242, 0.39355385
-0.01169724, 0.21653467, 0.00831284
-0.79781485, -0.2931608, 0.52681053
0.43935257, 0.34411955
1.628e-05, 0.24695864, 0.00680996
0.0, 0.32090214, 0.94708091
0.50327647, 0.32618356
1.629e-05, 0.22636968, 0.01378622
0.0, 0.32090214, 0.94708091
0.46477392, 0.31313753
1.628e-05, 0.32079607, -0.03703297
0.0, 1.0, 0.0
0.65157074, 0.42891848
-0.00920478, 0.32079613, -0.01812191
-0.69505906, 0.71892452, 0.0
0.63432688, 0.39355385
-0.00920478, 0.32079607, -0.03703297
-0.56663716, 0.58607745, -0.57911921
0.63432688, 0.42891848
1.628e-05, 0.32079607, -0.0313852
0.0, 0.0, -1.0
0.68134403, 0.44691873
-0.00209298, 0.37183505, -0.03138524
-0.38267159, 0.0, -0.92385632
0.77678955, 0.44297421
1.627e-05, 0.37183505, -0.03138524
0.0, 0.0, -0.99996948
0.77678955, 0.44691861
1.628e-05, 0.24695864, -0.03703297
0.0, 0.0, -1.0
0.49698555, 0.45079851
-0.01169721, 0.24695864, -0.03703297
-0.71431625, 0.02410962, -0.69936216
0.49624693, 0.42891848
-0.0050759, 0.37183505, -0.02840229
-0.92385632, 0.0, -0.38267159
0.77678955, 0.43739605
-0.00209297, 0.32079607, -0.0313852
-0.38267159, 0.0, -0.92385632
0.68134403, 0.44297421
-0.00507589, 0.32079607, -0.02840229
-0.92385632, 0.0, -0.38267159
0.68134403, 0.43739605
1.627e-05, 0.44983023, -0.0054263
0.0, -0.70708334, 0.70708334
0.92127073, 0.38977599
-0.00209297, 0.32079613, -0.0054263
-0.38267159, 0.0, 0.92385632
0.68134403, 0.39442968
1.628e-05, 0.32079613, -0.0054263
0.0, 0.0, 1.0
0.6813336, 0.39024162
-0.0050759, 0.44983023, -0.01262769
-0.54911953, -0.80416274, -0.22745445
0.92264462, 0.40789688
-0.00209297, 0.32079613, -0.01561061
-0.38267159, 0.0, -0.92385632
0.68134403, 0.41347492
-0.00507589, 0.32079613, -0.01262769
-0.92385632, 0.0, -0.38267159
0.68134403, 0.40789688
-0.00507589, 0.32079613, -0.02418384
-0.92385632, 0.0, 0.38267159
0.68134403, 0.42950726
-0.0050759, 0.44983023, -0.00840923
-0.76522112, -0.56031984, 0.31696525
0.92264462, 0.40000784
-0.00507589, 0.32079613, -0.00840921
-0.92385632, 0.0, 0.38267159
0.68134403, 0.40000784
-0.00209297, 0.32079613, -0.02120093
-0.38267159, 0.0, 0.92385632
0.68134403, 0.42392898
-0.0050759, 0.37183505, -0.02418384
-0.92385632, 0.0, 0.38267159
0.77678955, 0.42950726
-0.00209298, 0.44983023, -0.0054263
-0.31696525, -0.56031984, 0.76522112
0.92264462, 0.39442968
1.627e-05, 0.37183505, -0.02120089
0.0, 0.0, 1.0
0.77678955, 0.41998446
1.628e-05, 0.32079613, -0.02120093
0.0, 0.0, 1.0
0.68134403, 0.41998446
-0.00209299, 0.44983023, -0.01561061
-0.22745445, -0.80416274, -0.54911953
0.9226445, 0.41347492
1.627e-05, 0.44983023, -0.01618172
0.0, -0.70708334, -0.70708334
0.92176175, 0.41836834
1.627e-05, 0.44983023, -0.01561061
0.0, -0.70708334, -0.70708334
0.92136383, 0.41778111
1.628e-05, 0.32079613, -0.01561061
0.0, 0.0, -0.99996948
0.68133903, 0.41720355
-0.0050759, 0.37183505, -0.01690677
-0.70708334, -0.70708334, 0.0
0.77678955, 0.33033288
1.627e-05, 0.37183505, -0.00485699
0.0, -0.70708334, 0.70708334
0.76602328, 0.29457474
-0.0050759, 0.37183505, -0.00485699
-0.57734919, -0.57734919, 0.57734919
0.77678955, 0.30779898
1.627e-05, 0.37993634, -0.02120089
0.0, 0.61781669, -0.78630942
0.79984635, 0.35053527
-0.0050759, 0.38922244, -0.01690677
-0.60359508, 0.6717124, -0.42942595
0.80930471, 0.33033288
1.627e-05, 0.38922244, -0.01690677
0.0, 0.84252447, -0.53862119
0.82242918, 0.33478367
-0.0050759, 0.37993634, -0.02120089
-0.7619251, 0.3937498, -0.51420635
0.79193914, 0.33836305
-0.0050759, 0.37183505, -0.02840229
-0.76241338, -0.46244699, -0.45258948
0.77678955, 0.35183001
1.627e-05, 0.37183505, -0.03138524
0.0, -0.32969147, -0.94405955
0.77387094, 0.36298287
1.627e-05, 0.37183505, -0.01690677
0.0, -1.0, 0.0
0.76262963, 0.33111823
1.627e-05, 0.38922244, -0.00485699
0.0, 0.70708334, 0.70708334
0.81919765, 0.29781377
-0.0050759, 0.38922244, -0.00485699
-0.57734919, 0.57734919, 0.57734919
0.80930471, 0.30779898
-0.00209298, 0.37183505, -0.03138524
-0.27375102, -0.30060732, -0.91360211
0.77678955, 0.35740829
-0.00564702, 0.44983023, -0.01286426
-0.71727651, -0.63023776, -0.29709768
0.92264462, 0.4083389
-0.00232955, 0.44983023, -0.01618172
-0.29709768, -0.63023776, -0.71727651
0.92264462, 0.41454279
1.627e-05, 0.44983023, -0.00485519
0.0, -0.70708334, 0.70708334
0.92168123, 0.38878655
-0.00232955, 0.44983023, -0.00485519
-0.35456404, -0.37607959, 0.85604417
0.9226445, 0.39336169
-0.00209298, 0.44983023, -0.0054263
0.0, -1.0, 0.0
0.92264462, 0.41693342
-0.00564702, 0.44983023, -0.00817266
0.0, -1.0, 0.0
0.92264462, 0.41179776
-0.0050759, 0.44983023, -0.00840923
0.0, -0.99996948, 0.0
0.92264462, 0.41135526
-0.00564702, 0.47080594, -0.00817266
-0.84722435, 0.0, 0.53120518
0.96187031, 0.39956546
-0.00564702, 0.44983023, -0.00817266
-0.85604417, -0.37607959, 0.35456404
0.92264462, 0.39956534
-0.00232955, 0.46050149, -0.01618172
-0.4540849, 0.0, -0.89095736
0.94260031, 0.41454279
-0.00564702, 0.46476978, -0.01286426
-0.98208565, 0.0, -0.18836024
0.95058227, 0.40833902
-0.00232955, 0.47080594, -0.00485519
-0.38267159, 0.0, 0.92385632
0.96187031, 0.39336169
1.626e-05, 0.47080594, -0.00817266
0.0, 0.89822078, -0.43949705
0.98342264, 0.60141248
-0.00232955, 0.47080594, -0.00485519
0.0, 1.0, 0.0
0.97879493, 0.60795701
1.626e-05, 0.47080594, -0.00485519
0.0, 1.0, 0.0
0.98342264, 0.60795701
1.627e-05, 0.46476978, -0.01286426
0.0, 0.61366618, -0.78954434
0.98342264, 0.59215719
-0.00564702, 0.47080594, -0.00817266
0.0, 0.81575978, -0.57832575
0.97225046, 0.60141248
-0.00232955, 0.46050149, -0.01618172
0.0, 0.61366618, -0.78954434
0.97879493, 0.5856126
1.627e-05, 0.46050149, -0.01618172
0.0, 0.61366618, -0.78954434
0.98342264, 0.5856126
1.627e-05, 0.46050149, -0.01618172
0.0, 0.0, -1.0
0.9426831, 0.42045379
-0.00209297, 0.44748098, -0.02624366
-0.90450758, -0.30149236, 0.30149236
0.9182514, 0.44570041
1.627e-05, 0.44025517, -0.02624366
0.0, 0.59941405, 0.80040896
0.90654081, 0.44321847
1.627e-05, 0.44748098, -0.02624366
0.0, -0.70708334, 0.70708334
0.91402173, 0.44244444
1.627e-05, 0.44983023, -0.04384236
0.0, 1.0, 0.0
0.92804337, 0.47856915
-0.00209298, 0.44983023, -0.01561061
-0.57731867, 0.57734919, 0.57734919
0.9226445, 0.42581618
1.627e-05, 0.44983023, -0.01561061
0.0, 0.70708334, 0.70708334
0.92659563, 0.42182457
-0.00209305, 0.43832552, -0.01966279
-0.93575853, 0.28220466, -0.21134068
0.90113008, 0.43339396
-0.00209298, 0.43487406, -0.01561061
-0.56620991, -0.64568013, 0.51228368
0.89467573, 0.42581618
-0.00209298, 0.4414655, -0.04384236
-0.59035003, -0.50166327, -0.6322825
0.90700185, 0.47861099
1.627e-05, 0.43487406, -0.01561061
0.0, -0.7833491, 0.62153995
0.88903487, 0.4205246
1.627e-05, 0.44983023, -0.04384236
0.0, 0.0, -1.0
0.9226445, 0.48255539
-0.00209298, 0.44983023, -0.04384236
-0.57734919, 0.57734919, -0.57734919
0.9226445, 0.47861099
1.627e-05, 0.44748098, -0.01966279
0.0, -0.70708334, -0.70708334
0.91489363, 0.43616354
-0.00209305, 0.44748098, -0.01966279
-0.90453809, -0.30146185, -0.30149236
0.9182514, 0.43339384
1.627e-05, 0.43832552, -0.01966279
0.0, 0.80040896, -0.59941405
0.90563464, 0.43578434
-0.00209305, 0.44025517, -0.02624366
-0.86950284, 0.29602954, 0.39530626
0.90473872, 0.44570041
1.629e-05, 0.21653463, -0.03703297
0.0, -0.70708334, -0.70708334
0.39930061, 0.46799326
-0.01169722, 0.24695861, -0.03703297
-0.57734919, 0.57734919, -0.57734919
0.45619518, 0.45003378
1.628e-05, 0.24695864, -0.03703297
0.0, 0.70708334, -0.70708334
0.45619518, 0.46799326
1.628e-05, 0.24695864, -0.03223612
0.0, 0.99996948, 0.0
0.46553612, 0.46799326
-0.01169722, 0.24695861, -0.03223612
0.0, 1.0, 0.0
0.46553609, 0.45003378
-0.00724121, 0.19735254, -0.0409011
0.0, 0.10559404, -0.99438459
0.47934306, 0.51424593
1.629e-05, 0.2337759, -0.03703297
0.0, 0.10559404, -0.99438459
0.54348314, 0.50153717
1.629e-05, 0.19735254, -0.0409011
0.0, 0.10559404, -0.99438459
0.47934309, 0.50153717
1.629e-05, 0.1454137, 0.03387351
0.0, 0.70708334, 0.70708334
0.29179829, 0.21295738
-0.01011615, 0.08798319, 0.03387351
0.0, 0.0, 0.99996948
0.27285004, 0.10555935
1.63e-05, 0.08798319, 0.03387351
0.0, 0.0, 1.0
0.29179829, 0.10555935
1.63e-05, 0.08798319, 0.03387351
0.0, 0.95812863, 0.28629413
0.18994585, 0.20523775
-0.01011615, 0.07402657, 0.08058186
-0.59416485, 0.48048341, 0.6450392
0.13935238, 0.12561035
1.63e-05, 0.07402657, 0.08058186
0.0, 0.59736931, 0.8019349
0.15311095, 0.10322654
-0.01011615, 0.08798319, 0.03387351
-0.94228947, 0.320719, 0.09582812
0.16545188, 0.21295738
-0.01011615, 0.0460874, 0.08058186
-0.56266975, -0.66832483, 0.48649555
0.08710468, 0.12561035
-0.01011615, 0.06790465, 0.01301885
-0.76595354, -0.14468825, -0.62636191
0.12790403, 0.2519567
1.63e-05, 0.0460874, 0.08058186
0.0, -0.80846584, 0.5884884
0.06238377, 0.10418606
1.63e-05, 0.08798319, 0.03387351
0.0, 0.72035891, -0.69356364
0.1236833, 0.32095802
-0.01011615, 0.08798319, 0.03387351
0.0, 0.72035891, -0.69356364
0.14565912, 0.31474364
1.629e-05, 0.1454137, 0.00997086
0.0, 0.99996948, 0.0
0.29179829, 0.25765669
-0.01011615, 0.1454137, 0.03387351
-0.57734919, 0.57734919, 0.57734919
0.27285004, 0.21295738
-0.01011615, 0.1454137, 0.00997086
-0.69808036, 0.71599478, 0.0
0.27285004, 0.25765669
-0.01011611, 0.09522055, 0.01480373
-0.90020448, 0.31342509, 0.30219427
0.17898625, 0.24861884
-0.01011611, 0.12866333, 0.01358365
-0.90874964, -0.28962067, 0.3003937
0.24152592, 0.25090051
1.63e-05, 0.09522055, 0.03067867
0.0, 0.70708334, -0.70708334
0.18586877, 0.22909021
-0.01011611, 0.09522055, 0.03067867
-0.90450758, 0.30149236, -0.30149236
0.17898625, 0.21893191
-0.01011611, 0.12866333, 0.03067867
-0.90450758, -0.30149236, -0.30149236
0.24152592, 0.21893191
1.629e-05, 0.12866333, 0.01358365
0.0, -0.69408244, 0.71987063
0.23497161, 0.23987985
1.63e-05, 0.09522055, 0.01480373
0.0, 0.71987063, 0.69408244
0.18586975, 0.23864782
1.629e-05, 0.12866333, 0.03067867
0.0, -0.70708334, -0.70708334
0.23448801, 0.22971284
-0.00728835, 0.177233, 0.09181613
-0.68282115, -0.57249671, 0.45381024
0.78743148, 0.09819078
1.629e-05, 0.21116193, 0.12597325
0.0, 0.05590991, 0.99841303
0.85504138, 0.00357068
-0.00728835, 0.21116193, 0.12597325
-0.57136756, 0.04586932, 0.81939149
0.85088027, 0.03431523
1.629e-05, 0.18794268, 0.00898031
0.0, 0.64317757, -0.76567888
0.82270831, 0.27590621
-0.00728835, 0.19126338, 0.02792954
-0.72985017, 0.65849787, -0.18344676
0.81366879, 0.21766198
1.629e-05, 0.19126338, 0.02792954
0.0, 0.96331674, -0.26834926
0.83524817, 0.22495949
-0.00728835, 0.18794268, 0.00898031
-0.58702356, 0.52067631, -0.61986142
0.807459, 0.25309813
-0.00728835, 0.15076359, 0.03043211
-0.69463181, -0.70607626, 0.13745537
0.73793221, 0.21298218
-0.00728835, 0.14782788, 0.00898032
-0.57051301, -0.61882383, -0.53990293
0.73244238, 0.25309813
1.629e-05, 0.15076359, 0.03043211
0.0, -0.98153633, 0.1911069
0.71244621, 0.21127081
-0.00728835, 0.23587635, 0.09478746
-0.58174384, 0.81109041, -0.06057924
0.89709753, 0.0926342
1.629e-05, 0.23587635, 0.09478746
0.0, 0.99719232, -0.07446516
0.92091441, 0.09355414
-0.00728835, 0.15889692, 0.06247166
-0.67394024, -0.67940307, 0.29007843
0.75314194, 0.15306652
1.629e-05, 0.177233, 0.09181613
0.0, -0.78362375, 0.62117374
0.76948529, 0.08419585
1.629e-05, 0.15889692, 0.06247166
0.0, -0.91964477, 0.39268166
0.73426133, 0.14493847
-0.00728835, 0.21292016, 0.07333568
-0.74187446, 0.52507097, -0.4169744
0.85416806, 0.13275027
-0.00728835, 0.20055172, 0.0518839
-0.72472304, 0.62147892, -0.29749444
0.83103859, 0.17286611
1.629e-05, 0.21292016, 0.07333568
0.0, 0.78310496, -0.62187564
0.87190443, 0.14667654
1.629e-05, 0.20055172, 0.0518839
0.0, 0.90197456, -0.43174535
0.84735262, 0.18076432
0.01172978, 0.06923725, 0.01469683
0.70702231, 0.03039644, 0.70650351
0.12384701, 0.64670485
0.01172974, 0.05010238, -0.0118308
0.63292336, -0.71993166, -0.28473771
0.08806381, 0.5970968
0.01172974, 0.06923725, -0.03223612
0.62761313, -0.30942717, -0.71434677
0.12384701, 0.55893785
0.01172979, 0.24695861, -0.03223612
1.0, 0.0, 0.0
0.45619518, 0.55893785
0.01172978, 0.21653463, -0.01812191
1.0, 0.0, 0.0
0.39930075, 0.58533221
0.01172979, 0.21653463, -0.03223612
0.90450758, -0.30149236, -0.30149236
0.39930069, 0.55893785
1.63e-05, 0.05010246, -0.0118308
0.0, -0.72942287, -0.68401134
0.06977141, 0.57717586
1.63e-05, 0.06923725, -0.03223612
0.0, -0.72942287, -0.68401134
0.10841732, 0.54241437
1.63e-05, 0.05010246, 0.01551482
0.0, 0.0426954, 0.99908447
0.08881646, 0.67003739
0.01172979, 0.05010246, 0.01551482
0.57512128, -0.56593525, 0.59065521
0.08806393, 0.64823449
0.01172977, 0.21653464, 0.00831284
0.71663564, 0.0301828, 0.69676811
0.39930075, 0.63476646
1.63e-05, 0.06923734, 0.01469683
0.0, 0.04300058, 0.99905396
0.12452757, 0.66856825
1.629e-05, 0.21653463, -0.03223612
0.0, -0.70708334, -0.70708334
0.39930069, 0.53382063
0.01600811, 0.05119155, 0.00013991
0.9078036, -0.16046633, -0.38743249
0.32224768, 0.5111438
0.01172979, -0.09341281, 0.00013991
-0.70708334, 0.0, -0.70708334
0.03698, 0.5111438
0.01172979, 0.05119155, 0.00013991
-0.70708334, 0.0, -0.70708334
0.32224768, 0.5111438
1.63e-05, 0.05010246, 0.01551482
0.0, -1.0, 0.0
0.06617221, 0.64823443
0.01172979, 0.05119155, 0.00795451
-0.70708334, 0.0, 0.70708334
0.32224768, 0.4957276
0.01600811, -0.09341281, 0.00795451
0.70708334, 0.0, 0.70708334
0.03698, 0.4957276
0.01600811, 0.05119155, 0.00795451
0.9078036, -0.16046633, 0.38743249
0.32224768, 0.4957276
0.01600811, -0.10056442, -0.01266896
0.54322946, -0.25727102, -0.7991882
0.0228717, 0.53641248
0.01172979, -0.10056442, 0.05218328
-0.30149236, -0.90450758, -0.30149236
0.0228717, 0.40847546
0.01172979, -0.10056442, -0.01266896
-0.54322946, -0.25727102, -0.7991882
0.0228717, 0.53641248
-0.01169725, 0.05119155, 0.00013991
0.70708334, 0.0, -0.70708334
0.32224768, 0.5111438
-0.01597558, -0.0934128, 0.00013991
-0.70708334, 0.0, -0.70708334
0.03698, 0.5111438
-0.01597558, 0.05119155, 0.00013991
-0.80416274, -0.22745445, -0.54911953
0.32224768, 0.5111438
0.01172979, -0.09341281, 0.00795451
-0.70708334, 0.0, 0.70708334
0.03698, 0.4957276
0.01600811, -0.09341281, 0.00013991
0.70708334, 0.0, -0.70708334
0.03698, 0.5111438
0.00923736, 0.32079613, 0.00412395
0.56840724, 0.5957213, 0.56743068
0.63432688, 0.64804846
1.628e-05, 0.32079613, -0.01812191
0.0, 1.0, 0.0
0.6515708, 0.60644752
1.628e-05, 0.32079613, 0.00412395
0.0, 1.0, 0.0
0.6515708, 0.64804846
0.01172981, 0.24695864, -0.01812191
0.99972534, 0.02249214, 0.0
0.49624693, 0.60644752
0.00923736, 0.32079613, -0.01812191
0.69505906, 0.71892452, 0.0
0.63432688, 0.60644752
1.629e-05, 0.21653467, 0.00831284
0.0, -0.48628193, 0.87377542
0.42870045, 0.67502207
0.01172981, 0.22636968, 0.01378622
0.62623984, -0.07049776, 0.77642143
0.45774436, 0.66611737
1.629e-05, 0.22636968, 0.01378622
0.0, -0.48628193, 0.87377542
0.44709224, 0.68525767
1.628e-05, 0.24695864, 0.00680996
0.0, 0.03634755, 0.99932861
0.49778, 0.67491019
1.628e-05, 0.32079613, 0.00412395
0.0, 0.03634755, 0.99932861
0.63553375, 0.66524023
0.01172979, 0.21653463, -0.03703297
0.57734919, -0.57734919, -0.57734919
0.39930069, 0.54996747
0.01172981, 0.21653463, -0.01812191
1.0, 0.0, 0.0
0.43935242, 0.60644752
0.01172981, 0.24695864, 0.00680998
0.7435835, 0.13257241, 0.65532398
0.49624693, 0.65307146
1.628e-05, 0.24695864, 0.00680996
0.0, 0.32090214, 0.94708091
0.50327653, 0.67381787
1.628e-05, 0.32079607, -0.03703297
0.0, 1.0, 0.0
0.65157074, 0.57108283
0.00923733, 0.32079607, -0.03703297
0.56663716, 0.58607745, -0.57911921
0.63432688, 0.57108283
0.00212553, 0.37183505, -0.03138524
0.38267159, 0.0, -0.92385632
0.77678955, 0.5570271
1.628e-05, 0.32079607, -0.0313852
0.0, 0.0, -0.99996948
0.68134403, 0.5530827
1.627e-05, 0.37183505, -0.03138524
0.0, 0.0, -1.0
0.77678955, 0.5530827
1.628e-05, 0.24695864, -0.03703297
0.0, 0.0, -1.0
0.4969855, 0.5492028
1.628e-05, 0.32079607, -0.03703297
0.0, 0.0, -1.0
0.63490832, 0.5538584
0.00212553, 0.32079607, -0.0313852
0.38267159, 0.0, -0.92385632
0.68134403, 0.5570271
0.00510844, 0.37183505, -0.02840229
0.92385632, 0.0, -0.38267159
0.77678955, 0.56260532
0.00510845, 0.32079607, -0.02840229
0.92385632, 0.0, -0.38267159
0.68134403, 0.56260532
0.00212553, 0.32079613, -0.0054263
0.38267159, 0.0, 0.92385632
0.68134403, 0.60557157
1.627e-05, 0.44983023, -0.0054263
0.0, -0.70708334, 0.70708334
0.92127073, 0.6102252
1.628e-05, 0.32079613, -0.0054263
0.0, 0.0, 1.0
0.6813336, 0.60975963
0.00212553, 0.32079613, -0.01561061
0.38267159, 0.0, -0.92385632
0.68134403, 0.58652639
0.00510844, 0.44983023, -0.01262769
0.54911953, -0.80416274, -0.22742394
0.92264462, 0.59210449
0.00510845, 0.32079613, -0.01262769
0.92385632, 0.0, -0.38267159
0.68134403, 0.59210449
0.00510845, 0.32079613, -0.02418384
0.92385632, 0.0, 0.38267159
0.68134403, 0.570494
0.00510844, 0.37183505, -0.02418384
0.92385632, 0.0, 0.38267159
0.77678955, 0.570494
0.00510844, 0.44983023, -0.00840923
0.76522112, -0.56031984, 0.31696525
0.92264462, 0.59999347
0.00510845, 0.32079613, -0.00840921
0.92385632, 0.0, 0.38267159
0.68134403, 0.59999347
0.00212553, 0.32079613, -0.02120093
0.38267159, 0.0, 0.92385632
0.68134403, 0.57607234
0.00212552, 0.37183505, -0.02120089
0.38267159, 0.0, 0.92385632
0.77678955, 0.57607234
0.00212552, 0.44983023, -0.0054263
0.31696525, -0.56031984, 0.76522112
0.92264462, 0.60557157
1.627e-05, 0.37183505, -0.02120089
0.0, 0.0, 1.0
0.77678955, 0.58001685
1.628e-05, 0.32079613, -0.02120093
0.0, 0.0, 0.99996948
0.68134403, 0.58001673
1.627e-05, 0.44983023, -0.01618172
0.0, -0.70708334, -0.70708334
0.92176175, 0.58163297
0.00212552, 0.44983023, -0.01561061
0.22745445, -0.80419326, -0.54911953
0.9226445, 0.58652639
1.627e-05, 0.44983023, -0.01561061
0.0, -0.70708334, -0.70708334
0.92136383, 0.58222026
1.628e-05, 0.32079613, -0.01561061
0.0, 0.0, -1.0
0.68133903, 0.58279771
1.627e-05, 0.37183505, -0.00485699
0.0, -0.70708334, 0.70708334
0.76602322, 0.6902231
0.00510844, 0.37183505, -0.01690677
0.70708334, -0.70708334, 0.0
0.77678955, 0.65446496
0.00510844, 0.37183505, -0.00485699
0.57734919, -0.57734919, 0.57734919
0.77678955, 0.67699885
1.627e-05, 0.38922244, -0.01690677
0.0, 0.84252447, -0.53862119
0.82242918, 0.65001422
0.00510844, 0.37993634, -0.02120089
0.7619251, 0.3937498, -0.51420635
0.79193914, 0.64643484
1.627e-05, 0.37993634, -0.02120089
0.0, 0.61781669, -0.78630942
0.79984635, 0.63426262
0.00510844, 0.38922244, -0.01690677
0.60359508, 0.6717124, -0.42942595
0.80930471, 0.65446496
1.627e-05, 0.37183505, -0.03138524
0.0, -0.32966095, -0.94409007
0.77387094, 0.62181497
0.00212553, 0.37183505, -0.03138524
0.2737205, -0.30057681, -0.91360211
0.77678955, 0.62738961
0.00510844, 0.37183505, -0.02840229
0.76241338, -0.46244699, -0.45258948
0.77678955, 0.63296777
0.00510844, 0.38922244, -0.00485699
0.57734919, 0.57734919, 0.57734919
0.80930471, 0.67699885
1.627e-05, 0.38922244, -0.00485699
0.0, 0.70708334, 0.70708334
0.81919765, 0.686984
0.00567955, 0.44983023, -0.01286426
0.71727651, -0.63023776, -0.29709768
0.92264462, 0.59166223
1.627e-05, 0.44983023, -0.00485519
0.0, -0.70708334, 0.70708334
0.92168123, 0.61121464
0.00567955, 0.44983023, -0.00817266
0.0, -1.0, 0.0
0.91494679, 0.38463187
0.00212552, 0.44983023, -0.0054263
0.0, -0.99996948, 0.0
0.91494679, 0.37949622
0.00510844, 0.44983023, -0.00840923
0.0, -1.0, 0.0
0.91494679, 0.38507426
0.00567955, 0.44983023, -0.00817266
0.85604417, -0.37607959, 0.35456404
0.92264462, 0.60043591
0.00567954, 0.47080594, -0.00817266
0.84722435, 0.0, 0.53120518
0.96187031, 0.60043591
0.00236208, 0.44983023, -0.00485519
0.35456404, -0.37607959, 0.85604417
0.9226445, 0.60663968
0.00236208, 0.46050149, -0.01618172
0.4540849, 0.0, -0.89095736
0.94260031, 0.58545852
0.00236208, 0.44983023, -0.01618172
0.29709768, -0.63026828, -0.717246
0.92264462, 0.58545852
0.00567955, 0.46476978, -0.01286426
0.98208565, 0.0, -0.18836024
0.95058227, 0.59166223
0.00236208, 0.47080594, -0.00485519
0.38267159, 0.0, 0.92385632
0.96187031, 0.60663968
0.00236208, 0.47080594, -0.00485519
0.0, 1.0, 0.0
0.98805034, 0.60795701
0.00567954, 0.47080594, -0.00817266
0.0, 0.81575978, -0.57835627
0.99459481, 0.60141248
0.00236208, 0.46050149, -0.01618172
0.0, 0.61366618, -0.78954434
0.98805034, 0.5856126
1.627e-05, 0.46050149, -0.01618172
0.0, 0.0, -0.99996948
0.9426831, 0.57954746
0.00212551, 0.44748098, -0.02624366
0.90450758, -0.30149236, 0.30149236
0.9182514, 0.55309474
1.627e-05, 0.44025517, -0.02624366
0.0, 0.59941405, 0.80040896
0.90654081, 0.5555768
0.00212559, 0.44025517, -0.02624366
0.86950284, 0.29602954, 0.39530626
0.90473872, 0.55309474
0.00212552, 0.44983023, -0.01561061
0.57731867, 0.57734919, 0.57734919
0.9226445, 0.57297903
1.627e-05, 0.44983023, -0.04384236
0.0, 1.0, 0.0
0.92804343, 0.520226
1.627e-05, 0.44983023, -0.01561061
0.0, 0.70708334, 0.70708334
0.92659563, 0.5769707
0.00212559, 0.43832552, -0.01966279
0.93575853, 0.28220466, -0.21134068
0.90113008, 0.56540132
0.00212558, 0.44748098, -0.01966279
0.90453809, -0.30146185, -0.30149236
0.9182514, 0.56540138
1.627e-05, 0.43487406, -0.01561061
0.0, -0.7833491, 0.62153995
0.88903487, 0.57827061
0.00212552, 0.4414655, -0.04384236
0.59035003, -0.50166327, -0.6322825
0.90700185, 0.52018422
0.00212552, 0.43487406, -0.01561061
0.56620991, -0.64568013, 0.51228368
0.89467573, 0.57297903
0.00212552, 0.44983023, -0.04384236
0.57734919, 0.57734919, -0.57734919
0.9226445, 0.52018422
1.627e-05, 0.4414655, -0.04384236
0.0, 0.0, -1.0
0.90700185, 0.51623976
1.627e-05, 0.44983023, -0.04384236
0.0, 0.0, -1.0
0.9226445, 0.51623982
1.627e-05, 0.44748098, -0.01966279
0.0, -0.70708334, -0.70708334
0.91489363, 0.56263155
1.627e-05, 0.43832552, -0.01966279
0.0, 0.80040896, -0.59941405
0.90563464, 0.56301093
1.629e-05, 0.21653463, -0.03703297
0.0, -0.70708334, -0.70708334
0.39930069, 0.53200805
0.01172979, 0.24695861, -0.03703297
0.57734919, 0.57734919, -0.57734919
0.45619518, 0.54996747
1.628e-05, 0.24695864, -0.03223612
0.0, 1.0, 0.0
0.46553606, 0.53200805
0.01172979, 0.24695861, -0.03223612
0.0, 1.0, 0.0
0.46553609, 0.54996747
0.00727378, 0.19735254, -0.0409011
0.0, 0.10559404, -0.99438459
0.47934309, 0.48882854
0.01014875, 0.08798319, 0.03387351
0.0, 0.0, 1.0
0.27284998, 0.89444213
1.629e-05, 0.1454137, 0.03387351
0.0, 0.70708334, 0.70708334
0.29179829, 0.787044
1.63e-05, 0.08798319, 0.03387351
0.0, 0.0, 0.99996948
0.29179829, 0.89444213
0.01014875, 0.07402657, 0.08058186
0.59416485, 0.48048341, 0.6450392
0.13935238, 0.87439103
1.63e-05, 0.08798319, 0.03387351
0.0, 0.95812863, 0.28629413
0.189946, 0.79476361
1.63e-05, 0.07402657, 0.08058186
0.0, 0.59736931, 0.8019349
0.15311095, 0.89677484
0.01014875, 0.0460874, 0.08058186
0.56266975, -0.66832483, 0.48649555
0.08710468, 0.87439103
0.01014875, 0.08798319, 0.03387351
0.94228947, 0.320719, 0.09582812
0.16545188, 0.787044
1.63e-05, 0.0460874, 0.08058186
0.0, -0.80846584, 0.5884884
0.06238389, 0.89581527
0.01014875, 0.06790465, 0.01301885
0.76595354, -0.14468825, -0.62636191
0.12790403, 0.74804473
1.63e-05, 0.08798319, 0.03387351
0.0, 0.72035891, -0.69356364
0.12368324, 0.67904323
0.01014875, 0.08798319, 0.03387351
0.0, 0.72035891, -0.69356364
0.14565912, 0.68525767
0.01014874, 0.1454137, 0.03387351
0.57734919, 0.57734919, 0.57734919
0.27285004, 0.787044
1.629e-05, 0.1454137, 0.00997086
0.0, 1.0, 0.0
0.29179829, 0.74234474
0.0101487, 0.09522055, 0.01480373
0.90020448, 0.31342509, 0.30219427
0.17898625, 0.75138243
0.01014874, 0.1454137, 0.00997086
0.69808036, 0.71599478, 0.0
0.27285004, 0.74234474
1.63e-05, 0.09522055, 0.03067867
0.0, 0.70708334, -0.70708334
0.19934326, 0.75567256
0.0101487, 0.09522055, 0.03067867
0.90450758, 0.30149236, -0.30149236
0.17898625, 0.78106944
0.0101487, 0.12866333, 0.03067867
0.90450758, -0.30149236, -0.30149236
0.24152592, 0.78106944
0.0101487, 0.12866333, 0.01358365
0.90874964, -0.28962067, 0.3003937
0.24152592, 0.74910086
1.629e-05, 0.12866333, 0.03067867
0.0, -0.70708334, -0.70708334
0.224742, 0.76116277
1.629e-05, 0.12866333, 0.01358365
0.0, -0.69408244, 0.71987063
0.22836408, 0.75546779
1.63e-05, 0.09522055, 0.01480373
0.0, 0.71987063, 0.69408244
0.20055583, 0.75651987
1.629e-05, 0.21116193, 0.12597325
0.0, 0.05590991, 0.99841303
0.85504138, 0.99643077
0.00732093, 0.177233, 0.09181613
0.68282115, -0.57249671, 0.45381024
0.78743148, 0.9018106
0.00732093, 0.21116193, 0.12597325
0.57136756, 0.04586932, 0.81939149
0.85088027, 0.96568622
0.00732093, 0.19126338, 0.02792954
0.72985017, 0.65849787, -0.18344676
0.81366891, 0.78233935
1.629e-05, 0.18794268, 0.00898031
0.0, 0.64317757, -0.76567888
0.82270831, 0.72409523
1.629e-05, 0.19126338, 0.02792954
0.0, 0.96331674, -0.26834926
0.83524823, 0.77504189
0.00732093, 0.15076359, 0.03043211
0.69463181, -0.70607626, 0.13745537
0.73793232, 0.78701924
0.00732093, 0.18794268, 0.00898031
0.58702356, 0.52067631, -0.61986142
0.807459, 0.74690336
1.629e-05, 0.15076359, 0.03043211
0.0, -0.98153633, 0.1911069
0.71244627, 0.78873055
0.00732093, 0.14782788, 0.00898032
0.57051301, -0.61882383, -0.53990293
0.73244238, 0.74690336
0.00732093, 0.23587635, 0.09478746
0.58174384, 0.81109041, -0.06057924
0.89709753, 0.90736715
1.629e-05, 0.23587635, 0.09478746
0.0, 0.99719232, -0.07446516
0.92091447, 0.90644722
1.629e-05, 0.177233, 0.09181613
0.0, -0.78362375, 0.62117374
0.76948529, 0.91580544
0.00732093, 0.15889692, 0.06247166
0.67394024, -0.67940307, 0.29007843
0.753142, 0.8469349
1.629e-05, 0.15889692, 0.06247166
0.0, -0.91964477, 0.39268166
0.73426133, 0.85506292
0.00732093, 0.21292016, 0.07333568
0.74187446, 0.52507097, -0.4169744
0.85416806, 0.86725117
0.00732093, 0.20055172, 0.0518839
0.72472304, 0.62147892, -0.29749444
0.83103859, 0.82713525
1.629e-05, 0.21292016, 0.07333568
0.0, 0.78310496, -0.62187564
0.87190443, 0.85332482
1.629e-05, 0.20055172, 0.0518839
0.0, 0.90197456, -0.43174535
0.84735262, 0.81923704
1.628e-05, 0.32079613, -0.00269291
0.0, 0.0, -0.99996948
0.6813336, 0.38667035
-0.00253035, 0.4458186, 0.00171795
-0.72057253, 0.55467391, 0.4159978
0.91494668, 0.3784281
1.627e-05, 0.4458186, -0.00269293
0.0, 0.55467391, -0.83202612
0.91494668, 0.38667023
-0.00253034, 0.32079613, 0.00171795
-0.86602372, 0.0, 0.49998474
0.6813336, 0.37842822
0.00256289, 0.4458186, 0.00171795
0.72057253, 0.55467391, 0.4159978
0.91494668, 0.3784281
0.0025629, 0.32079613, 0.00171795
0.86602372, 0.0, 0.49998474
0.6813336, 0.37842822
0.02306674, 0.20432277, -0.01394248
0.57734919, 0.57734919, 0.57734919
0.64633441, 0.48735303
0.02306674, 0.19833753, -0.01992775
0.99996948, 0.0, 0.0
0.63368744, 0.5
0.02306674, 0.20432277, -0.01992775
0.57734919, 0.57734919, -0.57734919
0.64633441, 0.50000006
0.02306674, 0.19833753, -0.01394248
0.0, -0.99996948, 0.0
0.64633441, 0.52529395
0.01172979, 0.19833753, -0.01992775
0.0, -0.70708334, -0.70708334
0.67028952, 0.51264691
0.02306674, 0.19833753, -0.01992775
0.0, -0.70708334, -0.70708334
0.64633441, 0.51264697
0.01172979, 0.20432277, -0.01394248
0.0, 0.70708334, 0.70708334
0.67028958, 0.48735309
0.01172979, 0.20432277, -0.01992775
0.0, 0.70708334, -0.70708334
0.67028952, 0.5
0.02306674, 0.19833753, -0.01394248
0.0, 0.0, 0.99996948
0.64633441, 0.47470605
0.01172979, 0.19833753, -0.01394248
0.0, 0.0, 1.0
0.67028958, 0.47470611
0.01600812, 0.07005768, 0.0001399
0.8514359, 0.48448133, -0.20068972
0.35946578, 0.51114386
-0.01597558, 0.06453192, -0.00538585
-0.63023776, 0.29709768, -0.71727651
0.34856486, 0.52204478
-0.01597558, 0.07005768, 0.0001399
-0.63023776, 0.71727651, -0.29709768
0.35946578, 0.51114386
0.01600812, 0.06453191, -0.00538586
0.8514359, 0.2006592, -0.48448133
0.34856486, 0.52204478
-0.01597558, 0.05671731, -0.00538585
-0.63023776, -0.29709768, -0.71727651
0.3331486, 0.52204472
0.01600812, 0.05671731, -0.00538585
0.8514359, -0.20068972, -0.48448133
0.3331486, 0.52204472
-0.01597558, 0.05671731, 0.01348027
-0.63023776, -0.29709768, 0.71727651
0.3331486, 0.48482668
-0.01597558, 0.05119155, 0.00795451
-0.80416274, -0.22745445, 0.54911953
0.32224768, 0.4957276
0.01600812, 0.05671731, 0.01348027
0.8514359, -0.20068972, 0.48448133
0.3331486, 0.48482668
-0.01597558, 0.06453191, 0.01348027
-0.63023776, 0.29709768, 0.71727651
0.34856486, 0.48482668
0.01600812, 0.06453191, 0.01348027
0.8514359, 0.2006592, 0.48448133
0.34856486, 0.48482668
-0.01597558, 0.07005768, 0.00795451
-0.63023776, 0.71727651, 0.29709768
0.35946578, 0.4957276
0.01600812, 0.07005768, 0.00795451
0.8514359, 0.48448133, 0.20068972
0.35946578, 0.4957276
-0.01169725, -0.09341281, 0.00795451
0.70708334, 0.0, 0.70708334
0.03698, 0.4957276
-0.01169725, 0.05119155, 0.00795451
0.70708334, 0.0, 0.70708334
0.32224768, 0.4957276
-0.01169725, -0.09341281, -0.00271216
0.64418471, 0.72804958, -0.23435163
0.03698, 0.51677024
-0.01169725, -0.10056442, 0.05218328
0.30149236, -0.90450758, -0.30149236
0.0228717, 0.40847546
-0.01169725, -0.10056442, -0.01266896
0.54322946, -0.25727102, -0.7991882
0.0228717, 0.53641248
-0.01169725, -0.0934128, 0.00013991
0.70708334, 0.0, -0.70708334
0.03698, 0.5111438
0.01600811, -0.10056442, 0.05825048
0.57734919, -0.57734919, 0.57734919
0.0228717, 0.39650643
0.01172979, -0.09341281, 0.05218328
-0.30149236, 0.90450758, -0.30149236
0.03698, 0.40847546
-0.01597558, -0.09341281, -0.00271216
-0.64418471, 0.72804958, -0.23435163
0.03698, 0.51677024
-0.01169725, -0.09341281, 0.05218328
0.30149236, 0.90450758, -0.30149236
0.03698, 0.40847546
-0.01597558, -0.10056442, 0.05825048
-0.57734919, -0.57734919, 0.57734919
0.0228717, 0.39650643
-0.01597558, -0.09341281, 0.05825048
-0.57734919, 0.57734919, 0.57734919
0.03698, 0.39650643
0.01172979, -0.09341281, -0.00271216
-0.64418471, 0.72804958, -0.23435163
0.03698, 0.51677024
0.01600811, -0.09341281, -0.00271216
0.64418471, 0.72804958, -0.23435163
0.03698, 0.51677024
-0.01597558, -0.10056442, -0.01266896
-0.54322946, -0.25727102, -0.7991882
0.0228717, 0.53641248
0.01600811, -0.09341281, 0.05825048
0.57734919, 0.57734919, 0.57731867
0.03698, 0.39650643
-0.01169721, 0.24695864, -0.01812191
-1.0, 0.0, 0.0
0.45619524, 0.41466904
1.63e-05, 0.06923725, -0.03223612
0.0, -0.72942287, -0.68401134
0.1101751, 0.45719618
1.63e-05, 0.06923725, -0.03223612
0.0, 0.0, -1.0
0.12384698, 0.46618056
1.63e-05, 0.05010246, -0.0118308
0.0, -1.0, 0.0
0.066172, 0.40290451
1.628e-05, 0.32079607, -0.03703297
0.0, 0.0, -1.0
0.63490832, 0.44614279
-0.00209298, 0.37183505, -0.02120089
-0.38267159, 0.0, 0.92385632
0.77678955, 0.42392898
-0.00232955, 0.44983023, -0.00485519
0.0, -1.0, 0.0
0.9226445, 0.41800141
1.626e-05, 0.47080594, -0.00485519
0.0, 0.0, 1.0
0.96581483, 0.3885206
-0.00564702, 0.46476978, -0.01286426
0.0, 0.61366618, -0.78954434
0.97225046, 0.59215719
1.627e-05, 0.4414655, -0.04384236
0.0, -0.97378463, -0.22733238
0.90270352, 0.47960544
1.627e-05, 0.4414655, -0.04384236
0.0, 0.0, -1.0
0.90700185, 0.48255539
-0.00724121, 0.2337759, -0.03703297
0.0, 0.10559404, -0.99438459
0.54348308, 0.51424593
1.63e-05, 0.06790465, 0.01301885
0.0, -0.22507401, -0.97433394
0.10592818, 0.25817108
1.629e-05, 0.14782788, 0.00898032
0.0, -0.75350201, -0.65739924
0.71575391, 0.26941681
0.01172978, 0.24695864, -0.01812191
1.0, 0.0, 0.0
0.45619524, 0.58533221
1.629e-05, 0.21653467, 0.00831284
0.0, 0.04327524, 0.99905396
0.40025264, 0.65665871
1.63e-05, 0.06923725, -0.03223612
0.0, 0.0, -1.0
0.12384701, 0.53382063
1.63e-05, 0.05010246, -0.0118308
0.0, -1.0, 0.0
0.06617221, 0.5971272
0.01172981, 0.21653467, 0.00831284
0.79781485, -0.2931608, 0.52681053
0.43935257, 0.65588176
1.629e-05, 0.22636968, 0.01378622
0.0, 0.32090214, 0.94708091
0.46477386, 0.68686378
0.01172978, 0.24695864, -0.03703297
0.71431625, 0.02410962, -0.69936216
0.49624693, 0.57108283
1.627e-05, 0.37183505, -0.01690677
0.0, -1.0, 0.0
0.76262963, 0.65367955
0.00236208, 0.44983023, -0.00485519
0.0, -1.0, 0.0
0.91494668, 0.3784281
1.626e-05, 0.47080594, -0.00485519
0.0, 0.0, 0.99996948
0.96581483, 0.61148071
0.00567955, 0.46476978, -0.01286426
0.0, 0.61366618, -0.78954434
0.99459481, 0.59215719
1.627e-05, 0.44748098, -0.02624366
0.0, -0.70708334, 0.70708334
0.91402173, 0.55635065
1.627e-05, 0.4414655, -0.04384236
0.0, -0.97378463, -0.22733238
0.9027034, 0.51918977
1.628e-05, 0.24695864, -0.03703297
0.0, 0.70708334, -0.70708334
0.45619518, 0.53200805
0.00727378, 0.2337759, -0.03703297
0.0, 0.10559404, -0.99438459
0.54348308, 0.48882854
1.63e-05, 0.06790465, 0.01301885
0.0, -0.22507401, -0.97433394
0.10592815, 0.74183035
1.629e-05, 0.14782788, 0.00898032
0.0, -0.75350201, -0.65739924
0.71575403, 0.7305845
0.02306674, 0.19833753, -0.01394248
1.0, 0.0, 0.0
0.63368744, 0.48735303
0.01172979, 0.19833753, -0.01394248
0.0, -1.0, 0.0
0.67028958, 0.52529395
-0.01597558, -0.09341281, 0.00795451
-0.70708334, 0.0, 0.70708334
0.03698, 0.4957276
# Number of Faces:
477
# Face Data:
0, 1, 2
3, 4, 5
6, 7, 1
0, 8, 9
10, 9, 11
12, 6, 5
3, 6, 0
1, 13, 2
14, 15, 16
15, 17, 18
19, 20, 21
15, 22, 23
4, 24, 5
25, 26, 19
27, 19, 28
29, 30, 14
31, 17, 30
32, 33, 34
31, 35, 36
37, 38, 39
40, 41, 42
43, 44, 45
46, 37, 39
47, 45, 48
49, 50, 46
51, 48, 41
52, 49, 53
54, 55, 56
54, 57, 44
58, 59, 60
61, 62, 63
62, 64, 58
65, 66, 67
68, 60, 59
62, 60, 69
63, 69, 68
58, 64, 65
70, 61, 66
65, 64, 70
54, 71, 72
51, 73, 74
75, 76, 77
47, 71, 43
74, 78, 79
71, 80, 72
79, 81, 71
73, 82, 74
83, 84, 85
86, 87, 83
88, 86, 89
72, 90, 55
91, 92, 93
94, 95, 96
95, 97, 98
99, 100, 98
95, 100, 96
101, 99, 102
91, 102, 99
91, 103, 104
104, 105, 97
97, 92, 106
107, 108, 109
110, 108, 111
112, 113, 114
5, 107, 12
115, 116, 117
118, 119, 120
121, 122, 119
123, 124, 122
119, 124, 120
125, 123, 126
127, 128, 115
129, 130, 131
132, 130, 133
121, 134, 133
135, 134, 131
136, 131, 130
137, 133, 134
138, 139, 140
141, 142, 143
144, 145, 142
146, 147, 145
148, 139, 149
141, 146, 144
150, 151, 138
145, 152, 150
153, 140, 148
154, 138, 153
142, 150, 154
155, 148, 149
156, 153, 155
143, 154, 156
157, 158, 159
160, 161, 162
159, 163, 164
157, 165, 166
167, 168, 157
159, 169, 162
159, 162, 161
170, 171, 172
173, 158, 166
174, 175, 176
177, 178, 179
180, 181, 182
183, 172, 171
176, 184, 170
185, 186, 187
185, 188, 189
190, 191, 192
193, 185, 194
195, 160, 162
191, 196, 197
198, 191, 197
189, 199, 186
188, 200, 189
201, 202, 203
200, 204, 205
206, 207, 208
209, 210, 211
212, 213, 214
215, 207, 216
214, 217, 218
219, 216, 220
218, 221, 209
219, 222, 223
224, 225, 226
227, 225, 212
228, 229, 230
231, 232, 233
234, 229, 232
235, 236, 237
228, 238, 239
230, 234, 238
238, 231, 239
229, 237, 232
233, 236, 235
237, 236, 232
225, 240, 213
221, 241, 210
242, 243, 244
213, 245, 217
246, 247, 245
248, 240, 249
250, 245, 240
251, 241, 247
252, 83, 85
253, 86, 83
86, 254, 89
255, 249, 224
256, 257, 258
259, 260, 261
259, 262, 263
264, 265, 266
264, 259, 261
267, 268, 269
265, 256, 258
270, 256, 263
271, 263, 262
257, 262, 258
272, 273, 195
273, 274, 275
113, 276, 114
272, 162, 169
277, 278, 279
280, 281, 282
283, 284, 280
285, 286, 283
282, 283, 280
286, 287, 288
289, 290, 278
291, 286, 292
291, 293, 294
284, 295, 289
296, 297, 298
291, 298, 299
294, 297, 295
300, 301, 302
303, 304, 305
306, 307, 303
308, 309, 306
300, 310, 311
309, 304, 307
312, 313, 301
314, 306, 313
302, 315, 310
301, 316, 315
313, 303, 316
310, 317, 311
315, 318, 317
316, 305, 318
319, 320, 321
322, 323, 320
324, 321, 323
321, 320, 323
325, 326, 327
328, 329, 330
331, 327, 332
329, 327, 330
333, 331, 334
335, 336, 337
338, 339, 336
340, 182, 339
176, 341, 342
343, 344, 341
343, 176, 340
345, 346, 344
347, 337, 346
182, 341, 336
342, 348, 349
350, 351, 352
181, 342, 182
349, 353, 180
354, 351, 178
351, 355, 178
356, 357, 350
356, 358, 359
360, 178, 355
361, 354, 177
362, 351, 358
361, 355, 363
355, 359, 363
359, 354, 363
352, 356, 350
360, 177, 179
343, 176, 340
0, 6, 1
3, 364, 4
6, 365, 7
0, 2, 8
10, 0, 9
12, 366, 6
0, 10, 3
3, 5, 6
1, 367, 13
14, 30, 15
15, 30, 17
19, 26, 20
15, 18, 22
4, 108, 24
19, 18, 25
17, 25, 18
27, 18, 19
29, 31, 30
31, 36, 17
32, 38, 33
31, 368, 35
37, 33, 38
40, 51, 41
43, 54, 44
46, 50, 37
47, 43, 45
49, 369, 50
51, 47, 48
52, 369, 49
54, 72, 55
54, 56, 57
58, 67, 59
61, 64, 62
67, 58, 65
65, 70, 66
68, 69, 60
62, 58, 60
63, 62, 69
70, 64, 61
54, 43, 71
51, 40, 73
75, 370, 76
47, 79, 71
74, 82, 78
71, 81, 80
79, 78, 81
73, 371, 82
83, 87, 84
86, 372, 87
88, 372, 86
72, 80, 90
91, 106, 92
94, 102, 95
95, 104, 97
99, 373, 100
95, 98, 100
101, 374, 99
99, 98, 106
98, 97, 106
104, 95, 91
99, 106, 91
91, 95, 102
91, 93, 103
104, 103, 105
97, 105, 92
107, 24, 108
110, 109, 108
112, 375, 113
5, 24, 107
115, 128, 116
118, 121, 119
121, 123, 122
123, 376, 124
119, 122, 124
125, 376, 123
127, 129, 128
134, 128, 131
123, 121, 130
121, 133, 130
131, 128, 129
123, 130, 129
132, 136, 130
121, 128, 134
135, 137, 134
136, 135, 131
137, 132, 133
138, 151, 139
141, 144, 142
144, 146, 145
146, 377, 147
148, 140, 139
141, 377, 146
150, 152, 151
145, 147, 152
153, 138, 140
154, 150, 138
142, 145, 150
155, 153, 148
156, 154, 153
143, 142, 154
157, 166, 158
160, 378, 161
159, 158, 163
157, 168, 165
167, 379, 168
159, 380, 169
161, 167, 157
157, 159, 161
170, 184, 171
173, 381, 158
174, 183, 175
177, 354, 178
180, 353, 181
183, 174, 172
176, 175, 184
185, 189, 186
185, 197, 188
190, 382, 191
193, 197, 185
195, 273, 160
188, 197, 196
191, 382, 196
198, 383, 191
189, 200, 199
188, 384, 200
201, 206, 202
200, 384, 204
206, 201, 207
209, 221, 210
212, 225, 213
215, 208, 207
214, 213, 217
219, 215, 216
218, 217, 221
219, 220, 222
224, 249, 225
227, 226, 225
228, 385, 229
231, 234, 232
237, 229, 385
385, 235, 237
228, 230, 238
230, 229, 234
238, 234, 231
233, 232, 236
225, 249, 240
221, 247, 241
242, 386, 243
213, 240, 245
246, 251, 247
248, 250, 240
250, 246, 245
251, 387, 241
252, 253, 83
253, 388, 86
86, 388, 254
255, 248, 249
256, 389, 257
259, 267, 260
259, 266, 262
264, 390, 265
264, 266, 259
267, 265, 268
262, 266, 258
267, 259, 256
259, 263, 256
258, 266, 265
267, 256, 265
270, 389, 256
271, 270, 263
257, 271, 262
272, 391, 273
273, 391, 274
113, 392, 276
272, 195, 162
277, 289, 278
280, 284, 281
283, 286, 284
285, 393, 286
282, 285, 283
286, 393, 287
289, 292, 290
292, 289, 296
289, 295, 296
294, 284, 291
292, 296, 291
291, 284, 286
291, 299, 293
284, 294, 295
296, 295, 297
291, 296, 298
294, 293, 297
300, 312, 301
303, 307, 304
306, 309, 307
308, 394, 309
300, 302, 310
309, 394, 304
312, 314, 313
314, 308, 306
302, 301, 315
301, 313, 316
313, 306, 303
310, 315, 317
315, 316, 318
316, 303, 305
319, 322, 320
322, 324, 323
324, 319, 321
325, 395, 326
328, 396, 329
331, 325, 327
329, 332, 327
333, 325, 331
335, 338, 336
338, 340, 339
340, 170, 182
176, 343, 341
343, 345, 344
340, 338, 335
335, 347, 340
345, 343, 340
176, 170, 340
340, 347, 345
345, 347, 346
347, 335, 337
346, 337, 336
336, 339, 182
182, 342, 341
341, 344, 346
346, 336, 341
342, 397, 348
350, 357, 351
181, 397, 342
349, 348, 353
354, 358, 351
351, 357, 355
356, 359, 357
356, 362, 358
360, 179, 178
361, 363, 354
362, 352, 351
361, 360, 355
355, 357, 359
359, 358, 354
352, 362, 356
360, 361, 177
340, 338, 335
335, 347, 340
345, 343, 340
176, 170, 340
340, 347, 345
