# Project Zomboid Skinned Mesh
# File Version:
1.0
# Model Name:
Cube
# Vertex Stride Element Count:
3
# Vertex Stride Size (in bytes):
76
# Vertex Stride Data:
# (Int)    Offset
# (String) Type
0
VertexArray
12
NormalArray
24
TextureCoordArray
# Vertex Count:
296
# Vertex Buffer:
0.01000267, 0.13644822, -0.01256006
0.9861446, -0.09244057, -0.13757744
0.42081857, 0.84205282
0.01000267, 0.13644822, 0.03325005
0.9861446, -0.09244057, 0.13757744
0.42081857, 0.91897976
0.0100027, 0.13506238, 0.01824595
0.90450758, -0.30149236, 0.30149236
0.41849154, 0.89378393
0.00842029, 0.37264192, -0.02774399
0.57734919, 0.57734919, -0.57734919
0.37526053, 0.58061767
0.00842029, 0.34469914, -0.00936652
0.71611685, -0.69722587, 0.03183081
0.3283374, 0.61147809
0.00842029, 0.34469914, -0.02774399
0.57734919, -0.57734919, -0.57734919
0.32833737, 0.58061767
0.01000268, 0.27908301, -0.03172652
0.57734919, 0.57734919, -0.57734919
0.66033876, 0.80986738
0.0100027, 0.17574354, -0.01256006
0.71846676, 0.58708459, 0.37293619
0.48680553, 0.84205282
0.01000268, 0.17574354, -0.03172652
0.6666463, 0.33332315, -0.6666463
0.48680559, 0.80986744
0.00804829, 0.13506238, 0.03423479
0.70708334, 0.0, -0.70708334
0.41849145, 0.97772348
0.00804829, 0.09662452, 0.03831432
0.70708334, 0.0, 0.70708334
0.35394445, 0.98457396
0.00804829, 0.09662452, 0.03423479
0.70708334, 0.0, -0.70708334
0.35394445, 0.97772348
0.00804829, 0.13506238, 0.03831432
0.70708334, 0.0, 0.70708334
0.41849145, 0.98457396
0.0, 0.09662452, 0.03831432
0.0, 0.0, 1.0
0.35394448, 0.99808908
0.0, 0.13506238, 0.03423479
0.0, 0.0, -1.0
0.41849145, 0.96420836
0.00771723, 0.43928963, -0.02240348
0.71727651, 0.63023776, -0.29709768
0.48717871, 0.58958566
0.00319658, 0.17477737, -0.02692416
0.38267159, 0.0, -0.92385632
0.04299548, 0.5819943
0.00319658, 0.43928963, -0.02692416
0.29709768, 0.63023776, -0.71727651
0.48717871, 0.5819943
0.00771723, 0.43928963, -0.01601035
0.71727651, 0.63023776, 0.29709768
0.48717871, 0.60032138
0.00771723, 0.17477737, -0.02240348
0.92385632, 0.0, -0.38267159
0.04299548, 0.58958566
0.00319658, 0.43928963, -0.01148968
0.29709768, 0.63023776, 0.71727651
0.48717871, 0.60791278
0.00771723, 0.17477737, -0.01601035
0.92385632, 0.0, 0.38267159
0.04299548, 0.60032138
0.0, 0.37264192, -0.00936652
0.0, 0.96789455, 0.25125888
0.37526053, 0.621979
0.00842029, 0.37264192, -0.00936652
0.66057312, 0.72188485, 0.20606098
0.37526053, 0.61147809
0.00551402, 0.35448426, 0.02324821
0.57615894, 0.40110478, 0.71211892
0.34476903, 0.66624653
0.0, 0.34469914, 0.02324821
0.0, -0.70708334, 0.70708334
0.32833737, 0.67931432
0.00551402, 0.34469914, 0.02324821
0.54881436, -0.58214056, 0.59987181
0.32833737, 0.66624653
0.0, 0.37264192, -0.02774399
0.0, 0.70708334, -0.70708334
0.3752605, 0.56569758
0.0, 0.35448426, 0.02324821
0.0, 0.5067293, 0.86208683
0.34476906, 0.67931432
0.0, 0.17477737, -0.02692416
0.0, 0.0, -1.0
0.04303065, 0.57424164
0.0, 0.43928963, -0.02692416
0.0, 0.70708334, -0.70708334
0.48721391, 0.57424164
0.0, 0.34469914, -0.02774399
0.0, -0.70708334, -0.70708334
0.32833737, 0.56569758
0.00590651, 0.34469914, -0.00615514
0.54896694, 0.63023776, -0.54896694
0.4086574, 0.37921625
0.0, 0.14827967, -0.0086017
0.0, -0.63023776, -0.77636033
0.07881936, 0.36848116
0.0, 0.34469914, -0.0086017
0.0, 0.63023776, -0.77636033
0.4086574, 0.36847979
0.00835307, 0.34469914, -0.00024863
0.54637289, 0.75374615, -0.36506242
0.40865746, 0.38995266
0.00590651, 0.14827967, -0.00615514
0.54896694, -0.63023776, -0.54896694
0.07881936, 0.37921691
0.00590651, 0.34469914, 0.02629162
0.54896694, 0.63023776, 0.54896694
0.40865925, 0.45351177
0.00835307, 0.14827967, 0.02038511
0.54637289, -0.75374615, 0.36506242
0.07882115, 0.44277531
0.00835307, 0.34469914, 0.02038511
0.54637289, 0.75374615, 0.36506242
0.40865925, 0.44277537
0.0, 0.43928963, -0.01148968
0.0, 0.70708334, 0.70708334
0.48714346, 0.61566544
0.00319658, 0.17477737, -0.01148968
0.38267159, 0.0, 0.92385632
0.04299548, 0.60791278
0.0, 0.34469914, 0.02873818
0.0, 0.63023776, 0.77636033
0.40865919, 0.46424818
0.00590651, 0.14827967, 0.02629162
0.54896694, -0.63023776, 0.54896694
0.07882115, 0.45351106
0.01622337, 0.34469914, 0.00416171
0.54896694, 0.63023776, -0.54896694
0.40864018, 0.4064455
0.01031689, 0.14827967, 0.00171517
0.36506242, -0.75374615, -0.54637289
0.07880214, 0.39570975
0.01031686, 0.34469914, 0.00171514
0.36506242, 0.75374615, -0.54637289
0.40864018, 0.39570969
0.01622336, 0.34469914, 0.01597473
0.54896694, 0.63023776, 0.54896694
0.40864018, 0.42628258
0.01866997, 0.14827967, 0.01006826
0.77636033, -0.63023776, 0.0
0.07880214, 0.41636407
0.01866991, 0.34469914, 0.01006822
0.77636033, 0.63023776, 0.0
0.40864018, 0.41636407
0.0162234, 0.14827967, 0.00416175
0.54896694, -0.63023776, -0.54896694
0.07880214, 0.4064455
0.01031689, 0.14827967, 0.01842132
0.36506242, -0.75374615, 0.54637289
0.07880214, 0.43701833
0.0162234, 0.14827967, 0.01597477
0.54896694, -0.63023776, 0.54896694
0.07880214, 0.42628258
0.01031686, 0.34469914, 0.0184213
0.36506242, 0.75374615, 0.54637289
0.46306154, 0.43039101
0.01866991, 0.34469914, 0.01006822
0.77636033, 0.63023776, 0.0
0.47708848, 0.41636407
0.01031686, 0.34469914, 0.00171514
0.36506242, 0.75374615, -0.54637289
0.46306154, 0.40233701
0.0, 0.43928963, -0.01148968
0.0, 0.70708334, 0.70708334
0.50915998, 0.60791278
0.00771723, 0.43928963, -0.01601035
0.71727651, 0.63023776, 0.29709768
0.49620086, 0.60032135
0.00771723, 0.43928963, -0.02240348
0.71727651, 0.63023776, -0.29709768
0.49620086, 0.5895856
0.01031689, 0.14827967, 0.00171517
0.36506242, -0.75374615, -0.54637289
0.05849579, 0.40233707
0.01031689, 0.14827967, 0.01842132
0.36506242, -0.75374615, 0.54637289
0.05849579, 0.43039101
0.00835307, 0.14827967, 0.02038511
0.54637289, -0.75374615, 0.36506242
0.05519799, 0.43368858
0.00835307, 0.14827967, -0.00024863
0.54637289, -0.75374615, -0.36506242
0.07881936, 0.38995266
0.01031686, 0.34469914, 0.0184213
0.36506242, 0.75374615, 0.54637289
0.40864018, 0.43701839
0.01000269, -0.02945515, 0.01824595
0.79598379, 0.21399578, 0.56620991
0.1422247, 0.89378393
0.0, -0.07253451, 0.05624004
0.0, 0.35355693, 0.93539232
0.0698835, 0.97491956
0.01000269, -0.07253451, 0.05624004
0.6354869, 0.27295756, 0.72222054
0.0698835, 0.95758569
0.01992266, 0.16113149, 0.010345
0.75832391, 0.57585377, 0.30542925
0.4622682, 0.88051617
0.0, 0.17574354, -0.01256006
0.0, 0.76781517, 0.64064455
0.48680553, 0.85177672
0.01728075, 0.15382548, 0.02179753
0.64589375, 0.51902831, 0.55980104
0.44999948, 0.89974797
0.0100027, 0.07173824, 0.01824594
0.94683677, -0.26801354, 0.17777032
0.31215405, 0.89378393
0.0, -0.02945515, 0.01824595
0.0, 0.35355693, 0.93539232
0.1422247, 0.9095279
0.0100027, 0.04550619, 0.08037141
0.55919063, -0.69087803, 0.4582049
0.26810381, 0.99810839
0.0, 0.07173824, 0.01824594
0.0, -0.83333844, 0.55272073
0.29438722, 0.9095279
0.01000268, -0.09674231, -0.03172652
0.57734919, -0.57734919, -0.57734919
0.02923247, 0.80986738
0.0, 0.17574354, -0.03172652
0.0, 0.44718772, -0.89440596
0.48689392, 0.79034817
0.0, 0.27908301, -0.01256006
0.0, 0.70708334, 0.70708334
0.66033876, 0.85776138
0.0, 0.17574354, -0.01256006
0.0, 0.76781517, 0.64064455
0.48691532, 0.85776138
0.0100027, 0.08144648, 0.08037141
0.59889525, 0.45463425, 0.65923035
0.32845673, 0.99810839
0.0, 0.04550619, 0.08037141
0.0, -0.83333844, 0.55272073
0.25826755, 0.99999964
0.01000268, 0.27908301, -0.03172652
0.57734919, 0.57734919, -0.57734919
0.66033876, 0.19013447
0.0, 0.27908301, -0.01256006
0.0, 0.70708334, 0.70708334
0.66033876, 0.14224046
0.01000268, 0.27908301, -0.01256006
0.57734919, 0.57734919, 0.57734919
0.66033876, 0.15794903
0.0100027, 0.10506439, 0.01824595
0.85949278, 0.29016998, 0.42072818
0.3681173, 0.89378393
0.0, 0.08144648, 0.08037141
0.0, 0.56770533, 0.82320625
0.33790383, 0.99999964
0.0, 0.27908301, -0.03172652
0.0, 0.70708334, -0.70708334
0.66033876, 0.79121405
0.0, 0.10506439, 0.01824595
0.0, 0.56770533, 0.82320625
0.37519303, 0.90759492
0.01000268, -0.09674231, 0.05624004
0.57734919, -0.57734919, 0.57734919
0.02923247, 0.95758569
0.0, -0.09674231, -0.03172652
0.0, -0.70708334, -0.70708334
0.0128262, 0.80986738
0.0100027, 0.13506238, 0.03831432
0.57734919, -0.57734919, 0.57734919
0.41849145, 0.9274838
0.0, 0.13506238, 0.01824595
0.0, -0.70708334, 0.70708334
0.41165772, 0.90759492
0.0, -0.09674231, 0.05624004
0.0, -0.70708334, 0.70708334
0.02923247, 0.97491956
0.0100027, 0.14328881, 0.03831432
0.61320841, 0.3797113, 0.6926176
0.43230575, 0.9274838
0.0, 0.13506238, 0.03831432
0.0, -0.70708334, 0.70708334
0.41849145, 0.93451405
0.01728075, 0.16843753, -0.00110754
0.75069427, 0.65849787, 0.05301065
0.4745369, 0.86128449
0.0100027, 0.14651947, 0.03325005
0.53541672, 0.59736931, 0.59703362
0.43773094, 0.91897964
0.01728073, 0.13644822, 0.02179752
0.6839503, -0.67097998, 0.28626361
0.42081851, 0.89974785
0.01992264, 0.13644822, 0.010345
0.75139624, -0.65981019, 0.0
0.42081854, 0.88051617
0.01728073, 0.13644822, -0.00110754
0.6839503, -0.67097998, -0.28626361
0.42081854, 0.86128449
0.01728073, 0.13644822, -0.00110754
0.6839503, -0.67097998, -0.28626361
0.42081854, 0.13871735
0.01728073, 0.13644822, 0.02179752
0.6839503, -0.67097998, 0.28626361
0.42081851, 0.100254
0.01000267, 0.13644822, -0.01256006
0.9861446, -0.09244057, -0.13757744
0.42081857, 0.15794903
0.00467765, 0.37264192, -0.02774399
0.70708334, 0.70708334, 0.0
0.37526056, 0.56240788
0.00467765, 0.36858189, -0.05848795
0.90450758, -0.30149236, 0.30149236
0.36844274, 0.51078087
0.00467765, 0.37264192, -0.06452729
0.57734919, 0.57734919, -0.57734919
0.37526053, 0.50063935
0.00806784, 0.05218601, -0.06703708
0.57432783, -0.56175423, -0.59541613
0.27932107, 0.72596431
0.00806772, 0.06365308, -0.05715701
0.89568776, 0.30249947, 0.32590717
0.29857719, 0.74255538
0.00806784, 0.05218601, -0.03172652
0.70708334, -0.70708334, 0.0
0.27932107, 0.7852596
0.00467765, 0.36016893, -0.06452729
0.59828484, -0.45780817, -0.65758234
0.35431477, 0.50063938
0.00467765, 0.36269462, -0.05848795
0.86272776, 0.29224524, 0.41261023
0.35855609, 0.5107809
0.0, 0.37264192, -0.06452729
0.0, 0.70708334, -0.70708334
0.38285843, 0.49320942
0.0, 0.36016893, -0.06452729
0.0, -0.57136756, -0.82067323
0.34990111, 0.48919702
0.0, 0.34655625, -0.02774399
0.0, -0.93783379, -0.34705648
0.32181758, 0.55891395
0.00467765, 0.34655625, -0.02774399
0.61223179, -0.74150825, -0.27439192
0.33145589, 0.56240785
0.0, 0.36858189, -0.03253323
0.0, -0.70708334, -0.70708334
0.36596265, 0.54404745
0.00467765, 0.36858189, -0.03253323
0.90450758, -0.30149236, -0.30149236
0.36844271, 0.5543654
0.0, 0.36269462, -0.05848795
0.0, 0.57799006, 0.81603444
0.35875884, 0.51860175
0.00467765, 0.3535648, -0.03253323
0.94100773, 0.27607045, -0.19553208
0.34322497, 0.5543654
0.0, 0.3535648, -0.03253323
0.0, 0.81603444, -0.57799006
0.3505148, 0.54551208
0.0, 0.36858189, -0.05848795
0.0, -0.70708334, 0.70708334
0.3639237, 0.51857197
0.00806784, 0.1746536, -0.03172652
0.70708334, 0.70708334, 0.0
0.48497507, 0.7852596
0.00806772, 0.06222056, -0.03794756
0.91311383, 0.29880673, -0.27735221
0.29617164, 0.77481282
0.00806778, 0.16925903, -0.03794756
0.90450758, -0.30149236, -0.30149236
0.47591624, 0.77481282
0.00806778, 0.16925903, -0.05715701
0.90450758, -0.30149236, 0.30149236
0.47591624, 0.74255538
0.0, 0.06365308, -0.05715701
0.0, 0.68028808, 0.73290199
0.31483409, 0.74621403
0.0, 0.16925903, -0.03794756
0.0, -0.70708334, -0.70708334
0.45772591, 0.77070206
0.0, 0.1746536, -0.05990604
0.0, 0.72734761, -0.68623918
0.4976196, 0.72411704
0.00806784, 0.1746536, -0.05990604
0.58046204, 0.5922727, -0.5587939
0.48497507, 0.73793912
0.0, 0.06222056, -0.03794756
0.0, 0.73290199, -0.68028808
0.31107569, 0.766918
0.0, 0.16925903, -0.05715701
0.0, -0.70708334, 0.70708334
0.46015456, 0.74890721
0.0, 0.1746536, -0.03172652
0.0, 1.0, 0.0
0.50489652, 0.7843703
0.0, 0.05218601, -0.06703708
0.0, -0.68623918, -0.72734761
0.26561618, 0.71371639
0.0, 0.17574354, -0.01256006
0.0, 0.76781517, 0.64064455
0.48680553, 0.84205282
0.0, 0.17574354, -0.03172652
0.0, 0.44718772, -0.89440596
0.48680568, 0.80986786
-0.0100027, 0.13506238, 0.01824595
-0.90450758, -0.30149236, 0.30149236
0.41849154, 0.10621792
-0.0100027, 0.13506238, 0.03831432
-0.57734919, -0.57734919, 0.57734919
0.41849145, 0.07251805
-0.01000267, 0.13644822, 0.03325005
-0.9861446, -0.09244057, 0.13757744
0.42081857, 0.08102208
-0.00842029, 0.34469914, -0.00936652
-0.71611685, -0.69722587, 0.03183081
0.3283374, 0.61147809
-0.00842029, 0.37264192, -0.02774399
-0.57734919, 0.57734919, -0.57734919
0.37526053, 0.58061767
-0.00842029, 0.34469914, -0.02774399
-0.57734919, -0.57734919, -0.57734919
0.32833737, 0.58061767
-0.0100027, 0.17574354, -0.01256006
-0.71846676, 0.58708459, 0.37293619
0.48680553, 0.15794903
-0.01000268, 0.27908301, -0.03172652
-0.57734919, 0.57734919, -0.57734919
0.66033876, 0.19013447
-0.01000268, 0.17574354, -0.03172652
-0.6666463, 0.33332315, -0.6666463
0.48680559, 0.19013447
-0.00804829, 0.09662452, 0.03831432
-0.70708334, 0.0, 0.70708334
0.35394445, 0.01542789
-0.00804829, 0.13506238, 0.03423479
-0.70708334, 0.0, -0.70708334
0.41849145, 0.02227837
-0.00804829, 0.09662452, 0.03423479
-0.70708334, 0.0, -0.70708334
0.35394445, 0.02227837
0.0, 0.09662452, 0.03831432
0.0, 0.0, 1.0
0.35394448, 0.00191277
-0.00804829, 0.13506238, 0.03831432
-0.70708334, 0.0, 0.70708334
0.41849145, 0.01542789
0.0, 0.13506238, 0.03423479
0.0, 0.0, -1.0
0.41849145, 0.03579348
-0.00319658, 0.17477737, -0.02692416
-0.38267159, 0.0, -0.92385632
0.04299548, 0.5819943
-0.00771723, 0.43928963, -0.02240348
-0.71727651, 0.63023776, -0.29709768
0.48717871, 0.58958566
-0.00319658, 0.43928963, -0.02692416
-0.29709768, 0.63026828, -0.717246
0.48717871, 0.5819943
-0.00771723, 0.17477737, -0.02240348
-0.92385632, 0.0, -0.38267159
0.04299548, 0.58958566
-0.00771723, 0.43928963, -0.01601035
-0.71727651, 0.63023776, 0.29709768
0.48717871, 0.60032138
-0.00771723, 0.17477737, -0.01601035
-0.92385632, 0.0, 0.38267159
0.04299548, 0.60032138
-0.00319658, 0.43928963, -0.01148968
-0.29709768, 0.63023776, 0.71727651
0.48717871, 0.60791278
-0.00842029, 0.37264192, -0.00936652
-0.66057312, 0.72188485, 0.20606098
0.37526053, 0.61147809
-0.00551402, 0.35448426, 0.02324821
-0.57615894, 0.40110478, 0.71211892
0.34476903, 0.66624653
-0.00551402, 0.34469914, 0.02324821
-0.54881436, -0.58214056, 0.59987181
0.32833737, 0.66624653
-0.00590651, 0.34469914, -0.00615514
-0.54896694, 0.63023776, -0.54896694
0.4086574, 0.37921625
-0.00590651, 0.14827967, -0.00615514
-0.54896694, -0.63023776, -0.54896694
0.07881936, 0.37921691
-0.00835307, 0.34469914, -0.00024863
-0.54637289, 0.75374615, -0.36506242
0.40865746, 0.38995266
-0.00835307, 0.14827967, 0.02038511
-0.54637289, -0.75374615, 0.36506242
0.07882115, 0.44277531
-0.00590651, 0.34469914, 0.02629162
-0.54896694, 0.63023776, 0.54896694
0.40865925, 0.45351177
-0.00835307, 0.34469914, 0.02038511
-0.54637289, 0.75374615, 0.36506242
0.40865925, 0.44277537
-0.00319658, 0.17477737, -0.01148968
-0.38267159, 0.0, 0.92385632
0.04299548, 0.60791278
-0.00590651, 0.14827967, 0.02629162
-0.54896694, -0.63023776, 0.54896694
0.07882115, 0.45351106
-0.01031689, 0.14827967, 0.00171517
-0.36506242, -0.75374615, -0.54637289
0.07880214, 0.39570975
-0.01622337, 0.34469914, 0.00416171
-0.54896694, 0.63023776, -0.54896694
0.40864018, 0.4064455
-0.01031686, 0.34469914, 0.00171514
-0.36506242, 0.75374615, -0.54637289
0.40864018, 0.39570969
-0.01866997, 0.14827967, 0.01006826
-0.77636033, -0.63023776, 0.0
0.07880214, 0.41636407
-0.01622336, 0.34469914, 0.01597473
-0.54896694, 0.63023776, 0.54896694
0.40864018, 0.42628258
-0.01866991, 0.34469914, 0.01006822
-0.77636033, 0.63023776, 0.0
0.40864018, 0.41636407
-0.0162234, 0.14827967, 0.00416175
-0.54896694, -0.63023776, -0.54896694
0.07880214, 0.4064455
-0.01031689, 0.14827967, 0.01842132
-0.36506242, -0.75374615, 0.54637289
0.07880214, 0.43701833
-0.01031686, 0.34469914, 0.0184213
-0.36506242, 0.75374615, 0.54637289
0.40864018, 0.43701839
-0.01031686, 0.34469914, 0.00171514
-0.36506242, 0.75374615, -0.54637289
0.42841241, 0.40233701
-0.00835307, 0.34469914, 0.02038511
-0.54637289, 0.75374615, 0.36506242
0.43171009, 0.43368864
-0.00835307, 0.34469914, -0.00024863
-0.54637289, 0.75374615, -0.36506242
0.43171009, 0.39903939
-0.00771723, 0.43928963, -0.02240348
-0.71727651, 0.63023776, -0.29709768
0.49620086, 0.5895856
0.0, 0.43928963, -0.02692416
0.0, 0.70708334, -0.70708334
0.50915998, 0.58199435
-0.01031689, 0.14827967, 0.01842132
-0.36506242, -0.75374615, 0.54637289
0.02384642, 0.43039101
-0.0162234, 0.14827967, 0.00416175
-0.54896694, -0.63023776, -0.54896694
0.01392791, 0.4064455
-0.01031689, 0.14827967, 0.00171517
-0.36506242, -0.75374615, -0.54637289
0.02384642, 0.40233707
-0.00835307, 0.14827967, -0.00024863
-0.54637289, -0.75374615, -0.36506242
0.07881936, 0.38995266
0.0, -0.07253451, 0.05624004
0.0, 0.35355693, 0.93539232
0.0698835, 0.02508229
-0.01000269, -0.02945515, 0.01824595
-0.79598379, 0.21399578, 0.56620991
0.1422247, 0.10621792
-0.01000269, -0.07253451, 0.05624004
-0.6354869, 0.27295756, 0.72222054
0.0698835, 0.04241616
-0.01728075, 0.16843753, -0.00110754
-0.75069427, 0.65849787, 0.05301065
0.4745369, 0.13871735
-0.01992266, 0.16113149, 0.010345
-0.75832391, 0.57585377, 0.30542925
0.4622682, 0.11948568
0.0, 0.17574354, -0.01256006
0.0, 0.76781517, 0.64064455
0.48680553, 0.14822513
0.0, -0.02945515, 0.01824595
0.0, 0.35355693, 0.93539232
0.1422247, 0.09047395
-0.0100027, 0.07173824, 0.01824594
-0.94683677, -0.26801354, 0.17777032
0.31215405, 0.10621792
0.0, 0.07173824, 0.01824594
0.0, -0.83333844, 0.55272073
0.29438722, 0.09047395
-0.0100027, 0.04550619, 0.08037141
-0.55919063, -0.69087803, 0.4582049
0.26810381, 0.00189346
0.0, 0.17574354, -0.03172652
0.0, 0.44718772, -0.89440596
0.48689392, 0.20965368
-0.01000268, -0.09674231, -0.03172652
-0.57734919, -0.57734919, -0.57734919
0.02923247, 0.19013447
-0.01000268, 0.27908301, -0.01256006
-0.57734919, 0.57734919, 0.57734919
0.66033876, 0.15794903
0.0, 0.04550619, 0.08037141
0.0, -0.83333844, 0.55272073
0.25826755, 2.21e-06
-0.0100027, 0.08144648, 0.08037141
-0.59889525, 0.45463425, 0.65923035
0.32845673, 0.00189346
0.0, 0.08144648, 0.08037141
0.0, 0.56770533, 0.82320625
0.33790383, 2.21e-06
-0.0100027, 0.10506439, 0.01824595
-0.85949278, 0.29016998, 0.42072818
0.3681173, 0.10621792
0.0, 0.27908301, -0.03172652
0.0, 0.70708334, -0.70708334
0.66033876, 0.20878786
0.0, 0.10506439, 0.01824595
0.0, 0.56770533, 0.82320625
0.37519303, 0.09240693
0.0, -0.09674231, -0.03172652
0.0, -0.70708334, -0.70708334
0.0128262, 0.19013447
-0.01000268, -0.09674231, 0.05624004
-0.57734919, -0.57734919, 0.57734919
0.02923247, 0.04241616
0.0, 0.13506238, 0.01824595
0.0, -0.70708334, 0.70708334
0.41165772, 0.09240693
0.0, 0.13506238, 0.03831432
0.0, -0.70708334, 0.70708334
0.41849145, 0.0654878
-0.0100027, 0.14328881, 0.03831432
-0.61320841, 0.3797113, 0.6926176
0.43230575, 0.07251805
-0.01000267, 0.13644822, -0.01256006
-0.9861446, -0.09244057, -0.13757744
0.42081857, 0.15794903
-0.01728073, 0.13644822, 0.02179752
-0.6839503, -0.67097998, 0.28626361
0.42081851, 0.100254
-0.0100027, 0.14651947, 0.03325005
-0.53541672, 0.59736931, 0.59703362
0.43773094, 0.0810222
-0.01728075, 0.15382548, 0.02179753
-0.64589375, 0.51902831, 0.55980104
0.44999948, 0.10025388
-0.01992264, 0.13644822, 0.010345
-0.75139624, -0.65981019, 0.0
0.42081854, 0.11948568
-0.01728073, 0.13644822, -0.00110754
-0.6839503, -0.67097998, -0.28626361
0.42081854, 0.13871735
-0.00467765, 0.37264192, -0.02774399
-0.70708334, 0.70708334, 0.0
0.37526056, 0.56240788
-0.00467765, 0.3535648, -0.03253323
-0.94100773, 0.27607045, -0.19553208
0.34322497, 0.5543654
-0.00467765, 0.34655625, -0.02774399
-0.61223179, -0.74150825, -0.27439192
0.33145589, 0.56240785
-0.00806784, 0.05218601, -0.06703708
-0.57432783, -0.56175423, -0.59541613
0.27932107, 0.27403754
-0.00806778, 0.16925903, -0.05715701
-0.90450758, -0.30149236, 0.30149236
0.47591624, 0.25744647
-0.00806784, 0.1746536, -0.05990604
-0.58046204, 0.5922727, -0.5587939
0.48497507, 0.26206273
-0.00467765, 0.36858189, -0.05848795
-0.90450758, -0.30149236, 0.30149236
0.36844274, 0.51078087
-0.00467765, 0.37264192, -0.06452729
-0.57734919, 0.57734919, -0.57734919
0.37526053, 0.50063935
-0.00467765, 0.36016893, -0.06452729
-0.59828484, -0.45780817, -0.65758234
0.35431477, 0.50063938
-0.00467765, 0.36858189, -0.03253323
-0.90450758, -0.30149236, -0.30149236
0.36844271, 0.5543654
-0.00467765, 0.36269462, -0.05848795
-0.86272776, 0.29224524, 0.41261023
0.35855609, 0.5107809
-0.00806772, 0.06222056, -0.03794756
-0.91311383, 0.29880673, -0.27735221
0.29617164, 0.22518903
-0.00806784, 0.05218601, -0.03172652
-0.70708334, -0.70708334, 0.0
0.27932107, 0.21474224
-0.00806784, 0.1746536, -0.03172652
-0.70708334, 0.70708334, 0.0
0.48497507, 0.21474224
0.0, 0.06365308, -0.05715701
0.0, 0.68028808, 0.73290199
0.31483409, 0.25378782
-0.00806772, 0.06365308, -0.05715701
-0.89568776, 0.30249947, 0.32590717
0.29857719, 0.25744647
0.0, 0.16925903, -0.03794756
0.0, -0.70708334, -0.70708334
0.45772591, 0.22929984
-0.00806778, 0.16925903, -0.03794756
-0.90450758, -0.30149236, -0.30149236
0.47591624, 0.22518903
0.0, 0.1746536, -0.05990604
0.0, 0.72734761, -0.68623918
0.4976196, 0.27588481
0.0, 0.06222056, -0.03794756
0.0, 0.73290199, -0.68028808
0.31107569, 0.2330839
0.0, 0.16925903, -0.05715701
0.0, -0.70708334, 0.70708334
0.46015456, 0.25109464
0.0, 0.1746536, -0.03172652
0.0, 1.0, 0.0
0.50489652, 0.21563154
0.0, 0.05218601, -0.06703708
0.0, -0.68623918, -0.72734761
0.26561618, 0.28628546
0.0, 0.17574354, -0.01256006
0.0, 0.76781517, 0.64064455
0.48680553, 0.15794903
0.01000268, 0.27908301, -0.01256006
0.57734919, 0.57734919, 0.57734919
0.66033876, 0.84205282
0.0, 0.13506238, 0.03831432
0.0, 0.0, 1.0
0.41849145, 0.99808908
0.0, 0.09662452, 0.03423479
0.0, 0.0, -1.0
0.35394451, 0.96420825
0.0, 0.17477737, -0.01148968
0.0, 0.0, 1.0
0.04296032, 0.61566544
0.0, 0.14827967, 0.02873818
0.0, -0.63023776, 0.77636033
0.07882109, 0.46424687
0.00590651, 0.34469914, -0.00615514
0.54896694, 0.63023776, -0.54896694
0.45565554, 0.38912082
0.0, 0.34469914, -0.0086017
0.0, 0.63023776, -0.77636033
0.44573697, 0.38501239
0.00835307, 0.34469914, -0.00024863
0.54637289, 0.75374615, -0.36506242
0.45976385, 0.39903939
0.0, 0.34469914, 0.02873818
0.0, 0.63023776, 0.77636033
0.44573697, 0.44771558
0.00590651, 0.34469914, 0.02629162
0.54896694, 0.63023776, 0.54896694
0.45565554, 0.44360721
0.00835307, 0.34469914, 0.02038511
0.54637289, 0.75374615, 0.36506242
0.45976385, 0.43368864
0.01622336, 0.34469914, 0.01597473
0.54896694, 0.63023776, 0.54896694
0.47298005, 0.42628258
0.01622337, 0.34469914, 0.00416171
0.54896694, 0.63023776, -0.54896694
0.47298029, 0.40644544
0.00319658, 0.43928963, -0.02692416
0.29709768, 0.63023776, -0.71727651
0.50379211, 0.58199435
0.00319658, 0.43928963, -0.01148968
0.29709768, 0.63023776, 0.71727651
0.50379211, 0.60791278
0.0, 0.14827967, -0.0086017
0.0, -0.63023776, -0.77636033
0.04117111, 0.38501239
0.00590651, 0.14827967, -0.00615514
0.54896694, -0.63023776, -0.54896694
0.05108962, 0.38912082
0.00835307, 0.14827967, -0.00024863
0.54637289, -0.75374615, -0.36506242
0.05519805, 0.39903939
0.0162234, 0.14827967, 0.00416175
0.54896694, -0.63023776, -0.54896694
0.0684143, 0.4064455
0.01866997, 0.14827967, 0.01006826
0.77636033, -0.63023776, 0.0
0.07252273, 0.41636407
0.0, 0.14827967, 0.02873818
0.0, -0.63023776, 0.77636033
0.04117111, 0.44771558
0.0162234, 0.14827967, 0.01597477
0.54896694, -0.63023776, 0.54896694
0.0684143, 0.42628258
0.00590651, 0.14827967, 0.02629162
0.54896694, -0.63023776, 0.54896694
0.05108962, 0.44360721
0.0, 0.14328881, 0.03831432
0.0, 0.48069704, 0.87685782
0.43230578, 0.93451405
0.0, -0.09674231, -0.03172652
0.0, -0.70708334, -0.70708334
0.02923247, 0.79034817
0.0, 0.17574354, -0.03172652
0.0, 0.44718772, -0.89440596
0.48688379, 0.79121399
0.0, -0.09674231, 0.05624004
0.0, -0.70708334, 0.70708334
0.0128262, 0.95758569
0.01000267, 0.13644822, 0.03325005
0.9861446, -0.09244057, 0.13757744
0.42081857, 0.08102208
0.01992264, 0.13644822, 0.010345
0.75139624, -0.65981019, 0.0
0.42081854, 0.11948568
0.0, 0.37264192, -0.02774399
0.0, 1.0, 0.0
0.38404125, 0.56225741
0.0, 0.05218601, -0.03172652
0.0, -1.0, 0.0
0.26310572, 0.78468597
0.0, 0.13506238, 0.03831432
0.0, 0.0, 1.0
0.41849145, 0.00191277
0.0, 0.09662452, 0.03423479
0.0, 0.0, -1.0
0.35394451, 0.0357936
-0.0162234, 0.14827967, 0.01597477
-0.54896694, -0.63023776, 0.54896694
0.07880214, 0.42628258
-0.00590651, 0.34469914, -0.00615514
-0.54896694, 0.63023776, -0.54896694
0.4358184, 0.38912082
-0.00590651, 0.34469914, 0.02629162
-0.54896694, 0.63023776, 0.54896694
0.4358184, 0.44360721
-0.01866991, 0.34469914, 0.01006822
-0.77636033, 0.63023776, 0.0
0.41438547, 0.41636407
-0.01622336, 0.34469914, 0.01597473
-0.54896694, 0.63023776, 0.54896694
0.41849384, 0.42628258
-0.01031686, 0.34469914, 0.0184213
-0.36506242, 0.75374615, 0.54637289
0.42841241, 0.43039101
-0.01622337, 0.34469914, 0.00416171
-0.54896694, 0.63023776, -0.54896694
0.41849372, 0.40644544
-0.00319658, 0.43928963, -0.02692416
-0.29709768, 0.63026828, -0.717246
0.50379211, 0.58199435
-0.00771723, 0.43928963, -0.01601035
-0.71727651, 0.63023776, 0.29709768
0.49620086, 0.60032135
-0.00319658, 0.43928963, -0.01148968
-0.29709768, 0.63023776, 0.71727651
0.50379211, 0.60791278
-0.00835307, 0.14827967, -0.00024863
-0.54637289, -0.75374615, -0.36506242
0.02714417, 0.39903939
-0.00590651, 0.14827967, -0.00615514
-0.54896694, -0.63023776, -0.54896694
0.0312526, 0.38912082
-0.00835307, 0.14827967, 0.02038511
-0.54637289, -0.75374615, 0.36506242
0.02714423, 0.43368858
-0.00590651, 0.14827967, 0.02629162
-0.54896694, -0.63023776, 0.54896694
0.0312526, 0.44360721
-0.0162234, 0.14827967, 0.01597477
-0.54896694, -0.63023776, 0.54896694
0.01392791, 0.42628258
-0.01866997, 0.14827967, 0.01006826
-0.77636033, -0.63023776, 0.0
0.00981948, 0.41636407
0.0, 0.14328881, 0.03831432
0.0, 0.48069704, 0.87685782
0.43230578, 0.0654878
0.0, -0.09674231, -0.03172652
0.0, -0.70708334, -0.70708334
0.02923247, 0.20965368
0.0, 0.17574354, -0.01256006
0.0, 0.76781517, 0.64064455
0.48691532, 0.14224046
0.0, 0.17574354, -0.03172652
0.0, 0.44718772, -0.89440596
0.48688379, 0.20878786
0.0, -0.09674231, 0.05624004
0.0, -0.70708334, 0.70708334
0.0128262, 0.04241616
0.0, -0.09674231, 0.05624004
0.0, -0.70708334, 0.70708334
0.02923247, 0.02508229
0.0, 0.05218601, -0.03172652
0.0, -1.0, 0.0
0.26310572, 0.21531588
0.0, 0.17574354, -0.03172652
0.0, 0.44718772, -0.89440596
0.48680568, 0.19013399
# Number of Faces:
360
# Face Data:
0, 1, 2
3, 4, 5
6, 7, 8
9, 10, 11
12, 13, 10
11, 14, 9
15, 16, 17
18, 19, 15
20, 21, 18
3, 22, 23
24, 25, 26
5, 27, 3
24, 22, 28
17, 29, 30
4, 25, 31
32, 33, 34
35, 36, 32
37, 38, 39
40, 41, 20
42, 43, 37
44, 45, 46
47, 48, 49
49, 50, 44
47, 51, 52
53, 54, 55
56, 57, 58
59, 60, 61
62, 46, 45
63, 38, 51
64, 65, 66
67, 68, 69
70, 71, 64
72, 73, 70
74, 75, 8
7, 76, 77
78, 79, 72
80, 81, 82
83, 84, 78
8, 85, 6
2, 86, 83
87, 88, 74
89, 90, 2
87, 65, 91
92, 93, 89
94, 0, 7
95, 96, 69
69, 97, 67
67, 98, 94
99, 100, 101
102, 103, 104
105, 106, 107
108, 103, 109
110, 102, 104
111, 104, 108
112, 108, 113
114, 103, 115
116, 117, 109
118, 115, 117
119, 109, 103
120, 121, 122
123, 124, 106
121, 125, 122
105, 126, 127
106, 128, 121
122, 129, 123
127, 130, 120
107, 131, 105
132, 8, 133
24, 4, 23
134, 135, 136
137, 138, 139
140, 141, 142
143, 144, 145
146, 147, 143
148, 145, 144
149, 150, 151
152, 153, 150
154, 155, 153
22, 138, 156
25, 157, 158
27, 139, 138
157, 22, 156
29, 151, 30
25, 158, 137
33, 159, 34
160, 161, 159
162, 163, 164
165, 40, 155
166, 42, 163
167, 168, 169
170, 171, 172
173, 172, 168
171, 174, 175
176, 177, 178
179, 56, 180
181, 182, 183
169, 184, 167
162, 175, 174
185, 186, 187
188, 189, 190
191, 192, 186
193, 194, 192
195, 196, 142
140, 81, 197
198, 199, 194
81, 141, 197
200, 201, 199
202, 142, 141
203, 134, 201
204, 205, 196
206, 135, 134
205, 185, 187
207, 208, 135
209, 188, 140
210, 211, 212
213, 212, 189
214, 189, 188
210, 213, 214
215, 216, 217
218, 219, 220
221, 222, 223
215, 110, 222
222, 111, 223
223, 112, 217
221, 114, 224
216, 116, 225
224, 118, 216
225, 119, 221
226, 227, 228
229, 219, 230
231, 226, 232
233, 218, 220
234, 230, 226
235, 232, 219
236, 220, 228
237, 227, 218
238, 142, 140
137, 157, 156
74, 8, 0
8, 7, 0
66, 87, 74
64, 66, 74
1, 95, 92
83, 78, 70
70, 64, 74
78, 72, 70
2, 83, 0
70, 74, 0
1, 92, 89
83, 70, 0
1, 89, 2
3, 23, 4
6, 239, 7
9, 12, 10
12, 240, 13
11, 241, 14
15, 19, 16
18, 21, 19
20, 41, 21
3, 27, 22
24, 28, 25
5, 31, 27
24, 23, 22
17, 16, 29
31, 5, 4
4, 26, 25
32, 36, 33
35, 62, 36
37, 43, 38
40, 242, 41
42, 243, 43
44, 50, 45
47, 52, 48
49, 48, 50
47, 63, 51
244, 245, 246
247, 248, 249
53, 250, 54
247, 249, 246
246, 245, 247
54, 251, 55
55, 246, 249
249, 53, 55
58, 252, 180
180, 56, 58
253, 57, 56
254, 255, 256
59, 257, 258
259, 254, 256
256, 59, 61
258, 260, 60
61, 261, 259
258, 60, 59
61, 259, 256
62, 35, 46
63, 39, 38
64, 71, 65
262, 92, 95
95, 69, 262
67, 94, 68
7, 68, 94
262, 69, 68
70, 73, 71
72, 79, 73
74, 263, 75
7, 239, 76
78, 84, 79
80, 202, 81
83, 86, 84
8, 264, 85
2, 90, 86
87, 265, 88
89, 93, 90
87, 66, 65
92, 262, 93
94, 98, 0
95, 1, 96
69, 96, 97
67, 97, 98
266, 101, 100
99, 267, 100
102, 113, 117
115, 103, 102
102, 117, 115
105, 127, 123
106, 121, 107
105, 123, 106
117, 113, 108
108, 104, 103
109, 117, 108
110, 268, 102
111, 110, 104
112, 111, 108
114, 119, 103
116, 118, 117
118, 114, 115
119, 116, 109
123, 127, 122
120, 107, 121
122, 127, 120
123, 129, 124
121, 128, 125
105, 131, 126
106, 124, 128
122, 125, 129
127, 126, 130
107, 269, 131
132, 7, 8
24, 26, 4
196, 205, 187
196, 187, 186
140, 142, 209
209, 142, 196
196, 186, 192
192, 194, 199
192, 199, 201
209, 196, 192
208, 211, 136
209, 192, 201
209, 201, 134
135, 208, 136
136, 209, 134
137, 156, 138
140, 197, 141
143, 147, 144
146, 270, 147
148, 271, 145
149, 152, 150
152, 154, 153
154, 165, 155
22, 27, 138
25, 28, 157
27, 31, 139
157, 28, 22
29, 149, 151
137, 139, 31
31, 25, 137
33, 160, 159
160, 184, 161
162, 166, 163
165, 242, 40
166, 243, 42
167, 173, 168
170, 272, 171
173, 170, 172
171, 272, 174
247, 245, 178
245, 273, 178
177, 274, 247
275, 276, 277
277, 177, 176
247, 178, 177
176, 278, 275
275, 277, 176
180, 279, 179
179, 280, 56
281, 56, 280
282, 283, 254
254, 259, 284
259, 285, 284
282, 254, 284
181, 286, 287
282, 284, 183
287, 182, 181
183, 284, 181
169, 161, 184
162, 164, 175
185, 191, 186
211, 208, 288
288, 212, 211
140, 188, 190
189, 212, 190
288, 190, 212
191, 193, 192
193, 198, 194
195, 289, 196
140, 290, 81
198, 200, 199
81, 202, 141
200, 203, 201
202, 291, 142
203, 206, 134
204, 292, 205
206, 207, 135
205, 293, 185
207, 288, 208
209, 214, 188
210, 136, 211
213, 210, 212
214, 213, 189
214, 209, 136
136, 210, 214
215, 222, 221
224, 216, 215
215, 221, 224
218, 227, 230
230, 219, 218
227, 226, 230
223, 217, 216
225, 221, 223
223, 216, 225
215, 268, 110
222, 110, 111
223, 111, 112
221, 119, 114
216, 118, 116
224, 114, 118
225, 116, 119
228, 220, 232
232, 226, 228
220, 219, 232
229, 235, 219
231, 234, 226
233, 237, 218
234, 229, 230
235, 231, 232
236, 233, 220
237, 294, 227
238, 295, 142
137, 158, 157
