# Project Zomboid Skinned Mesh
# File Version:
1.0
# Model Name:
Cube
# Vertex Stride Element Count:
3
# Vertex Stride Size (in bytes):
76
# Vertex Stride Data:
# (Int)    Offset
# (String) Type
0
VertexArray
12
NormalArray
24
TextureCoordArray
# Vertex Count:
359
# Vertex Buffer:
0.01143022, 0.21191263, -0.00143661
0.0, -0.96148562, -0.27478865
0.60145348, 0.16647613
0.01950418, 0.21191263, 0.01129719
0.56599629, -0.51069671, 0.64714497
0.60145348, 0.14535475
0.01143022, 0.21191263, 0.01129719
0.0, -0.26520586, 0.96417129
0.60145348, 0.14535475
0.01950418, 0.21191263, -0.00143661
0.66551715, -0.70021665, -0.25830865
0.60145348, 0.16647613
0.01143022, 0.22879875, -0.02856513
0.65804011, -0.06839198, -0.74983978
0.6294623, 0.21147394
0.0, 0.10309971, 0.02170875
0.0, -0.17950988, 0.98373365
0.42096668, 0.8922224
0.01143022, 0.13717079, 0.01986328
0.91079438, -0.2839137, 0.29969177
0.47747999, 0.87189031
0.0, 0.13717079, 0.01986328
0.0, -0.68770409, 0.72597432
0.47406879, 0.88843125
0.00755472, 0.30014008, -0.05712502
0.70708334, 0.0, -0.70708334
0.74779516, 0.71108884
0.00755469, 0.18964064, -0.0442591
1.0, 0.0, 0.0
0.56451112, 0.73242939
0.00755472, 0.06952066, -0.05712502
0.59987181, -0.44938505, -0.66194648
0.36526942, 0.7110889
0.01143022, 0.0581931, -0.03863642
0.62364572, -0.32825708, -0.70940274
0.34648061, 0.77485764
0.0, 0.03959201, -0.01673155
0.0, -0.93865782, -0.3447676
0.31562722, 0.78957134
0.0, 0.0581931, -0.03863642
0.0, -0.41993469, -0.90752894
0.34648061, 0.75631237
0.01143022, 0.03959201, -0.00627976
0.60237432, -0.66859949, 0.43598741
0.31562722, 0.82852721
0.01143022, 0.10309971, 0.02170875
0.65831476, -0.13510545, 0.74047059
0.42096668, 0.87495148
0.01143022, 0.03959201, -0.01673155
0.63710439, -0.72350228, -0.26572466
0.31562722, 0.18880939
0.0, 0.03959201, -0.00627976
0.0, -0.83761102, 0.5462203
0.31562722, 0.1620729
0.0, 0.03959201, -0.01673155
0.0, -0.93865782, -0.3447676
0.31562722, 0.21042907
0.01143022, 0.13717079, 0.04091709
0.56807154, -0.52452165, 0.63414413
0.47747999, 0.90681207
0.01143022, 0.1980716, 0.02929059
0.63518173, 0.40491959, 0.6576739
0.57849544, 0.88752735
0.0, 0.13717079, 0.04091709
0.0, -0.63734853, 0.7705313
0.47541061, 0.92272806
0.01143022, 0.21191263, 0.01129719
0.84536272, 0.4233833, 0.325663
0.60145348, 0.85768193
0.0, 0.1980716, 0.02929059
0.0, 0.52427745, 0.85152745
0.57849544, 0.9050386
0.01143022, 0.14021587, -0.02856513
0.88286996, 0.23059785, -0.4090701
0.48253074, 0.79156274
0.0, 0.22879875, -0.02856513
0.0, 0.0, -0.99996948
0.62932199, 0.7754215
0.01143022, 0.22879875, -0.02856513
0.54234445, 0.0, -0.84014404
0.6294623, 0.79156274
0.0, 0.14021587, -0.02856513
0.0, 0.70708334, -0.70708334
0.48253074, 0.22457898
0.00755472, 0.14021587, -0.03863642
0.58763391, 0.77687919, -0.22611164
0.48253074, 0.22514284
0.0, 0.14021587, -0.03863642
0.0, 1.0, 0.0
0.48253074, 0.22514284
0.01143022, 0.21191263, 0.01129719
0.0, -0.26520586, 0.96417129
0.60145348, 0.85725367
0.01950418, 0.24859148, 0.00253117
0.73439741, 0.07940916, 0.67400128
0.66229218, 0.84271359
0.0, 0.24859148, 0.00253117
0.0, 0.11700796, 0.99310279
0.66229218, 0.86762953
0.0, 0.4264493, 0.00253117
0.0, 0.78820157, 0.61540574
0.97033942, 0.86762953
0.01950418, 0.42545742, -0.00143659
0.72090822, 0.64622945, -0.25025177
0.95565772, 0.83613229
0.01143022, 0.41867536, -0.02856513
0.64903712, 0.70503861, -0.28565323
0.94440818, 0.79113448
0.0, 0.41699123, -0.03530112
0.0, 0.61540574, -0.78820157
0.94161505, 0.76120377
0.01143022, 0.29615384, -0.03530112
0.82522047, 0.14075136, -0.54695272
0.74118328, 0.77996171
0.0, 0.29615378, -0.03530112
0.0, 0.70708334, -0.70708334
0.74767983, 0.75884598
0.01143022, 0.27650434, -0.03530112
0.7101047, -0.6241951, -0.32572407
0.70859104, 0.22003877
0.0, 0.27650434, -0.02856513
0.0, -0.70708334, -0.70708334
0.70859104, 0.22440636
0.0, 0.27650434, -0.03530112
0.0, -1.0, 0.0
0.70859104, 0.22945988
0.0, 0.27650434, -0.02856513
0.0, -0.70708334, -0.70708334
0.70859104, 0.77559412
0.01143022, 0.22879875, -0.02856513
0.65804011, -0.06839198, -0.74983978
0.6294623, 0.79113448
0.0, 0.22879875, -0.02856513
0.0, 0.0, -1.0
0.62950367, 0.7754215
0.01143022, 0.27650434, -0.02856513
0.84292126, -0.28894925, -0.45384076
0.70859104, 0.79113448
0.01950418, 0.21191263, -0.00143661
0.66551715, -0.70021665, -0.25830865
0.60145348, 0.83613229
0.01950418, 0.4264493, 0.00253117
0.56553853, 0.65001374, 0.50752282
0.95730299, 0.84271359
0.01143022, 0.21191263, -0.00143661
1.0, 0.0, 0.0
0.60145348, 0.83656049
0.00755472, 0.41002584, -0.05712502
0.59349346, 0.48423719, -0.64284188
0.93006164, 0.7110889
0.00755472, 0.30014008, -0.03863642
1.0, 0.0, 0.0
0.74779516, 0.74175566
0.01143022, 0.41699123, -0.03530112
0.59132665, 0.49626148, -0.63560897
0.94161505, 0.77996171
0.0, 0.41867536, -0.02856513
0.0, 0.9701224, -0.2425306
0.94440818, 0.77550602
0.00755472, 0.27650434, -0.03863642
0.35401469, -0.8398999, -0.41135898
0.70859104, 0.22557104
0.00755472, 0.29615384, -0.03863642
0.35398418, 0.8398999, -0.41132846
0.74118328, 0.77442944
0.01143022, 0.07234783, -0.03863642
0.57731867, 0.57734919, -0.57734919
0.36995882, 0.22775078
0.00755472, 0.07234783, -0.03863642
0.7408368, 0.60814232, -0.2850734
0.36995882, 0.22775078
0.01143026, 0.07234783, -0.02856513
0.99410993, 0.05908383, -0.09076205
0.36995882, 0.21104568
0.00755472, 0.27650434, -0.03863642
0.35401469, -0.8398999, -0.41135898
0.70859104, 0.77442944
0.01143022, 0.27650434, -0.03530112
0.7101047, -0.6241951, -0.32572407
0.70859104, 0.77996171
0.00755472, 0.07234783, -0.03863642
0.7408368, 0.60814232, -0.2850734
0.36995882, 0.77485764
0.01143026, 0.07234783, -0.02856513
0.99410993, 0.05908383, -0.09076205
0.36995882, 0.79156274
0.0, 0.07234783, -0.03863642
0.0, 0.0, -1.0
0.36995882, 0.74940383
0.01143022, 0.07234783, -0.03863642
0.57731867, 0.57734919, -0.57734919
0.36995882, 0.77485764
0.01023229, -0.01118371, 0.04186968
0.86141545, 0.0595111, 0.50434887
0.18120605, 0.90839207
0.01023228, 0.04224247, 0.03864042
0.78417307, 0.19281594, -0.58980072
0.26982346, 0.90303576
0.01023228, 0.0721396, 0.08671478
0.57478559, 0.25449386, 0.77767265
0.31941351, 0.98277617
0.01023229, 0.03959201, -0.00627976
1.0, 0.0, 0.0
0.2654272, 0.82852721
0.01023235, 0.06027851, 0.01100633
0.78811002, -0.20014039, 0.58204901
0.29973963, 0.85719943
0.01023234, 0.04224247, 0.01100633
0.78356272, 0.19165623, 0.59096044
0.26982346, 0.85719943
0.0, 0.07097567, 0.01934995
0.0, -0.89858699, 0.43873408
0.30356935, 0.87583125
0.01023235, 0.07097567, 0.01934995
0.82033753, -0.51384014, 0.25086215
0.31748292, 0.87103891
0.0, 0.0721396, 0.08671478
0.0, 0.31101412, 0.95037693
0.31941351, 0.99999976
0.0, 0.03073344, 0.01934995
0.0, 0.89074373, 0.45445111
0.26184687, 0.87708449
0.01023235, 0.03073344, 0.01934995
0.82497633, 0.50340283, 0.25681326
0.25073358, 0.87103891
0.0, 0.10309971, 0.02170875
0.0, 0.90282905, 0.42997527
0.37076667, 0.894131
0.01023231, 0.10309971, 0.02170875
0.70039982, 0.64436781, 0.30689412
0.37076667, 0.87495148
0.0, 0.05154971, -0.03863642
0.0, -0.37473679, -0.9270913
0.28526124, 0.76101792
0.01023231, 0.0581931, -0.03863642
0.48310801, 0.0, -0.8755455
0.29628059, 0.77485764
0.01023231, 0.05154971, -0.03863642
0.63167208, -0.29050568, -0.7187109
0.28526124, 0.77485764
0.01023229, 0.03441248, -0.02207611
0.8019349, -0.22385326, -0.55384994
0.25683591, 0.80232602
0.0, 0.06027851, 0.03864042
0.0, -0.32743308, -0.94485307
0.29281577, 0.89097512
0.01023228, 0.06027851, 0.03864042
0.78872037, -0.20126957, -0.58082825
0.29973963, 0.90303576
0.0, -0.1150498, -0.02207609
0.0, -0.70708334, -0.70708334
0.0089246, 0.78484201
0.01023228, -0.1150498, -0.02207609
0.57734919, -0.57734919, -0.57734919
0.0089246, 0.80232602
0.0, 0.03073344, 0.03021455
0.0, 0.89181191, -0.45234534
0.2641522, 0.884974
0.01023234, 0.03073344, 0.03021455
0.82436597, 0.50480664, -0.25605029
0.25073364, 0.8890599
0.0, -0.1150498, 0.06410524
0.0, -0.70708334, 0.70708334
0.0089246, 0.037727
0.01023228, -0.1150498, -0.02207609
0.57734919, -0.57734919, -0.57734919
0.0089246, 0.19767439
0.01023228, -0.1150498, 0.06410524
0.57734919, -0.57734919, 0.57734919
0.0089246, 0.05472648
0.01023228, 0.07097567, 0.03021455
0.81972718, -0.51527452, -0.25003815
0.31748292, 0.8890599
0.0, -0.03609742, 0.06410524
0.0, 0.3563036, 0.93435466
0.13988197, 0.96302897
0.01023228, -0.1150498, 0.06410524
0.57734919, -0.57734919, 0.57734919
0.0089246, 0.945274
0.01023228, -0.03609742, 0.06410524
0.63499862, 0.27524644, 0.72179329
0.13988197, 0.945274
0.0, 0.06027851, 0.01100633
0.0, -0.32517472, 0.94564652
0.29250619, 0.8687495
0.0, -0.01118371, 0.04186968
0.0, 0.11716056, 0.99310279
0.18120605, 0.92442465
0.0, 0.06217936, -0.03863642
0.0, -0.9294107, -0.36902982
0.35309255, 0.72942942
0.00755472, 0.06217936, -0.03863642
0.60475481, -0.74016541, -0.29389325
0.35309255, 0.74175566
0.0, 0.06952066, -0.05712502
0.0, -0.56166267, -0.82735682
0.36526942, 0.69663727
0.0, 0.30014008, -0.05712502
0.0, 0.0, -1.0
0.74786335, 0.69663727
0.0, 0.41002584, -0.05712502
0.0, 0.60167241, -0.79873043
0.93006164, 0.69663727
0.00755472, 0.41375536, -0.0441344
0.64888453, 0.73131502, -0.20993683
0.93624747, 0.73263621
0.00285873, 0.41977894, -0.0053244
0.38267159, 0.0, 0.92385632
0.28194821, 0.51622286
0.0, 0.51978427, -0.0053244
0.0, 0.70708334, 0.70708334
0.44782609, 0.52096426
0.0, 0.41977894, -0.0053244
0.0, 0.0, 1.0
0.28194821, 0.52096444
0.00690159, 0.41977894, -0.00936726
0.92385632, 0.0, 0.38267159
0.28194821, 0.50673899
0.00285873, 0.51978427, -0.0053244
0.29709768, 0.63026828, 0.717246
0.44782609, 0.51622251
0.00690159, 0.41977894, -0.01508474
0.92385632, 0.0, -0.38267159
0.28194821, 0.49725544
0.00690159, 0.51978427, -0.00936726
0.71727651, 0.63023776, 0.29709768
0.44782609, 0.50673899
0.0, 0.40162927, -0.07944658
0.0, 0.57976013, -0.81475264
0.91613412, 0.64472967
0.00619248, 0.40937215, -0.05712502
0.61864072, 0.74224067, -0.25745416
0.92897725, 0.68943399
0.00619249, 0.40162927, -0.07944658
0.59694207, 0.46510208, -0.65364546
0.91613412, 0.65240943
0.00285873, 0.41977894, -0.0191276
0.38267159, 0.0, -0.92385632
0.28194821, 0.48777163
0.00690159, 0.51978427, -0.01508474
0.71727651, 0.63023776, -0.29709768
0.44782609, 0.49725544
0.0, 0.41977894, -0.0191276
0.0, 0.0, -1.0
0.28194821, 0.48303008
0.00285873, 0.51978427, -0.0191276
0.29709768, 0.63023776, -0.71727651
0.44782609, 0.48777199
0.00690159, 0.51978427, -0.00936726
0.71727651, 0.63023776, 0.29709768
0.47633809, 0.50673899
0.0, 0.51978427, -0.0191276
0.0, 0.70708334, -0.70708334
0.46489042, 0.49054968
0.0, 0.51978427, -0.0053244
0.0, 0.70708334, 0.70708334
0.46489054, 0.51344484
0.0, 0.1961633, 0.02965489
0.0, 0.96823025, -0.24994659
0.13235271, 0.48587722
0.00894892, 0.20657259, 0.06997567
0.57994324, 0.71163058, 0.39646596
0.13702321, 0.55609322
0.00894905, 0.1961633, 0.02965489
0.72106081, 0.67082733, -0.17316203
0.11470287, 0.49072665
0.0, 0.20657259, 0.06997567
0.0, 0.8735618, 0.48667866
0.15476966, 0.54949299
0.00894892, 0.16180539, 0.08390059
0.57432783, -0.40177616, 0.71321756
0.06474792, 0.5847908
0.0, 0.16180539, 0.08390059
0.0, -0.49079868, 0.8712424
0.04939138, 0.59161118
0.00894892, 0.15050948, 0.03837061
0.69447923, -0.69829404, 0.17322306
0.04030185, 0.51092118
0.0, 0.10918341, -0.0616348
0.0, 0.95449692, -0.29813531
0.43105766, 0.66954058
0.00755472, 0.10918341, -0.05712502
0.70708334, 0.70708334, 0.0
0.4310576, 0.68943399
0.00755476, 0.10918341, -0.0616348
0.64574116, 0.72881252, -0.22763756
0.43105766, 0.68195367
0.00755472, 0.07080222, -0.05712502
0.70708334, -0.70708334, 0.0
0.36739522, 0.68943399
0.0, 0.07080222, -0.06150488
0.0, -0.85622728, -0.51652575
0.36739522, 0.67209476
0.00755472, 0.07080222, -0.06150488
0.60722679, -0.68028808, -0.41038239
0.36739522, 0.68216902
0.00755473, 0.0911612, -0.0722377
0.65681934, -0.18109684, -0.73195595
0.40116435, 0.66436672
0.00619238, 0.38875055, -0.06652944
0.78597367, -0.48463392, -0.38380077
0.89477247, 0.67383498
0.0, 0.39341897, -0.07944658
0.0, -0.57448041, -0.8184759
0.90251571, 0.64472967
0.00619249, 0.39341897, -0.07944658
0.59779656, -0.46052432, -0.65611744
0.90251571, 0.65240943
0.00755473, 0.10184307, -0.0722377
0.61604661, 0.36558121, -0.69771415
0.41888225, 0.66436672
0.0, 0.37433285, -0.05712502
0.0, -0.54631186, -0.83754998
0.87085795, 0.68261206
0.00619248, 0.37433285, -0.05712502
0.34531695, -0.51271093, -0.7860347
0.87085795, 0.68943399
0.0, 0.0911612, -0.0722377
0.0, -0.24018067, -0.97070223
0.40116435, 0.65180051
0.00908612, 0.11262787, 0.04172828
0.78209782, 0.08423109, -0.61738944
0.43677092, 0.90815759
0.00908612, 0.13717079, 0.04091709
0.74971771, 0.13721122, 0.64732808
0.47747999, 0.90681207
0.00908617, 0.11234976, 0.04617822
0.64229256, -0.08655049, 0.76152837
0.43630958, 0.91553867
0.0, 0.11234976, 0.04617822
0.0, -0.11294901, 0.99359113
0.43630958, 0.93053389
0.0, 0.11262787, 0.04172828
0.0, 0.135197, -0.99081391
0.43810457, 0.90452445
0.00908612, 0.13717079, 0.03745544
0.66493726, -0.12808618, -0.73580128
0.47747999, 0.90107024
0.00908612, 0.0950088, 0.03811463
0.69832456, -0.30179754, 0.64900661
0.40754628, 0.90216362
0.0, 0.09696976, 0.03428743
0.0, 0.42918178, -0.90319526
0.41535383, 0.89581555
0.00908612, 0.09696976, 0.03428743
0.71373636, 0.30060732, -0.63258767
0.41079903, 0.89581555
0.0, 0.25514466, -0.03668024
0.0, 0.70708334, -0.70708334
0.69005036, 0.75878072
0.00500262, 0.25514466, -0.02856513
0.70708334, 0.70708334, 0.0
0.68300498, 0.77224112
0.00500262, 0.25514466, -0.03668024
0.57734919, 0.57734919, -0.57734919
0.68300498, 0.75878072
0.00500262, 0.14021587, -0.02856513
0.99996948, 0.0, 0.0
0.49237385, 0.77224112
0.00500262, 0.14021587, -0.03668024
0.70708334, 0.0, -0.70708334
0.49237385, 0.75878072
0.0, 0.14021587, -0.03668024
0.0, 0.0, -1.0
0.49237385, 0.75221157
-0.01950418, 0.21191263, 0.01129719
-0.56599629, -0.51069671, 0.64714497
0.60145348, 0.14274681
-0.01143022, 0.21191263, -0.00143661
0.0, -0.96148562, -0.27478865
0.60145348, 0.16386819
-0.01143022, 0.21191263, 0.01129719
0.0, -0.26520586, 0.96417129
0.60145348, 0.14274681
-0.01950418, 0.21191263, -0.00143661
-0.66551715, -0.70021665, -0.25830865
0.60145348, 0.16386819
-0.01143022, 0.22879875, -0.02856513
-0.65804011, -0.06839198, -0.74983978
0.6294623, 0.208866
-0.01143022, 0.13717079, 0.01986328
-0.91079438, -0.2839137, 0.29969177
0.47747999, 0.12811017
0.0, 0.10309971, 0.02170875
0.0, -0.17950988, 0.98373365
0.42096668, 0.10777807
0.0, 0.13717079, 0.01986328
0.0, -0.68770409, 0.72597432
0.47406879, 0.11156917
-0.00755469, 0.18964064, -0.0442591
-1.0, 0.0, 0.0
0.56451112, 0.26757109
-0.00755468, 0.26907605, -0.0442591
-1.0, 0.0, 0.0
0.69626969, 0.26757109
-0.00755472, 0.30014008, -0.05712502
-0.70708334, 0.0, -0.70708334
0.74779516, 0.28891158
-0.01143022, 0.0581931, -0.03863642
-0.62364572, -0.32825708, -0.70940274
0.34648061, 0.22514284
0.0, 0.0581931, -0.03863642
0.0, -0.41993469, -0.90752894
0.34648061, 0.24368811
-0.01143022, 0.03959201, -0.00627976
-0.60237432, -0.66859949, 0.43598741
0.31562722, 0.17147326
-0.01143022, 0.10309971, 0.02170875
-0.65831476, -0.13510545, 0.74047059
0.42096668, 0.125049
-0.01143022, 0.03959201, -0.01673155
-0.63710439, -0.72350228, -0.26572466
0.31562722, 0.18880939
-0.01143022, 0.13717079, 0.04091709
-0.56807154, -0.52452165, 0.63414413
0.47747999, 0.09318841
0.0, 0.13717079, 0.04091709
0.0, -0.63734853, 0.7705313
0.47541061, 0.07727242
-0.01143022, 0.1980716, 0.02929059
-0.63518173, 0.40491959, 0.6576739
0.57849544, 0.11247313
0.0, 0.1980716, 0.02929059
0.0, 0.52427745, 0.85152745
0.57849544, 0.09496188
-0.01143022, 0.21191263, 0.01129719
-0.84536272, 0.4233833, 0.325663
0.60145348, 0.14231849
0.0, 0.22879875, -0.02856513
0.0, 0.0, -0.99996948
0.62932199, 0.22457898
-0.01143022, 0.14021587, -0.02856513
-0.88286996, 0.23059785, -0.4090701
0.48253074, 0.20843768
-0.01143022, 0.22879875, -0.02856513
-0.54234445, 0.0, -0.84014404
0.6294623, 0.20843768
-0.00755472, 0.14021587, -0.03863642
-0.58763391, 0.77687919, -0.22611164
0.48253074, 0.22514284
-0.01950418, 0.24859148, 0.00253117
-0.73439741, 0.07940916, 0.67400128
0.66229218, 0.15728688
0.0, 0.4264493, 0.00253117
0.0, 0.78820157, 0.61540574
0.97033942, 0.13237095
0.0, 0.24859148, 0.00253117
0.0, 0.11700796, 0.99310279
0.66229218, 0.13237095
-0.01143022, 0.41867536, -0.02856513
-0.64903712, 0.70503861, -0.28565323
0.94440818, 0.208866
-0.01950418, 0.42545742, -0.00143659
-0.72090822, 0.64622945, -0.25025177
0.95565772, 0.16386819
0.0, 0.41699123, -0.03530112
0.0, 0.61540574, -0.78820157
0.94161505, 0.23879671
-0.01143022, 0.29615384, -0.03530112
-0.82522047, 0.14075136, -0.54695272
0.74118328, 0.22003877
-0.01143022, 0.41699123, -0.03530112
-0.59132665, 0.49626148, -0.63560897
0.94161505, 0.22003877
-0.01143022, 0.27650434, -0.03530112
-0.7101047, -0.6241951, -0.32572407
0.70859104, 0.22003877
0.0, 0.22879875, -0.02856513
0.0, 0.0, -1.0
0.62950367, 0.22457898
-0.01143022, 0.27650434, -0.02856513
-0.84292126, -0.28894925, -0.45384076
0.70859104, 0.208866
-0.01143026, 0.07234783, -0.02856513
-0.99410993, 0.05908383, -0.09076205
0.36995882, 0.20843768
-0.00755472, 0.30014008, -0.03863642
-1.0, 0.0, 0.0
0.74779516, 0.25824475
-0.00755472, 0.41002584, -0.05712502
-0.59349346, 0.48423719, -0.64284188
0.93006164, 0.28891158
0.0, 0.41867536, -0.02856513
0.0, 0.9701224, -0.2425306
0.94440818, 0.22449446
-0.00755472, 0.27650434, -0.03863642
-0.35401469, -0.8398999, -0.41135898
0.70859104, 0.22557104
0.0, 0.27650434, -0.03863642
0.0, -1.0, 0.0
0.70859104, 0.23172712
0.0, 0.29615378, -0.03530112
0.0, 0.70708334, -0.70708334
0.74767983, 0.24115443
-0.00755472, 0.29615384, -0.03863642
-0.35401469, 0.8398999, -0.41132846
0.74118328, 0.22557104
-0.01143022, 0.07234783, -0.03863642
-0.57731867, 0.57734919, -0.57734919
0.36995882, 0.22514284
-0.00755472, 0.07234783, -0.03863642
-0.7408368, 0.60814232, -0.2850734
0.36995882, 0.22514284
0.0, 0.07234783, -0.03863642
0.0, 0.0, -1.0
0.36995882, 0.25059664
-0.01023228, 0.04224247, 0.03864042
-0.78417307, 0.19281594, -0.58980072
0.26982346, 0.09696472
-0.01023234, 0.03073344, 0.03021455
-0.82436597, 0.50480664, -0.25605029
0.25073364, 0.11094058
-0.01023229, -0.01118371, 0.04186968
-0.86141545, 0.0595111, 0.50434887
0.18120605, 0.09160841
-0.01023234, 0.04224247, 0.01100633
-0.78356272, 0.19165623, 0.59096044
0.26982346, 0.14280105
-0.01023235, 0.06027851, 0.01100633
-0.78811002, -0.20014039, 0.58204901
0.29973963, 0.14280105
-0.01023229, 0.03959201, -0.00627976
-1.0, 0.0, 0.0
0.2654272, 0.17147326
0.0, 0.07097567, 0.01934995
0.0, -0.89858699, 0.43873408
0.30356935, 0.12416923
-0.01023235, 0.07097567, 0.01934995
-0.82033753, -0.51384014, 0.25086215
0.31748292, 0.12896156
0.0, 0.0721396, 0.08671478
0.0, 0.31101412, 0.95037693
0.31941351, 7.2e-07
-0.01023228, 0.0721396, 0.08671478
-0.57478559, 0.25449386, 0.77767265
0.31941351, 0.01722431
0.0, 0.03073344, 0.01934995
0.0, 0.89074373, 0.45445111
0.26184687, 0.12291598
0.0, 0.04224247, 0.01100633
0.0, 0.30851161, 0.9512009
0.27350709, 0.12987578
0.0, 0.10309971, 0.02170875
0.0, 0.90282905, 0.42997527
0.37076667, 0.10586941
-0.01023231, 0.10309971, 0.02170875
-0.70039982, 0.64436781, 0.30689412
0.37076667, 0.125049
-0.01023231, 0.0581931, -0.03863642
-0.48310801, 0.0, -0.8755455
0.29628059, 0.22514284
0.0, 0.05154971, -0.03863642
0.0, -0.37473679, -0.9270913
0.28526124, 0.23898256
-0.01023231, 0.05154971, -0.03863642
-0.63167208, -0.29050568, -0.7187109
0.28526124, 0.22514284
-0.01023229, 0.03441248, -0.02207611
-0.8019349, -0.22385326, -0.55384994
0.25683591, 0.19767439
0.0, 0.03441248, -0.02207611
0.0, -0.37473679, -0.9270913
0.25683591, 0.21515846
0.0, 0.06027851, 0.03864042
0.0, -0.32743308, -0.94485307
0.29281577, 0.10902536
0.0, 0.04224247, 0.03864042
0.0, 0.31073946, -0.95046848
0.27484068, 0.10830975
0.0, -0.1150498, -0.02207609
0.0, -0.70708334, -0.70708334
0.0089246, 0.21515846
-0.01023228, -0.1150498, -0.02207609
-0.57734919, -0.57734919, -0.57734919
0.0089246, 0.19767439
0.0, 0.03073344, 0.03021455
0.0, 0.89181191, -0.45234534
0.2641522, 0.11502647
-0.01023228, -0.1150498, 0.06410524
-0.57734919, -0.57734919, 0.57734919
0.0089246, 0.05472648
-0.01023235, 0.03073344, 0.01934995
-0.82497633, 0.50340283, 0.25681326
0.25073358, 0.12896156
-0.01023228, 0.07097567, 0.03021455
-0.81972718, -0.51527452, -0.25003815
0.31748292, 0.11094058
-0.01023228, 0.06027851, 0.03864042
-0.78872037, -0.20126957, -0.58082825
0.29973963, 0.09696472
0.0, -0.03609742, 0.06410524
0.0, 0.3563036, 0.93435466
0.13988197, 0.03697145
-0.01023228, -0.03609742, 0.06410524
-0.63499862, 0.27524644, 0.72179329
0.13988197, 0.05472648
0.0, 0.06027851, 0.01100633
0.0, -0.32517472, 0.94564652
0.29250619, 0.13125098
0.0, 0.07097567, 0.03021455
0.0, -0.89965516, -0.43656728
0.30223724, 0.11609054
0.0, -0.01118371, 0.04186968
0.0, 0.11716056, 0.99310279
0.18120605, 0.07557583
-0.00755472, 0.06952066, -0.05712502
-0.59987181, -0.44938505, -0.66194648
0.36526942, 0.28891158
0.0, 0.06217936, -0.03863642
0.0, -0.9294107, -0.36902982
0.35309255, 0.27057099
-0.00755472, 0.06217936, -0.03863642
-0.60475481, -0.74016541, -0.29389325
0.35309255, 0.25824475
0.0, 0.06952066, -0.05712502
0.0, -0.56166267, -0.82735682
0.36526942, 0.3033632
0.0, 0.30014008, -0.05712502
0.0, 0.0, -1.0
0.74786335, 0.3033632
-0.00755472, 0.41375536, -0.0441344
-0.64888453, 0.73131502, -0.20993683
0.93624747, 0.26736426
0.0, 0.41002584, -0.05712502
0.0, 0.60167241, -0.79873043
0.93006164, 0.3033632
-0.00285873, 0.41977894, -0.0053244
-0.38267159, 0.0, 0.92385632
0.28194821, 0.51622286
-0.00285873, 0.51978427, -0.0053244
-0.29709768, 0.63023776, 0.71727651
0.44782609, 0.51622251
-0.00690159, 0.41977894, -0.00936726
-0.92385632, 0.0, 0.38267159
0.28194821, 0.50673899
-0.00690159, 0.51978427, -0.00936726
-0.71727651, 0.63023776, 0.29709768
0.44782609, 0.50673899
-0.00690159, 0.41977894, -0.01508474
-0.92385632, 0.0, -0.38267159
0.28194821, 0.49725544
-0.00619248, 0.40937215, -0.05712502
-0.61864072, 0.74224067, -0.25745416
0.92897725, 0.31056643
0.0, 0.40162927, -0.07944658
0.0, 0.57976013, -0.81475264
0.91613412, 0.35527074
-0.00619249, 0.40162927, -0.07944658
-0.59694207, 0.46510208, -0.65364546
0.91613412, 0.34759104
-0.00690159, 0.51978427, -0.01508474
-0.71727651, 0.63023776, -0.29709768
0.44782609, 0.49725544
-0.00285873, 0.41977894, -0.0191276
-0.38267159, 0.0, -0.92385632
0.28194821, 0.48777163
-0.00285873, 0.51978427, -0.0191276
-0.29709768, 0.63023776, -0.71727651
0.44782609, 0.48777199
-0.00690159, 0.51978427, -0.01508474
-0.71727651, 0.63023776, -0.29709768
0.45344299, 0.49725544
-0.00690159, 0.51978427, -0.00936726
-0.71727651, 0.63023776, 0.29709768
0.45344299, 0.50673899
-0.00894892, 0.20657259, 0.06997567
-0.57994324, 0.71163058, 0.39646596
0.13702321, 0.55609322
-0.00894905, 0.1961633, 0.02965489
-0.72106081, 0.67082733, -0.17316203
0.11470287, 0.49072665
-0.00894892, 0.16180539, 0.08390059
-0.57432783, -0.40177616, 0.71321756
0.06474792, 0.5847908
-0.00894892, 0.15050948, 0.03837061
-0.69447923, -0.69829404, 0.17322306
0.04030185, 0.51092118
-0.00755472, 0.10918341, -0.05712502
-0.70708334, 0.70708334, 0.0
0.4310576, 0.31056643
0.0, 0.10918341, -0.0616348
0.0, 0.95449692, -0.29813531
0.43105766, 0.33045983
-0.00755476, 0.10918341, -0.0616348
-0.64574116, 0.72881252, -0.22763756
0.43105766, 0.31804681
-0.00755472, 0.07080222, -0.05712502
-0.70708334, -0.70708334, 0.0
0.36739522, 0.31056643
0.0, 0.07080222, -0.06150488
0.0, -0.85622728, -0.51652575
0.36739522, 0.32790565
0.0, 0.07080222, -0.05712502
0.0, -1.0, 0.0
0.34951448, 0.31705177
-0.00755473, 0.0911612, -0.0722377
-0.65681934, -0.18109684, -0.73195595
0.40116435, 0.33563375
-0.00619238, 0.38875055, -0.06652944
-0.78597367, -0.48463392, -0.38380077
0.89477247, 0.32616544
0.0, 0.39341897, -0.07944658
0.0, -0.57448041, -0.8184759
0.90251571, 0.35527074
0.0, 0.38875055, -0.06652944
0.0, -0.78392893, -0.62083805
0.89477247, 0.33400381
-0.00755472, 0.07080222, -0.06150488
-0.60722679, -0.68028808, -0.41038239
0.36739522, 0.3178314
-0.00755473, 0.10184307, -0.0722377
-0.61604661, 0.36558121, -0.69771415
0.41888225, 0.33563375
0.0, 0.10184307, -0.0722377
0.0, 0.46409497, -0.88576925
0.41888225, 0.34819996
0.0, 0.37433285, -0.05712502
0.0, -0.54631186, -0.83754998
0.87085795, 0.31738842
-0.00619248, 0.37433285, -0.05712502
-0.34531695, -0.51271093, -0.7860347
0.87085795, 0.31056643
0.0, 0.0911612, -0.0722377
0.0, -0.24018067, -0.97070223
0.40116435, 0.34819996
-0.00619249, 0.39341897, -0.07944658
-0.59779656, -0.46052432, -0.65611744
0.90251571, 0.34759104
-0.00908612, 0.13717079, 0.04091709
-0.74971771, 0.13721122, 0.64732808
0.47747999, 0.09318841
-0.00908612, 0.13717079, 0.03745544
-0.66493726, -0.12808618, -0.73580128
0.47747999, 0.09893024
-0.00908612, 0.11262787, 0.04172828
-0.78209782, 0.08423109, -0.61738944
0.43677092, 0.09184289
0.0, 0.11234976, 0.04617822
0.0, -0.11294901, 0.99359113
0.43630958, 0.06946659
0.0, 0.13717079, 0.04091709
0.0, 0.20734276, 0.97824031
0.47747999, 0.07691395
0.0, 0.13717079, 0.03745544
0.0, -0.17151402, -0.98516798
0.4752951, 0.10174584
0.0, 0.11262787, 0.04172828
0.0, 0.135197, -0.99081391
0.43810457, 0.09547603
-0.00908612, 0.0950088, 0.03811463
-0.69832456, -0.30179754, 0.64900661
0.40754628, 0.09783685
-0.00908617, 0.11234976, 0.04617822
-0.64229256, -0.08655049, 0.76152837
0.43630958, 0.08446181
0.0, 0.09696976, 0.03428743
0.0, 0.42918178, -0.90319526
0.41535383, 0.10418487
-0.00908612, 0.09696976, 0.03428743
-0.71373636, 0.30060732, -0.63258767
0.41079903, 0.10418487
-0.00500262, 0.25514466, -0.02856513
-0.70708334, 0.70708334, 0.0
0.68300498, 0.22775936
0.0, 0.25514466, -0.03668024
0.0, 0.70708334, -0.70708334
0.69005036, 0.24121976
-0.00500262, 0.25514466, -0.03668024
-0.57734919, 0.57734919, -0.57734919
0.68300498, 0.24121976
-0.00500262, 0.14021587, -0.02856513
-0.99996948, 0.0, 0.0
0.49237385, 0.22775936
-0.00500262, 0.14021587, -0.03668024
-0.70708334, 0.0, -0.70708334
0.49237385, 0.24121976
0.0, 0.14021587, -0.03668024
0.0, 0.0, -1.0
0.49237385, 0.24778891
0.01300778, 0.02844394, -0.03363754
0.57734919, 0.57734919, -0.57734919
0.33045128, 0.55022436
0.01300778, -0.0615552, -0.00269812
0.57734919, -0.57734919, 0.57734919
0.19428718, 0.59703416
0.01300778, -0.0615552, -0.03363754
0.57734919, -0.57734919, -0.57734919
0.19428718, 0.55022436
-0.01300779, -0.0615552, -0.00269812
-0.57734919, -0.57734919, 0.57734919
0.19428718, 0.59703416
-0.01300779, 0.02844394, -0.03363754
-0.57734919, 0.57734919, -0.57734919
0.33045128, 0.55022436
-0.01300779, -0.0615552, -0.03363754
-0.57734919, -0.57734919, -0.57734919
0.19428718, 0.55022436
-0.01300779, 0.02844394, -0.00269812
-0.57734919, 0.57734919, 0.57734919
0.33045128, 0.59703416
0.01300778, 0.02844394, -0.00269812
0.57734919, 0.57734919, 0.57734919
0.33045128, 0.59703416
0.00755472, 0.14021587, -0.03863642
1.0, 0.0, 0.0
0.48253074, 0.74175566
0.00755472, 0.27468294, -0.03863642
1.0, 0.0, 0.0
0.70556968, 0.74175566
0.00755468, 0.26907605, -0.0442591
1.0, 0.0, 0.0
0.69626969, 0.73242939
0.00755469, 0.1411798, -0.04065467
1.0, 0.0, 0.0
0.4841297, 0.73840797
0.00755469, 0.18497223, -0.04065467
1.0, 0.0, 0.0
0.55676776, 0.73840797
0.01143022, 0.03959201, -0.01673155
0.63710439, -0.72350228, -0.26572466
0.31562722, 0.81119102
0.0, 0.03959201, -0.00627976
0.0, -0.83761102, 0.5462203
0.31562722, 0.83792752
0.01143022, 0.03959201, -0.00627976
0.60237432, -0.66859949, 0.43598741
0.31562722, 0.17147326
0.0, 0.21191263, 0.01129719
0.0, 0.79259622, 0.60969877
0.60145348, 0.87253487
0.0, 0.14021587, -0.02856513
0.0, 0.70708334, -0.70708334
0.48253074, 0.7754215
0.01143022, 0.14021587, -0.02856513
0.88286996, 0.23059785, -0.4090701
0.48253074, 0.20843768
0.0, 0.21191263, 0.01129719
0.0, 0.23242897, 0.97259438
0.60145348, 0.88316607
0.01950418, 0.21191263, 0.01129719
0.56599629, -0.51069671, 0.64714497
0.60145348, 0.85725367
0.01143022, 0.27650434, -0.02856513
0.84292126, -0.28894925, -0.45384076
0.70859104, 0.208866
0.0, 0.29615378, -0.03863642
0.0, 1.0, 0.0
0.74086255, 0.75898767
0.00755472, 0.14021587, -0.03863642
0.58763391, 0.77687919, -0.22611164
0.48253074, 0.77485764
0.01023229, 0.03959201, -0.01673155
1.0, 0.0, 0.0
0.2654272, 0.81119102
0.0, 0.04224247, 0.01100633
0.0, 0.30851161, 0.9512009
0.27350709, 0.87012464
0.0, 0.0581931, -0.03863642
0.0, 0.0, -1.0
0.29628059, 0.75757182
0.0, 0.03441248, -0.02207611
0.0, -0.37473679, -0.9270913
0.25683591, 0.78484201
0.0, 0.04224247, 0.03864042
0.0, 0.31073946, -0.95046848
0.27484068, 0.89169067
0.0, 0.07097567, 0.03021455
0.0, -0.89965516, -0.43656728
0.30223724, 0.88390994
0.0, -0.1150498, 0.06410524
0.0, -0.70708334, 0.70708334
0.0089246, 0.96227342
0.0, 0.41375536, -0.0441344
0.0, 0.96114993, -0.27591786
0.93624747, 0.72139049
0.0, 0.40937215, -0.05712502
0.0, 0.94476151, -0.32770777
0.92897725, 0.68261206
0.0, 0.51978427, -0.0191276
0.0, 0.70708334, -0.70708334
0.44782609, 0.4830302
0.00285873, 0.51978427, -0.0053244
0.29709768, 0.63026828, 0.717246
0.46963221, 0.51344484
0.00690159, 0.51978427, -0.01508474
0.71727651, 0.63023776, -0.29709768
0.47633809, 0.49725544
0.00285873, 0.51978427, -0.0191276
0.29709768, 0.63023776, -0.71727651
0.46963221, 0.49054968
0.0, 0.15050948, 0.03837061
0.0, -0.97054964, 0.24079104
0.02471971, 0.51513082
0.0, 0.10918341, -0.05712502
0.0, 1.0, 0.0
0.44807938, 0.68473005
0.0, 0.07080222, -0.05712502
0.0, -1.0, 0.0
0.34951448, 0.68294865
0.0, 0.38875055, -0.06652944
0.0, -0.78392893, -0.62083805
0.89477247, 0.66599661
0.0, 0.10184307, -0.0722377
0.0, 0.46409497, -0.88576925
0.41888225, 0.65180051
0.0, 0.13717079, 0.04091709
0.0, 0.20734276, 0.97824031
0.47747999, 0.92308652
0.0, 0.13717079, 0.03745544
0.0, -0.17151402, -0.98516798
0.4752951, 0.89825457
0.0, 0.0950088, 0.03811463
0.0, -0.42164373, 0.90673542
0.40754628, 0.91791427
0.0, 0.25514466, -0.02856513
0.0, 1.0, 0.0
0.69005036, 0.77224112
0.0, 0.25514466, -0.03668024
0.0, 0.70708334, -0.70708334
0.68300498, 0.75221157
-0.00755472, 0.14021587, -0.03863642
-1.0, 0.0, 0.0
0.48253074, 0.25824475
-0.00755469, 0.1411798, -0.04065467
-1.0, 0.0, 0.0
0.4841297, 0.26159251
-0.00755469, 0.18497223, -0.04065467
-1.0, 0.0, 0.0
0.55676776, 0.26159251
-0.00755472, 0.27468294, -0.03863642
-1.0, 0.0, 0.0
0.70556968, 0.25824475
0.0, 0.21191263, 0.01129719
0.0, 0.79259622, 0.60969877
0.60145348, 0.12746561
0.0, 0.21191263, 0.01129719
0.0, 0.23242897, 0.97259438
0.60145348, 0.1168344
-0.01950418, 0.4264493, 0.00253117
-0.56553853, 0.65001374, 0.50752282
0.95730299, 0.15728688
-0.01143022, 0.21191263, -0.00143661
-1.0, 0.0, 0.0
0.60145348, 0.16343999
0.0, 0.29615378, -0.03863642
0.0, 1.0, 0.0
0.74086255, 0.24101281
-0.01023229, 0.03959201, -0.01673155
-1.0, 0.0, 0.0
0.2654272, 0.18880939
0.0, 0.0581931, -0.03863642
0.0, 0.0, -1.0
0.29628059, 0.24242866
0.0, 0.41375536, -0.0441344
0.0, 0.96114993, -0.27591786
0.93624747, 0.27860999
0.0, 0.40937215, -0.05712502
0.0, 0.94476151, -0.32770777
0.92897725, 0.31738842
-0.00285873, 0.51978427, -0.0053244
-0.29709768, 0.63023776, 0.71727651
0.46014887, 0.51344484
-0.00285873, 0.51978427, -0.0191276
-0.29709768, 0.63023776, -0.71727651
0.46014887, 0.49054968
0.0, 0.10918341, -0.05712502
0.0, 1.0, 0.0
0.44807938, 0.31527042
0.0, 0.0950088, 0.03811463
0.0, -0.42164373, 0.90673542
0.40754628, 0.08208621
0.0, 0.25514466, -0.02856513
0.0, 1.0, 0.0
0.69005036, 0.22775936
0.0, 0.25514466, -0.03668024
0.0, 0.70708334, -0.70708334
0.68300498, 0.24778891
# Number of Faces:
416
# Face Data:
0, 1, 2
3, 0, 4
5, 6, 7
8, 9, 10
11, 12, 13
5, 14, 15
16, 17, 18
19, 7, 6
20, 21, 19
22, 23, 20
24, 25, 26
27, 28, 29
30, 31, 32
31, 33, 32
34, 35, 33
36, 37, 38
39, 40, 41
42, 43, 44
43, 45, 46
45, 37, 35
47, 31, 34
6, 48, 20
49, 50, 8
51, 52, 35
41, 53, 39
54, 38, 37
55, 56, 57
58, 37, 59
60, 24, 61
11, 62, 63
64, 65, 66
67, 68, 69
70, 68, 71
72, 64, 66
69, 73, 74
75, 66, 76
77, 78, 79
80, 77, 79
65, 81, 82
83, 80, 84
85, 65, 86
87, 88, 89
73, 86, 74
81, 90, 82
91, 92, 93
94, 69, 68
90, 70, 71
95, 93, 64
96, 10, 97
98, 8, 10
99, 49, 8
100, 101, 49
102, 103, 104
105, 106, 102
107, 108, 105
109, 110, 111
112, 113, 107
114, 115, 112
116, 117, 118
119, 120, 121
122, 123, 120
124, 125, 123
126, 127, 128
129, 130, 131
128, 127, 132
111, 110, 133
133, 134, 135
130, 132, 131
136, 126, 128
137, 133, 138
139, 136, 132
134, 111, 135
140, 141, 142
141, 143, 142
144, 145, 140
143, 146, 142
147, 140, 148
149, 150, 151
151, 152, 153
154, 151, 153
155, 156, 157
158, 159, 156
160, 161, 162
163, 164, 165
18, 166, 167
168, 161, 169
17, 170, 18
162, 171, 160
172, 173, 171
174, 175, 173
176, 177, 178
27, 179, 177
180, 155, 157
181, 180, 182
183, 184, 181
185, 186, 187
40, 188, 41
159, 40, 189
184, 190, 158
187, 186, 183
158, 180, 184
177, 191, 169
192, 193, 165
194, 187, 183
41, 195, 196
197, 198, 186
199, 191, 200
186, 195, 188
200, 177, 179
201, 166, 199
202, 203, 204
205, 206, 207
206, 208, 209
204, 210, 211
205, 212, 213
211, 214, 215
216, 217, 218
219, 217, 220
202, 221, 222
219, 223, 224
202, 225, 203
224, 87, 226
203, 212, 227
228, 221, 229
226, 230, 231
205, 232, 206
228, 208, 233
231, 234, 204
235, 236, 237
165, 238, 235
193, 239, 165
240, 241, 193
103, 242, 104
243, 244, 242
245, 246, 244
247, 248, 249
250, 251, 246
252, 114, 251
117, 253, 254
255, 119, 256
257, 122, 255
258, 124, 257
259, 260, 261
262, 263, 264
262, 259, 265
266, 247, 249
266, 267, 268
265, 263, 269
270, 260, 271
266, 272, 273
270, 274, 265
249, 267, 275
276, 277, 278
276, 279, 280
278, 281, 282
283, 279, 284
278, 285, 286
287, 288, 289
290, 289, 291
289, 292, 291
293, 294, 295
296, 297, 298
293, 299, 300
294, 298, 295
300, 296, 294
295, 297, 293
121, 123, 125
256, 257, 255
0, 3, 1
5, 15, 6
97, 10, 301
8, 50, 302
8, 302, 303
304, 301, 10
9, 305, 304
8, 303, 9
304, 10, 9
11, 306, 12
5, 307, 14
16, 308, 17
19, 21, 7
20, 23, 21
22, 309, 23
24, 310, 25
27, 311, 28
32, 312, 30
30, 313, 31
31, 47, 33
52, 33, 35
47, 34, 33
36, 51, 37
39, 314, 40
42, 45, 43
34, 46, 45
45, 35, 34
51, 35, 37
45, 59, 37
46, 34, 31
31, 313, 46
6, 15, 24
14, 306, 61
11, 63, 61
24, 26, 48
306, 11, 61
61, 24, 15
48, 22, 20
20, 19, 6
15, 14, 61
24, 48, 6
49, 101, 50
51, 36, 52
41, 196, 53
54, 315, 38
58, 54, 37
60, 316, 24
11, 13, 62
71, 76, 90
64, 93, 92
90, 76, 66
82, 90, 66
64, 92, 86
82, 66, 65
64, 86, 65
80, 79, 317
79, 78, 317
92, 84, 74
74, 86, 92
69, 74, 67
84, 80, 74
67, 76, 68
80, 317, 67
74, 80, 67
76, 71, 68
70, 94, 68
72, 95, 64
69, 318, 73
75, 72, 66
77, 319, 78
80, 320, 77
65, 321, 81
83, 320, 80
85, 321, 65
87, 223, 88
73, 85, 86
81, 322, 90
91, 323, 92
94, 318, 69
90, 322, 70
95, 91, 93
96, 98, 10
98, 99, 8
99, 100, 49
100, 324, 101
102, 106, 103
105, 108, 106
107, 113, 108
109, 325, 110
112, 115, 113
114, 326, 115
118, 327, 116
116, 328, 117
329, 117, 328
119, 122, 120
122, 124, 123
124, 330, 125
126, 331, 127
129, 332, 130
131, 132, 129
136, 128, 132
127, 129, 132
133, 135, 111
110, 138, 133
133, 333, 134
130, 139, 132
136, 334, 126
137, 333, 133
139, 334, 136
134, 109, 111
146, 148, 140
140, 145, 141
142, 146, 140
141, 335, 143
144, 336, 145
143, 337, 146
147, 144, 140
149, 338, 150
151, 150, 152
154, 339, 151
155, 158, 156
160, 169, 161
165, 235, 163
237, 340, 235
341, 342, 163
164, 343, 165
340, 341, 235
343, 192, 165
235, 341, 163
18, 170, 166
168, 17, 161
17, 168, 170
162, 172, 171
172, 174, 173
174, 344, 175
176, 27, 177
27, 29, 179
157, 345, 182
182, 180, 157
181, 346, 180
346, 181, 184
194, 183, 181
185, 197, 186
40, 190, 188
159, 190, 40
159, 158, 190
184, 183, 190
190, 183, 186
186, 188, 190
346, 184, 180
158, 155, 180
160, 171, 173
173, 175, 347
347, 178, 177
191, 199, 166
347, 177, 160
160, 173, 347
168, 169, 191
166, 170, 191
160, 177, 169
191, 170, 168
192, 240, 193
194, 185, 187
41, 188, 195
197, 348, 198
186, 198, 195
200, 191, 177
201, 167, 166
211, 215, 228
215, 209, 228
226, 231, 204
211, 228, 229
211, 229, 202
203, 226, 204
204, 211, 202
216, 218, 349
219, 224, 227
226, 203, 227
226, 227, 224
349, 218, 219
219, 227, 207
206, 209, 215
207, 349, 219
206, 215, 207
207, 227, 205
206, 232, 208
204, 234, 210
205, 227, 212
211, 210, 214
216, 350, 217
219, 218, 217
202, 229, 221
219, 220, 223
202, 222, 225
224, 223, 87
203, 225, 212
228, 233, 221
226, 87, 230
205, 213, 232
228, 209, 208
231, 230, 234
235, 238, 236
165, 239, 238
193, 241, 239
240, 351, 241
103, 243, 242
243, 245, 244
245, 250, 246
247, 352, 248
250, 252, 251
252, 326, 114
254, 353, 118
118, 117, 254
354, 253, 117
255, 122, 119
257, 124, 122
258, 330, 124
259, 355, 260
262, 269, 263
270, 265, 261
269, 262, 265
259, 261, 265
249, 275, 266
266, 273, 247
266, 275, 267
265, 274, 263
270, 261, 260
266, 268, 272
270, 271, 274
249, 248, 267
278, 286, 283
284, 276, 278
278, 283, 284
276, 284, 279
278, 277, 281
283, 356, 279
278, 282, 285
287, 357, 288
290, 287, 289
289, 358, 292
293, 300, 294
296, 299, 297
293, 297, 299
294, 296, 298
300, 299, 296
295, 298, 297
121, 120, 123
256, 258, 257
