# Project Zomboid Skinned Mesh
# File Version:
1.0
# Model Name:
Cube
# Vertex Stride Element Count:
3
# Vertex Stride Size (in bytes):
76
# Vertex Stride Data:
# (Int)    Offset
# (String) Type
0
VertexArray
12
NormalArray
24
TextureCoordArray
# Vertex Count:
107
# Vertex Buffer:
0.00960123, 0.10413181, -0.02618384
1.0, 0.0, 0.0
0.41814348, 0.67956093
0.00960125, 0.14764345, -0.04062561
0.57734919, 0.57734919, -0.57734919
0.59559381, 0.62066418
0.00960123, 0.14764345, -0.02618384
0.70708334, 0.70708334, 0.0
0.59559381, 0.67956093
-0.0, 0.14764345, -0.04062561
0.0, 0.70708334, -0.70708334
0.63624895, 0.62066418
-0.0, 0.02522864, -0.02618384
0.0, -1.0, 0.0
0.04702653, 0.67956093
0.00960123, 0.02522864, -0.04062561
0.57734919, -0.57734919, -0.57734919
0.0963585, 0.62066418
0.00960123, 0.02522864, -0.02618384
0.70708334, -0.70708334, 0.0
0.09635857, 0.67956093
-0.0, 0.10413183, -0.04062561
0.0, 0.0, -1.0
0.41814348, 0.56661338
-0.0, 0.14764345, -0.04062561
0.0, 0.70708334, -0.70708334
0.59559381, 0.56661335
0.00491818, 0.09836248, -0.00177057
0.90450758, -0.30149236, -0.30149236
0.39461455, 0.77912368
-0.0, 0.09836248, -0.01507944
0.0, -0.68495744, 0.72853786
0.38285604, 0.72487569
0.00491818, 0.09836248, -0.01507944
0.31406599, -0.28357798, 0.90603352
0.39461455, 0.72484723
-0.0, 0.14764345, -0.01812123
0.0, 0.72853786, 0.68495744
0.59559381, 0.75129455
0.00960123, 0.1041318, -0.01543554
0.70708334, 0.04354991, 0.70574051
0.41814324, 0.7233949
0.00960123, 0.14764345, -0.01812123
0.58064514, 0.59312725, 0.55766475
0.59559381, 0.71244204
-0.0, 0.09836248, -0.01507944
0.0, -0.68495744, 0.72853786
0.39461455, 0.72484723
0.00960123, 0.07349742, -0.01354465
0.85055083, 0.31019014, 0.42460403
0.29320928, 0.73110628
0.00960123, 0.09836248, -0.01507944
0.70708334, 0.04354991, 0.70574051
0.39461455, 0.72484723
0.00491818, 0.1041318, -0.01543554
0.28916287, 0.31949827, 0.90237129
0.41814324, 0.7233949
-0.0, 0.1041318, 0.00292727
0.0, 0.70708334, 0.70708334
0.43262312, 0.81203648
0.00491819, 0.1041318, 0.00292727
0.57734919, 0.57734919, 0.57734919
0.41814324, 0.79828249
-0.0, 0.06709715, 0.00292727
0.0, 0.0, 1.0
0.29279539, 0.81774566
0.00491818, 0.06709715, 0.00292727
0.42005676, 0.51246679, 0.7489242
0.26710752, 0.79828249
-0.0, 0.01354093, 0.04137815
0.0, -0.82692951, 0.56227303
0.00939551, 0.98138096
0.00960123, 0.03552887, -0.01422269
0.87548447, -0.46302682, 0.13806574
0.13836502, 0.72834122
0.00960123, 0.01354093, 0.04137815
0.5600757, -0.685049, 0.46580401
0.0485, 0.95507758
-0.0, 0.07349742, -0.01354465
0.0, 0.58986175, 0.8074587
0.31616306, 0.75463323
0.00960123, 0.06892253, -0.00177057
0.70708334, 0.6590777, 0.25608081
0.27455178, 0.77912368
0.00960123, 0.02522864, -0.02149227
0.61671805, -0.6989044, 0.36216316
0.09635857, 0.69869414
-0.0, 0.03552887, -0.01422269
0.0, -0.95828122, 0.28574482
0.09205656, 0.74340442
-0.0, 0.02522864, -0.02149227
0.0, -0.8878445, 0.46009704
0.04702653, 0.69869414
0.00491818, 0.06892253, -0.00177057
0.73818171, 0.55671865, -0.38093203
0.27455178, 0.77912368
-0.0, 0.09836248, -0.00177057
0.0, -0.70708334, -0.70708334
0.38237959, 0.76518279
-0.0, 0.14764345, -0.02618384
0.0, 1.0, 0.0
0.63624895, 0.67956093
0.00960123, 0.0521583, 0.04137419
0.59938353, 0.45204017, 0.66057312
0.20618364, 0.95507758
-0.0, 0.0521583, 0.04137419
0.0, 0.56474501, 0.82525104
0.23003162, 0.98138096
0.00580087, 0.03118259, -0.04062561
0.59083831, -0.73650318, -0.32923368
0.8777805, 0.12694514
0.00580087, 0.03476652, -0.04366412
0.60271007, 0.43409526, -0.66951507
0.89239627, 0.11455315
0.00580087, 0.03612483, -0.04062561
0.59083831, 0.73650318, -0.32923368
0.89793581, 0.12694514
0.00211586, 0.14553958, -0.04062561
0.4221015, 0.44050416, -0.79229105
0.97089577, 0.11571151
-0.0, 0.14118771, -0.04316444
0.0, -0.20456557, -0.97882015
0.95314765, 0.10535753
-0.0, 0.14300086, -0.04316444
0.0, 0.20459609, -0.97882015
0.96054161, 0.10535753
0.00211586, 0.13864879, -0.04062561
0.42207098, -0.44050416, -0.79229105
0.94279349, 0.11571151
-0.0, 0.13864879, -0.04062561
0.0, -0.70708334, -0.70711386
0.94093359, 0.10851383
0.00580087, 0.0325409, -0.04366422
0.60271007, -0.43406475, -0.66951507
0.88331991, 0.11455315
-0.0, 0.03476652, -0.04366412
0.0, 0.54402298, -0.83904541
0.89335585, 0.09206367
-0.0, 0.14553958, -0.04062561
0.0, 0.70711386, -0.70708334
0.97275579, 0.10851383
-0.0, 0.03612483, -0.04062561
0.0, 0.91293067, -0.40809351
0.91256291, 0.09743923
-0.0, 0.0325409, -0.04366422
0.0, -0.54399246, -0.83907592
0.87976569, 0.09320271
0.00960123, 0.06709715, 0.00292727
0.70708334, 0.6590777, 0.25608081
0.26710752, 0.79828249
-0.00960125, 0.14764345, -0.04062561
-0.57734919, 0.57734919, -0.57734919
0.59559381, 0.37933671
-0.00960123, 0.10413183, -0.02618384
-1.0, 0.0, 0.0
0.41814354, 0.32043999
-0.00960123, 0.14764345, -0.02618384
-0.70708334, 0.70708334, 0.0
0.59559381, 0.32043999
-0.0, 0.14764345, -0.04062561
0.0, 0.70708334, -0.70708334
0.63419867, 0.37933671
-0.00960123, 0.02522864, -0.04062561
-0.57734919, -0.57734919, -0.57734919
0.09635851, 0.37933671
-0.0, 0.02522864, -0.02618384
0.0, -1.0, 0.0
0.04699792, 0.32043993
-0.00960123, 0.02522864, -0.02618384
-0.70708334, -0.70708334, 0.0
0.09635857, 0.32043993
-0.0, 0.14764345, -0.04062561
0.0, 0.70708334, -0.70708334
0.59559381, 0.43239152
-0.00960124, 0.10413183, -0.04062561
-0.70708334, 0.0, -0.70708334
0.41814348, 0.37933671
-0.0, 0.09836248, -0.01507944
0.0, -0.68495744, 0.72853786
0.38285604, 0.27512521
-0.00491818, 0.09836248, -0.00177057
-0.90450758, -0.30149236, -0.30149236
0.39461455, 0.22087723
-0.00491818, 0.09836248, -0.01507944
-0.31406599, -0.28357798, 0.90603352
0.39461455, 0.2751537
-0.00960123, 0.1041318, -0.01543554
-0.70708334, 0.04354991, 0.70574051
0.41814324, 0.27660602
-0.0, 0.14764345, -0.01812123
0.0, 0.72853786, 0.68495744
0.59559381, 0.24960595
-0.00960123, 0.14764345, -0.01812123
-0.58064514, 0.59312725, 0.55766475
0.59559381, 0.28755885
-0.00960123, 0.07349742, -0.01354465
-0.85055083, 0.31019014, 0.42460403
0.29320928, 0.26889461
-0.0, 0.09836248, -0.01507944
0.0, -0.68495744, 0.72853786
0.39461455, 0.2751537
-0.00960123, 0.09836248, -0.01507944
-0.70708334, 0.04354991, 0.70574051
0.39461455, 0.2751537
-0.0, 0.1041318, 0.00292727
0.0, 0.70708334, 0.70708334
0.43262312, 0.18796438
-0.00491818, 0.1041318, -0.01543554
-0.28916287, 0.31949827, 0.90237129
0.41814324, 0.27660602
-0.00491819, 0.1041318, 0.00292727
-0.57734919, 0.57734919, 0.57734919
0.41814324, 0.20171839
-0.0, 0.06709715, 0.00292727
0.0, 0.0, 1.0
0.29279539, 0.18225533
-0.00491818, 0.06709715, 0.00292727
-0.42005676, 0.51246679, 0.7489242
0.26710752, 0.20171839
-0.00960123, 0.03552887, -0.01422269
-0.87548447, -0.46302682, 0.13806574
0.13836503, 0.27165967
-0.0, 0.01354093, 0.04137815
0.0, -0.82692951, 0.56227303
0.00939552, 0.01861924
-0.00960123, 0.01354093, 0.04137815
-0.5600757, -0.685049, 0.46580401
0.0485, 0.04492331
-0.00960123, 0.06892253, -0.00177057
-0.70708334, 0.6590777, 0.25608081
0.27455178, 0.22087723
-0.0, 0.07349742, -0.01354465
0.0, 0.58986175, 0.8074587
0.30975938, 0.24997103
-0.0, 0.03552887, -0.01422269
0.0, -0.95828122, 0.28574482
0.09205884, 0.25659549
-0.00960123, 0.02522864, -0.02149227
-0.61671805, -0.6989044, 0.36216316
0.09635857, 0.30130678
-0.0, 0.02522864, -0.02149227
0.0, -0.8878445, 0.46009704
0.04699792, 0.30130678
-0.0, 0.09836248, -0.00177057
0.0, -0.70708334, -0.70708334
0.38237959, 0.2348181
-0.00491818, 0.06892253, -0.00177057
-0.73818171, 0.55671865, -0.38093203
0.27455178, 0.22087723
-0.0, 0.14764345, -0.02618384
0.0, 1.0, 0.0
0.63419867, 0.32043999
-0.00960123, 0.0521583, 0.04137419
-0.59938353, 0.45204017, 0.66057312
0.20618364, 0.04492331
-0.0, 0.0521583, 0.04137419
0.0, 0.56474501, 0.82525104
0.23003182, 0.01861924
-0.00580087, 0.03476652, -0.04366412
-0.60271007, 0.43409526, -0.66951507
0.89239627, 0.11455297
-0.00580087, 0.03118259, -0.04062561
-0.59083831, -0.73650318, -0.32923368
0.8777805, 0.12694502
-0.00580087, 0.03612483, -0.04062561
-0.59083831, 0.73650318, -0.32923368
0.89793581, 0.12694502
-0.00211586, 0.14553958, -0.04062561
-0.4221015, 0.44050416, -0.79229105
0.97089577, 0.11571145
-0.00211586, 0.13864879, -0.04062561
-0.42207098, -0.44050416, -0.79229105
0.94279349, 0.11571145
-0.00580087, 0.0325409, -0.04366422
-0.60271007, -0.43406475, -0.66951507
0.88331991, 0.11455297
-0.00960123, 0.06709715, 0.00292727
-0.70708334, 0.6590777, 0.25608081
0.26710752, 0.20171839
0.00960124, 0.10413181, -0.04062561
0.70708334, 0.0, -0.70708334
0.41814345, 0.62066418
-0.0, 0.02522864, -0.04062561
0.0, -0.70708334, -0.70708334
0.0963585, 0.56661335
-0.0, 0.10413183, -0.04062561
0.0, 0.0, -1.0
0.41814348, 0.43239152
-0.0, 0.02522864, -0.04062561
0.0, -0.70708334, -0.70708334
0.04702653, 0.62066418
-0.0, 0.1041318, -0.01543554
0.0, 0.72853786, 0.68495744
0.44498506, 0.76477432
-0.0, 0.06892253, -0.00177057
0.0, 0.9320963, 0.36216316
0.30868033, 0.77106392
-0.0, 0.14764345, -0.01812123
0.0, 0.72853786, 0.68495744
0.63624895, 0.71244204
-0.0, 0.03118259, -0.04062561
0.0, -0.91293067, -0.40809351
0.86470866, 0.10070294
-0.0, 0.02522864, -0.04062561
0.0, -0.70708334, -0.70708334
0.04699792, 0.37933671
-0.0, 0.1041318, -0.01543554
0.0, 0.72853786, 0.68495744
0.44393873, 0.24370003
-0.0, 0.06892253, -0.00177057
0.0, 0.9320963, 0.36216316
0.30646366, 0.23331141
-0.0, 0.1041318, -0.01543554
0.0, 0.72853786, 0.68495744
0.41814324, 0.27660602
-0.0, 0.14764345, -0.01812123
0.0, 0.72853786, 0.68495744
0.63419867, 0.28755885
-0.0, 0.02522864, -0.04062561
0.0, -0.70708334, -0.70708334
0.0963585, 0.43239152
# Number of Faces:
142
# Face Data:
0, 1, 2
3, 2, 1
4, 5, 6
1, 7, 8
9, 10, 11
12, 13, 14
14, 0, 2
15, 16, 17
18, 19, 20
20, 21, 22
23, 24, 25
26, 27, 16
28, 29, 30
13, 11, 17
31, 32, 9
33, 14, 2
6, 30, 4
18, 9, 11
22, 9, 20
34, 21, 35
35, 25, 34
36, 37, 38
39, 40, 41
42, 43, 40
44, 45, 37
41, 46, 39
37, 47, 38
36, 48, 44
31, 49, 27
50, 51, 52
52, 53, 50
54, 55, 56
57, 58, 50
59, 60, 61
62, 63, 64
51, 64, 52
65, 66, 67
68, 69, 70
71, 70, 72
73, 74, 75
76, 77, 65
78, 79, 80
62, 67, 69
81, 82, 60
64, 83, 52
80, 56, 55
60, 69, 61
72, 60, 82
71, 84, 85
75, 85, 84
86, 87, 88
89, 40, 90
90, 40, 43
45, 91, 86
41, 89, 46
47, 86, 88
48, 87, 91
92, 82, 76
16, 27, 24
0, 5, 93
93, 94, 7
95, 54, 58
73, 76, 65
58, 56, 51
0, 93, 1
3, 33, 2
4, 96, 5
1, 93, 7
9, 32, 10
12, 97, 13
14, 13, 0
15, 26, 16
18, 97, 19
20, 19, 21
23, 29, 24
26, 98, 27
28, 24, 29
13, 97, 18
11, 15, 17
13, 18, 11
31, 98, 32
33, 99, 14
6, 28, 30
18, 20, 9
22, 31, 9
34, 49, 21
35, 23, 25
36, 44, 37
39, 42, 40
44, 48, 45
37, 45, 47
36, 100, 48
31, 22, 49
50, 58, 51
52, 83, 53
54, 101, 55
57, 95, 58
59, 81, 60
62, 102, 63
51, 62, 64
65, 77, 66
68, 102, 69
71, 68, 70
73, 78, 74
76, 103, 77
78, 73, 79
67, 66, 61
69, 104, 62
67, 61, 69
81, 103, 82
64, 105, 83
80, 79, 56
60, 70, 69
72, 70, 60
71, 92, 84
75, 74, 85
86, 91, 87
89, 41, 40
45, 48, 91
47, 45, 86
48, 100, 87
92, 72, 82
6, 0, 16
0, 13, 17
24, 28, 6
34, 25, 24
27, 49, 24
24, 6, 16
49, 34, 24
0, 17, 16
0, 6, 5
93, 5, 94
95, 106, 54
67, 62, 51
51, 56, 65
73, 75, 84
56, 79, 73
65, 67, 51
84, 92, 73
65, 56, 73
92, 76, 73
58, 54, 56
