# Project Zomboid Skinned Mesh
# File Version:
1.0
# Model Name:
Cube.004
# Vertex Stride Element Count:
3
# Vertex Stride Size (in bytes):
76
# Vertex Stride Data:
# (Int)    Offset
# (String) Type
0
VertexArray
12
NormalArray
24
TextureCoordArray
# Vertex Count:
266
# Vertex Buffer:
0.00763495, 0.43391478, -0.0173257
0.92385632, 0.0, -0.38267159
0.47532383, 0.15471274
0.0031625, 0.21651648, -0.02179813
0.38267159, 0.0, -0.92385632
0.01557669, 0.14126444
0.0031625, 0.43391478, -0.02179813
0.38267159, 0.0, -0.92385632
0.47532377, 0.14126265
0.00763495, 0.43391478, -0.01100069
0.92385632, 0.0, 0.38267159
0.47532383, 0.16816109
0.00763495, 0.21651648, -0.0173257
0.92385632, 0.0, -0.38267159
0.01557669, 0.15471274
0.0031625, 0.43391478, -0.00652826
0.38267159, 0.0, 0.92385632
0.47532383, 0.18161118
0.00763495, 0.21651648, -0.01100069
0.92385632, 0.0, 0.38267159
0.01557669, 0.16816109
0.0, 0.43391478, -0.00652826
0.0, 0.0, 1.0
0.47532386, 0.18919677
0.0031625, 0.21651648, -0.00652826
0.38267159, 0.0, 0.92385632
0.01557664, 0.18160945
0.0, 0.43391478, -0.00652826
0.0, -1.0, 0.0
0.70464128, 0.08688021
-0.00763495, 0.43391478, -0.01100069
0.0, -1.0, 0.0
0.71975297, 0.07802796
0.0, 0.43391478, -0.02179813
0.0, -1.0, 0.0
0.70464128, 0.05665684
0.0, 0.21651648, -0.02179813
0.0, 0.0, -1.0
0.01559083, 0.13367879
0.0, 0.43391478, -0.02179813
0.0, 0.0, -1.0
0.47532368, 0.13367707
0.00763495, 0.46947777, 0.00192875
0.71727651, 0.63023776, -0.29709768
0.687971, 0.24585193
0.0031625, 0.21651648, -0.00254369
0.38267159, 0.0, -0.92385632
0.01557669, 0.23004812
0.0031625, 0.46947777, -0.00254369
0.29709768, 0.63023776, -0.71727651
0.687971, 0.23004812
0.00763495, 0.46947777, 0.00825378
0.71727651, 0.63023776, 0.29709768
0.687971, 0.25930023
0.00763495, 0.21651648, 0.00192881
0.92385632, 0.0, -0.38267159
0.01557669, 0.24585193
0.0031625, 0.46947777, 0.01272622
0.29709768, 0.63026828, 0.717246
0.687971, 0.27527016
0.00763495, 0.21651648, 0.00825378
0.92385632, 0.0, 0.38267159
0.01557669, 0.25930023
0.0, 0.46947777, 0.01272622
0.0, 0.70708334, 0.70708334
0.687971, 0.28263938
0.0031625, 0.21651648, 0.01272622
0.38267159, 0.0, 0.92385632
0.01557669, 0.27526933
0.0, 0.21651648, -0.00254369
0.0, 0.0, -0.99996948
0.01557669, 0.22181988
0.0, 0.46947777, -0.00254369
0.0, 0.70708334, -0.70708334
0.687971, 0.22181988
-0.00763495, 0.45178562, 0.00192875
-0.70708334, -0.70708334, 0.0
0.63956761, 0.21730685
0.00763495, 0.45178562, -0.01100069
0.70708334, -0.70708334, 0.0
0.63956761, 0.189816
0.00763495, 0.45178562, 0.00192875
0.70708334, -0.70708334, 0.0
0.63956761, 0.21730685
0.0031625, 0.49424493, -0.02179813
0.38267159, 0.0, -0.92385632
0.687971, 0.14126402
0.0, 0.49424493, -0.02179813
0.0, 0.0, -1.0
0.687971, 0.13367707
0.0, 0.49424493, -0.00652826
0.0, 0.0, 1.0
0.687971, 0.18919677
0.0031625, 0.49424493, -0.00652826
0.38267159, 0.0, 0.92385632
0.687971, 0.18160981
0.00763495, 0.49424493, -0.01100069
0.92385632, 0.0, 0.38267159
0.687971, 0.16816109
0.00763495, 0.49424493, -0.0173257
0.92385632, 0.0, -0.38267159
0.687971, 0.15471274
-0.0031625, 0.21651648, -0.02179813
-0.38267159, 0.0, -0.92385632
0.01557669, 0.14126265
-0.00763495, 0.43391478, -0.0173257
-0.92385632, 0.0, -0.38267159
0.47532383, 0.15471274
-0.0031625, 0.43391478, -0.02179813
-0.38267159, 0.0, -0.92385632
0.47532389, 0.14126444
-0.00763495, 0.21651648, -0.0173257
-0.92385632, 0.0, -0.38267159
0.01557669, 0.15471274
-0.00763495, 0.43391478, -0.01100069
-0.92385632, 0.0, 0.38267159
0.47532383, 0.16816109
-0.00763495, 0.21651648, -0.01100069
-0.92385632, 0.0, 0.38267159
0.01557669, 0.16816109
-0.0031625, 0.43391478, -0.00652826
-0.38267159, 0.0, 0.92385632
0.47532383, 0.18160939
-0.0031625, 0.21651648, -0.00652826
-0.38267159, 0.0, 0.92385632
0.01557674, 0.18161118
-0.0031625, 0.21651648, -0.00254369
-0.38267159, 0.0, -0.92385632
0.01557669, 0.23004735
-0.00763495, 0.46947777, 0.00192875
-0.71727651, 0.63023776, -0.29709768
0.687971, 0.24585193
-0.0031625, 0.46947777, -0.00254369
-0.29709768, 0.63026828, -0.717246
0.687971, 0.23004866
-0.00763495, 0.21651648, 0.00192881
-0.92385632, 0.0, -0.38267159
0.01557669, 0.24585193
-0.00763495, 0.46947777, 0.00825378
-0.71727651, 0.63023776, 0.29709768
0.687971, 0.25930023
-0.00763495, 0.21651648, 0.00825378
-0.92385632, 0.0, 0.38267159
0.01557669, 0.25930023
-0.0031625, 0.46947777, 0.01272622
-0.29709768, 0.63026828, 0.717246
0.687971, 0.27526957
-0.0031625, 0.21651648, 0.01272622
-0.38267159, 0.0, 0.92385632
0.01557669, 0.27527016
0.00763495, 0.46071154, 0.00192875
0.70708334, 0.70708334, 0.0
0.65854621, 0.21730685
-0.00763495, 0.46071154, -0.01100069
-0.70708334, 0.70708334, 0.0
0.65854621, 0.189816
-0.00763495, 0.46071154, 0.00192875
-0.70708334, 0.70708334, 0.0
0.65854621, 0.21730685
-0.00763495, 0.45178562, -0.01100069
-0.70708334, -0.70708334, 0.0
0.63956761, 0.189816
0.00763495, 0.46071154, -0.01100069
0.70708334, 0.70708334, 0.0
0.65854621, 0.189816
-0.0031625, 0.49424493, -0.02179813
-0.38267159, 0.0, -0.92385632
0.68797112, 0.14126444
-0.0031625, 0.49424493, -0.00652826
-0.38267159, 0.0, 0.92385632
0.687971, 0.18160939
-0.00763495, 0.49424493, -0.01100069
-0.92385632, 0.0, 0.38267159
0.687971, 0.16816109
-0.00763495, 0.49424493, -0.0173257
-0.92385632, 0.0, -0.38267159
0.687971, 0.15471274
0.0, 0.49424493, -0.00652826
0.0, 1.0, 0.0
0.7046414, 0.17682177
0.00763495, 0.49424493, -0.01100069
0.0, 1.0, 0.0
0.6895296, 0.16796964
0.0, 0.49424493, -0.02179813
0.0, 1.0, 0.0
0.70464128, 0.1465984
0.0, 0.21651648, -0.00652826
0.0, 0.0, 1.0
0.01556243, 0.1891951
-0.0031625, 0.43391478, -0.02179813
0.0, -1.0, 0.0
0.71090072, 0.05665684
-0.00763495, 0.43391478, -0.0173257
0.0, -1.0, 0.0
0.71975297, 0.06550896
0.0031625, 0.43391478, -0.02179813
0.0, -1.0, 0.0
0.69838184, 0.05665684
0.00763495, 0.43391478, -0.0173257
0.0, -1.0, 0.0
0.6895296, 0.06550896
0.00763495, 0.43391478, -0.01100069
0.0, -1.0, 0.0
0.6895296, 0.07802796
0.0031625, 0.43391478, -0.00652826
0.0, -1.0, 0.0
0.69838184, 0.08688021
-0.0031625, 0.43391478, -0.00652826
0.0, -1.0, 0.0
0.71090072, 0.08688021
0.0, 0.21651648, 0.01272622
0.0, 0.0, 1.0
0.01557669, 0.28263861
-0.0031625, 0.49424493, -0.02179813
0.0, 1.0, 0.0
0.71090072, 0.1465984
-0.00763495, 0.49424493, -0.0173257
0.0, 1.0, 0.0
0.71975297, 0.15545064
-0.00763495, 0.49424493, -0.01100069
0.0, 1.0, 0.0
0.71975297, 0.16796964
0.0031625, 0.49424493, -0.00652826
0.0, 1.0, 0.0
0.69838184, 0.17682177
-0.0031625, 0.49424493, -0.00652826
0.0, 1.0, 0.0
0.71090072, 0.17682177
0.0031625, 0.49424493, -0.02179813
0.0, 1.0, 0.0
0.69838184, 0.1465984
0.00763495, 0.49424493, -0.0173257
0.0, 1.0, 0.0
0.6895296, 0.15545064
0.00766935, 0.27757606, -0.00183851
0.99996948, 0.0, -0.00778222
0.71303546, 0.95922494
0.00763495, 0.21651645, -0.00625861
0.99996948, 0.0, -0.00778222
0.58320951, 0.96862304
0.00763495, 0.28363171, -0.00625861
0.99996948, 0.0, -0.00778222
0.7259109, 0.96862304
-0.00763495, 0.21651645, -0.00625861
-0.99996948, 0.0, -0.00778222
0.58320951, 0.96862304
-0.00766935, 0.21651645, -0.00183851
-0.99996948, 0.0, -0.00778222
0.58320951, 0.95922494
-0.00766935, 0.27757606, -0.00183851
-0.99996948, 0.0, -0.00778222
0.71303546, 0.95922494
0.00771608, 0.28363171, 0.00416583
0.99996948, 0.0, -0.00778222
0.7259109, 0.94645846
0.00766935, 0.21651645, -0.00183851
0.99996948, 0.0, -0.00778222
0.58320951, 0.95922494
-0.00771608, 0.28363171, 0.00416583
-0.99996948, 0.0, -0.00778222
0.7259109, 0.94645846
-0.00763495, 0.28363171, -0.00625861
-0.99996948, 0.0, -0.00778222
0.7259109, 0.96862304
0.01088202, 0.09602711, 0.01569611
0.60420543, -0.42619097, 0.67323834
0.50572777, 0.75739837
0.01088199, 0.11382256, -0.02238166
0.67802972, -0.09891049, -0.72832423
0.54356456, 0.67643684
0.01088202, 0.11382256, 0.01569611
0.70708334, 0.0, 0.70708334
0.54356456, 0.75739837
0.0, 0.21651645, -0.02238166
0.0, 1.0, 0.0
0.78486609, 0.67643684
0.01088202, 0.21651646, 0.01569611
0.57734919, 0.57734919, 0.57734919
0.76061618, 0.75739837
0.01088205, 0.21651644, -0.02238166
0.57734919, 0.57734919, -0.57734919
0.76061618, 0.67643684
0.0, 0.09602711, 0.01569611
0.0, -0.53486741, 0.84490496
0.50467014, 0.7807266
0.01088202, 0.08215334, -0.01361813
0.56883448, -0.74776453, -0.34238717
0.47382131, 0.69680241
0.0, 0.11382256, -0.02238166
0.0, -0.26667073, -0.9637745
0.53736413, 0.65119132
0.0, 0.11382256, 0.01569611
0.0, 0.0, 1.0
0.54356456, 0.78292403
0.0, 0.21651648, 0.01569611
0.0, 0.0, 1.0
0.76061618, 0.78292403
0.0, 0.21651645, -0.02238166
0.0, 0.0, -1.0
0.76061618, 0.65047181
0.0068398, 0.12414882, 0.03091599
0.85790581, -0.28907132, -0.4247261
0.56552052, 0.7897591
0.0, 0.12665644, 0.02455727
0.0, -0.99734491, 0.07263406
0.55975211, 0.77562761
0.0068398, 0.12665644, 0.02455727
0.8188116, -0.57252723, 0.04168829
0.57085228, 0.77623908
0.0068398, 0.10256503, 0.03422968
0.59730828, -0.46327096, 0.65465254
0.51962864, 0.79680473
0.0, 0.09602711, 0.01569611
0.0, -0.94302195, 0.33265176
0.48745158, 0.76615334
0.0068398, 0.09602711, 0.01569611
0.61702323, -0.74208808, 0.26178777
0.50572777, 0.75739837
0.0068398, 0.10381887, 0.02213917
0.84078491, 0.52397227, 0.13592944
0.52229464, 0.77109767
0.0, 0.10632441, 0.03091599
0.0, 0.60228276, -0.79827267
0.53508532, 0.78223316
0.0068398, 0.10632441, 0.03091599
0.87041843, 0.29648733, -0.39295632
0.5276221, 0.7897591
0.0068398, 0.15342411, 0.01569611
0.3689993, 0.54280221, 0.75441754
0.59084678, 0.75739837
0.0, 0.12766466, 0.03422969
0.0, 0.30680257, 0.95175022
0.58010101, 0.80898708
0.0068398, 0.12766466, 0.03422969
0.64412367, 0.23465683, 0.72801906
0.5729959, 0.79680473
0.0068398, 0.11026702, 0.01569611
0.44700462, 0.63225198, 0.63274026
0.5360049, 0.75739837
0.0, 0.10381887, 0.02213917
0.0, 0.96792507, 0.25113681
0.53383613, 0.77463551
0.0, 0.12414882, 0.03091599
0.0, -0.56263924, -0.82668537
0.55852175, 0.78133909
0.0, 0.12157056, 0.01569611
0.0, -0.867275, 0.49778742
0.55231452, 0.76202124
0.0068398, 0.12157056, 0.01569611
0.55561996, -0.72109133, 0.41386151
0.56003869, 0.75739837
0.0, 0.10256503, 0.03422968
0.0, -0.57762384, 0.81627858
0.51293099, 0.81073025
0.00981115, 0.40878135, -0.01354584
0.1808832, 0.55418563, -0.81246376
0.87302887, 0.84561186
0.01262738, 0.28876132, -0.00434804
0.98394728, 0.0, -0.17828913
0.60924, 0.86582746
0.00981131, 0.28876132, -0.013546
0.21543016, -0.05713065, -0.97482222
0.60924, 0.84561147
0.0126272, 0.40878135, -0.00434795
0.7199927, 0.68156987, -0.13046663
0.87302887, 0.86582761
0.01354371, 0.28876132, 0.0105463
0.9351787, 0.0, 0.35410628
0.60924, 0.89856339
0.01354349, 0.40878135, 0.0105462
0.72981966, 0.62526321, 0.2763451
0.87302881, 0.89856315
0.00560998, 0.28876132, 0.01848001
0.38267159, 0.0, 0.92385632
0.60924, 0.91600069
0.0, 0.40878135, 0.01847981
0.0, 0.70708334, 0.70708334
0.88821542, 0.93363744
0.0056099, 0.40878135, 0.01847981
0.29709768, 0.63023776, 0.71727651
0.87302887, 0.91600028
0.0, 0.40878135, -0.00269849
0.0, 0.91601306, -0.40110478
0.88821542, 0.81546076
0.0, 0.28876132, -0.00269866
0.0, 0.0, -1.0
0.60924, 0.81546076
-0.0068398, 0.12766466, 0.03422969
-0.64412367, 0.23465683, 0.72801906
0.5729959, 0.50413898
-0.0068398, 0.12665644, 0.02455727
-0.8188116, -0.57252723, 0.04168829
0.57085228, 0.52470461
-0.0068398, 0.12414882, 0.03091599
-0.85790581, -0.28907132, -0.4247261
0.56552052, 0.5111846
0.00560998, 0.26494572, 0.01848001
0.38267159, 0.0, 0.92385632
0.55689615, 0.91600069
0.0135437, 0.21651645, 0.0105463
0.72981966, -0.62526321, 0.2763451
0.52016073, 0.89856339
0.01354371, 0.26494572, 0.0105463
0.9351787, 0.0, 0.35410628
0.55689615, 0.89856339
0.01262738, 0.26494572, -0.00434804
0.68672752, -0.12292856, -0.7163915
0.55689615, 0.86582746
0.0, 0.21651645, 0.01848001
0.0, -0.70708334, 0.70708334
0.50597566, 0.93361528
0.0, 0.26494572, 0.01848001
0.0, 0.0, 1.0
0.55689615, 0.93361528
0.0, 0.26494572, -0.00269868
0.0, -0.14191107, -0.98986787
0.55689615, 0.85276012
0.01262738, 0.21651645, -0.00434804
0.52113408, -0.57380903, -0.63176364
0.52016073, 0.86582746
0.0, 0.21651645, -0.00269866
0.0, -0.73744929, -0.67537463
0.50597566, 0.85708238
-0.01262738, 0.28876132, -0.00434804
-0.98394728, 0.0, -0.17828913
0.60924, 0.86582746
-0.00981131, 0.28876132, -0.013546
-0.21543016, -0.05713065, -0.97482222
0.60924, 0.84561147
-0.01262738, 0.26494572, -0.00434804
-0.68672752, -0.12292856, -0.7163915
0.55689615, 0.86582746
0.0, 0.28876132, 0.01848001
0.0, 0.0, 1.0
0.6092509, 0.93363744
-0.01088199, 0.11382256, -0.02238166
-0.67802972, -0.09891049, -0.72832423
0.54356456, 0.62450686
-0.01088199, 0.09602711, 0.01569611
-0.60420543, -0.42619097, 0.67323834
0.50572777, 0.54354534
-0.01088202, 0.11382256, 0.01569611
-0.70708334, 0.0, 0.70708334
0.54356456, 0.54354534
-0.01088202, 0.21651646, 0.01569611
-0.57734919, 0.57734919, 0.57734919
0.76061618, 0.54354534
0.0, 0.21651645, -0.02238166
0.0, 1.0, 0.0
0.78486609, 0.62450686
-0.01088205, 0.21651644, -0.02238166
-0.57734919, 0.57734919, -0.57734919
0.76061618, 0.62450686
-0.01088199, 0.08215334, -0.01361813
-0.56883448, -0.74776453, -0.34238717
0.47382131, 0.6051859
0.0, 0.09602711, 0.01569611
0.0, -0.53486741, 0.84490496
0.50467014, 0.52021709
0.0, 0.11382256, -0.02238166
0.0, -0.26667073, -0.9637745
0.53736413, 0.64975241
0.0, 0.11382256, 0.01569611
0.0, 0.0, 1.0
0.54356456, 0.51801971
0.0, 0.21651648, 0.01569611
0.0, 0.0, 1.0
0.76061618, 0.51801971
0.0, 0.12665644, 0.02455727
0.0, -0.99734491, 0.07263406
0.55975211, 0.52531609
0.0, 0.09602711, 0.01569611
0.0, -0.94302195, 0.33265176
0.48745158, 0.53479037
-0.0068398, 0.10256503, 0.03422968
-0.59730828, -0.46327096, 0.65465254
0.51962864, 0.50413898
-0.0068398, 0.09602711, 0.01569611
-0.61702323, -0.74208808, 0.26178777
0.50572777, 0.54354534
0.0, 0.10632441, 0.03091599
0.0, 0.60228276, -0.79827267
0.53508532, 0.51871052
-0.0068398, 0.10381887, 0.02213917
-0.84078491, 0.52397227, 0.13592944
0.52229464, 0.52984604
-0.0068398, 0.10632441, 0.03091599
-0.87041843, 0.29648733, -0.39295632
0.5276221, 0.5111846
0.0, 0.12766466, 0.03422969
0.0, 0.30680257, 0.95175022
0.58010101, 0.49195659
-0.0068398, 0.15342411, 0.01569611
-0.3689993, 0.54280221, 0.75441754
0.59084678, 0.54354534
0.0, 0.10381887, 0.02213917
0.0, 0.96792507, 0.25113681
0.53383613, 0.52630821
-0.0068398, 0.11026702, 0.01569611
-0.44700462, 0.63225198, 0.63274026
0.5360049, 0.54354534
0.0, 0.12414882, 0.03091599
0.0, -0.56263924, -0.82668537
0.55852175, 0.51960465
0.0, 0.12157056, 0.01569611
0.0, -0.867275, 0.49778742
0.55231452, 0.53892246
-0.0068398, 0.12157056, 0.01569611
-0.55561996, -0.72109133, 0.41386151
0.56003869, 0.54354534
0.0, 0.10256503, 0.03422968
0.0, -0.57762384, 0.81627858
0.51293099, 0.49021351
-0.00981115, 0.40878135, -0.01354584
-0.1808832, 0.55418563, -0.81246376
0.87302887, 0.84561186
-0.0126272, 0.40878135, -0.00434795
-0.7199927, 0.68156987, -0.13046663
0.87302887, 0.86582761
-0.01354349, 0.40878135, 0.0105462
-0.72981966, 0.62526321, 0.2763451
0.87302881, 0.89856315
-0.00560998, 0.28876132, 0.01848001
-0.38267159, 0.0, 0.92385632
0.60924, 0.91600069
-0.0056099, 0.40878135, 0.01847981
-0.29709768, 0.63023776, 0.71727651
0.87302887, 0.91600028
-0.00560998, 0.21651645, 0.01848001
-0.29709768, -0.63023776, 0.71727651
0.52016073, 0.91600069
-0.0135437, 0.21651645, 0.0105463
-0.72981966, -0.62526321, 0.2763451
0.52016073, 0.89856339
-0.00560998, 0.26494572, 0.01848001
-0.38267159, 0.0, 0.92385632
0.55689615, 0.91600069
-0.01354371, 0.26494572, 0.0105463
-0.9351787, 0.0, 0.35410628
0.55689615, 0.89856339
-0.01262738, 0.21651645, -0.00434804
-0.52113408, -0.57380903, -0.63176364
0.52016073, 0.86582746
0.0, 0.28876132, 0.01848001
0.0, 0.0, 1.0
0.60924, 0.93361528
-0.01354371, 0.28876132, 0.0105463
-0.9351787, 0.0, 0.35410628
0.60924, 0.89856339
0.00560998, 0.21651645, 0.01848001
0.29709768, -0.63023776, 0.71727651
0.52016073, 0.91600069
0.0, 0.21651648, 0.01569611
0.0, 1.0, 0.0
0.78486609, 0.75739837
0.0, 0.08215334, -0.01361813
0.0, -0.90386671, 0.42777795
0.47025663, 0.71240053
0.0, 0.08215334, -0.01361813
0.0, -0.26667073, -0.9637745
0.46551049, 0.66502598
0.0, 0.11382256, -0.02238166
0.0, 0.0, -1.0
0.54356456, 0.65047181
0.0, 0.15342411, 0.01569611
0.0, 0.5840022, 0.81173134
0.60533726, 0.76588191
0.0, 0.11026702, 0.01569611
0.0, 0.70680869, 0.707358
0.54349864, 0.76464856
0.0, 0.21651648, 0.01569611
0.0, 1.0, 0.0
0.78486609, 0.54354534
0.0, 0.08215334, -0.01361813
0.0, -0.90386671, 0.42777795
0.47025663, 0.58854321
0.0, 0.08215334, -0.01361813
0.0, -0.26667073, -0.9637745
0.46551043, 0.63591775
0.0, 0.15342411, 0.01569611
0.0, 0.5840022, 0.81173134
0.60533726, 0.53506181
0.0, 0.11026702, 0.01569611
0.0, 0.70680869, 0.707358
0.54349864, 0.53629515
0.01088202, 0.09602712, 0.01569611
0.8362987, 0.52317882, 0.16382337
0.45156118, 0.80497225
0.01088202, 0.05403669, 0.02392814
0.91540271, -0.17014068, 0.36478776
0.37910733, 0.77922891
0.01088202, 0.05403669, -0.00417103
0.73125398, -0.14880826, -0.66563922
0.37910733, 0.72762495
0.01088202, -0.13973057, 0.01836686
0.5836665, -0.60640275, -0.53996396
0.02325428, 0.76901546
0.0, 0.05403669, -0.00417103
0.0, -0.21817683, -0.9758904
0.37587219, 0.69678965
0.01088202, -0.13973057, 0.10500596
0.5593127, -0.45927304, 0.690054
0.02325428, 0.92812812
0.0, -0.13973057, 0.01836686
0.0, -0.74681842, -0.66499829
0.00461075, 0.74502331
0.0, -0.13973057, 0.10500596
0.0, -0.55406356, 0.83245337
0.00461075, 0.96037084
0.01088202, 0.05813441, 0.03709963
0.80855739, -0.58497882, -0.06326487
0.38663295, 0.80341831
0.0, 0.05403669, 0.02392814
0.0, -0.42271188, 0.90624714
0.36156943, 0.80288912
0.0, 0.03149886, 0.08393158
0.0, -0.90856653, 0.41767633
0.30768588, 0.90975308
0.0, 0.05813452, 0.03709963
0.0, -0.99417096, -0.10751671
0.35720456, 0.82546557
0.01088202, 0.07218408, 0.09183447
0.58342236, 0.41596729, 0.69753104
0.41243491, 0.90393871
0.01088202, 0.03149886, 0.08393158
0.56212044, -0.75142676, 0.34543902
0.33771652, 0.88942511
0.0, 0.09602712, 0.01569611
0.0, 0.9542833, 0.29883724
0.47452667, 0.81567803
0.0, 0.07218408, 0.09183447
0.0, 0.51216161, 0.85885191
0.42437643, 0.92951542
0.0, 0.05403669, 0.02392814
0.0, 1.0, 0.0
0.0484269, 0.66843551
0.01088202, 0.05403669, 0.02392814
0.0, 1.0, 0.0
0.02387828, 0.66843551
0.01088202, 0.05403669, -0.00417103
0.0, 1.0, 0.0
0.02387828, 0.61395857
0.00785266, 0.12364483, -0.02238166
0.56990266, -0.72832423, -0.38035217
0.81023103, 0.07695562
0.00785266, 0.14810964, -0.03120393
0.77303386, 0.17087314, -0.6108585
0.85766196, 0.05985171
0.00785266, 0.16657978, -0.02238166
0.54118472, 0.71251565, -0.44651631
0.89347082, 0.07695562
0.00785266, 0.16105102, -0.03120393
0.61262858, 0.38270211, -0.69148839
0.88275212, 0.05985171
0.0, 0.16657978, -0.02238166
0.0, 0.84734643, -0.53102207
0.89347082, 0.06420654
0.0, 0.16105102, -0.03120393
0.0, 0.48423719, -0.87493515
0.88275212, 0.04651356
0.0, 0.13303165, -0.04035547
0.0, -0.26865444, -0.96322519
0.82842958, 0.02738661
0.00785266, 0.13303165, -0.04035547
0.57402265, -0.21997741, -0.78868985
0.82842958, 0.04210907
0.0, 0.14810964, -0.03120393
0.0, 0.26935637, -0.96301156
0.85766196, 0.04008192
0.0, 0.48559242, -0.03602665
0.0, 0.48805201, -0.87279886
0.97598135, 0.04823869
0.0, 0.49424493, -0.02179813
0.0, 0.85439616, -0.51957762
0.9787358, 0.07153785
0.0026463, 0.49424493, -0.02179813
0.55519271, 0.66075623, -0.50508136
0.97598135, 0.0758242
0.0, 0.46895176, -0.02179813
0.0, -0.90276802, -0.43009734
0.91840541, 0.07223016
0.0, 0.47573099, -0.03602665
0.0, -0.34821621, -0.93740654
0.92793512, 0.06273276
0.00159872, 0.47573099, -0.03602665
0.61125523, -0.37745291, -0.69560838
0.93009901, 0.06490403
0.0026463, 0.46895176, -0.02179813
0.58912933, -0.71175265, -0.38248849
0.9219873, 0.0758242
0.0026463, 0.47663602, -0.02179813
0.99331647, 0.03180028, -0.11090426
0.93185425, 0.0758242
-0.01088199, 0.05403669, 0.02392814
-0.91540271, -0.17014068, 0.36478776
0.37910733, 0.52258122
-0.01088199, 0.09602712, 0.01569611
-0.8362987, 0.52317882, 0.16382337
0.45156118, 0.49683779
-0.01088199, 0.05403669, -0.00417103
-0.73125398, -0.14880826, -0.66563922
0.37910733, 0.57418516
-0.01088199, 0.08215335, -0.01361813
-0.73220009, -0.21689504, -0.64558858
0.45928806, 0.53690654
0.0, 0.05403669, -0.00417103
0.0, -0.21817683, -0.9758904
0.37587225, 0.60501999
-0.01088199, -0.13973057, 0.01836686
-0.5836665, -0.60640275, -0.53996396
0.02325428, 0.53279471
0.0, -0.13973057, 0.01836686
0.0, -0.74681842, -0.66499829
0.00461069, 0.55678719
-0.01088199, -0.13973057, 0.10500596
-0.5593127, -0.45927304, 0.690054
0.02325428, 0.37368202
0.0, -0.13973057, 0.10500596
0.0, -0.55406356, 0.83245337
0.00461075, 0.34143972
0.0, 0.05403669, 0.02392814
0.0, -0.42271188, 0.90624714
0.36156943, 0.49892098
-0.01088199, 0.05813441, 0.03709963
-0.80855739, -0.58497882, -0.06326487
0.38663295, 0.49839175
0.0, 0.03149886, 0.08393158
0.0, -0.90856653, 0.41767633
0.30768588, 0.392057
-0.01088199, 0.03149886, 0.08393158
-0.56212044, -0.75142676, 0.34543902
0.33771652, 0.41238493
-0.01088199, 0.07218408, 0.09183447
-0.58342236, 0.41596729, 0.69753104
0.41243491, 0.39787138
0.0, 0.09602712, 0.01569611
0.0, 0.9542833, 0.29883724
0.47452667, 0.48613209
0.0, 0.07218408, 0.09183447
0.0, 0.51216161, 0.85885191
0.42437643, 0.37229478
-0.01088199, 0.05403669, -0.00417103
0.0, 1.0, 0.0
0.07297549, 0.61395854
-0.01088199, 0.05403669, 0.02392814
0.0, 1.0, 0.0
0.07297549, 0.66843551
-0.00785266, 0.16657978, -0.02238166
-0.54118472, 0.71251565, -0.44651631
0.89347082, 0.07695562
-0.00785266, 0.16105102, -0.03120393
-0.61262858, 0.38270211, -0.69148839
0.88275212, 0.05985171
-0.00785266, 0.14810964, -0.03120393
-0.77303386, 0.17087314, -0.6108585
0.85766196, 0.05985171
-0.00785266, 0.12364483, -0.02238166
-0.56990266, -0.72832423, -0.38035217
0.81023103, 0.07695562
-0.00785266, 0.13303165, -0.04035547
-0.57402265, -0.21997741, -0.78868985
0.82842958, 0.04210907
-0.0026463, 0.49424493, -0.02179813
-0.55519271, 0.66075623, -0.50508136
0.97598135, 0.0758242
0.0, 0.46895176, -0.02179813
0.0, -0.90276802, -0.43009734
0.9219873, 0.0758242
-0.0026463, 0.46895176, -0.02179813
-0.58912933, -0.71175265, -0.38248849
0.9219873, 0.0758242
-0.00159872, 0.47573099, -0.03602665
-0.61125523, -0.37745291, -0.69560838
0.93009901, 0.06490409
-0.0026463, 0.47663602, -0.02179813
-0.99331647, 0.03180028, -0.11090426
0.93185425, 0.0758242
0.0, 0.08215335, -0.01361813
0.0, -0.31849116, -0.94790488
0.45783946, 0.66849905
0.01088202, 0.08215335, -0.01361813
0.73220009, -0.21689504, -0.64558858
0.45928806, 0.76490356
0.0, 0.05403669, -0.00417103
0.0, 1.0, 0.0
0.0484269, 0.61395857
0.0, 0.12364483, -0.02238166
0.0, -0.8863796, -0.46290475
0.81023103, 0.06634468
0.0, 0.08215335, -0.01361813
0.0, -0.31849116, -0.94790488
0.45783946, 0.633311
0.0, 0.05813452, 0.03709963
0.0, -0.99417096, -0.10751671
0.35720453, 0.47634453
0.0, 0.47573099, -0.03602665
0.0, -0.9027375, -0.43012786
0.93009901, 0.06490403
# Number of Faces:
338
# Face Data:
0, 1, 2
3, 4, 0
5, 6, 3
7, 8, 5
9, 10, 11
2, 12, 13
14, 15, 16
17, 18, 14
19, 20, 17
21, 22, 19
21, 17, 14
16, 23, 24
25, 26, 27
28, 13, 29
30, 5, 31
31, 3, 32
32, 0, 33
33, 2, 28
34, 35, 36
37, 38, 35
39, 40, 38
41, 7, 40
12, 36, 13
42, 43, 44
45, 46, 43
47, 48, 46
49, 21, 48
43, 21, 24
23, 44, 24
50, 51, 52
52, 53, 25
27, 54, 50
13, 55, 29
40, 30, 56
38, 56, 57
35, 57, 58
36, 58, 55
59, 60, 61
0, 4, 1
3, 6, 4
5, 8, 6
7, 62, 8
63, 11, 64
65, 66, 11
67, 68, 9
9, 69, 10
10, 64, 11
11, 66, 67
67, 9, 11
2, 1, 12
14, 18, 15
17, 20, 18
19, 22, 20
21, 70, 22
14, 16, 24
24, 21, 14
19, 17, 21
16, 15, 23
25, 53, 26
28, 2, 13
30, 7, 5
31, 5, 3
32, 3, 0
33, 0, 2
34, 37, 35
37, 39, 38
39, 41, 40
41, 62, 7
12, 34, 36
42, 45, 43
45, 47, 46
47, 49, 48
49, 70, 21
24, 44, 43
43, 46, 21
48, 21, 46
23, 42, 44
50, 54, 51
52, 51, 53
27, 26, 54
13, 36, 55
40, 7, 30
38, 40, 56
35, 38, 57
36, 35, 58
61, 71, 72
72, 73, 59
59, 74, 60
73, 75, 59
76, 61, 77
60, 77, 61
72, 59, 61
78, 79, 80
81, 82, 83
80, 84, 78
78, 85, 79
83, 86, 87
87, 81, 83
88, 89, 90
91, 92, 93
94, 95, 88
95, 96, 89
97, 88, 90
98, 90, 92
89, 99, 93
90, 93, 92
100, 101, 102
103, 104, 105
106, 107, 108
109, 110, 111
112, 113, 106
108, 114, 100
102, 115, 116
111, 117, 103
105, 106, 103
118, 119, 120
121, 122, 119
123, 124, 122
125, 124, 126
127, 123, 121
118, 128, 127
129, 130, 131
132, 133, 134
133, 135, 134
136, 132, 137
138, 139, 140
141, 142, 143
128, 138, 142
137, 124, 144
145, 146, 147
148, 149, 150
151, 152, 146
153, 151, 145
146, 154, 147
147, 155, 148
99, 145, 150
150, 147, 148
156, 131, 130
157, 158, 159
160, 161, 162
163, 164, 129
165, 166, 161
167, 162, 131
168, 130, 169
170, 129, 158
158, 162, 161
171, 141, 172
141, 173, 172
173, 174, 175
174, 125, 175
173, 175, 127
128, 171, 127
176, 177, 140
138, 143, 142
178, 177, 176
143, 177, 179
178, 136, 137
138, 180, 143
174, 137, 181
174, 179, 178
141, 179, 182
78, 79, 80
134, 119, 122
124, 134, 122
120, 138, 128
119, 135, 120
183, 140, 133
102, 109, 111
135, 138, 120
81, 82, 83
88, 95, 89
91, 184, 92
94, 185, 95
95, 186, 96
97, 94, 88
98, 97, 90
89, 187, 99
90, 89, 93
100, 114, 101
103, 117, 104
106, 113, 107
109, 188, 110
112, 189, 113
108, 107, 114
102, 101, 115
111, 110, 117
105, 112, 106
106, 108, 103
118, 121, 119
121, 123, 122
123, 126, 124
125, 144, 124
121, 118, 127
127, 125, 126
126, 123, 127
118, 120, 128
162, 158, 129
164, 169, 130
131, 162, 129
164, 130, 129
132, 183, 133
133, 139, 135
136, 183, 132
138, 135, 139
137, 132, 124
145, 151, 146
148, 190, 149
151, 191, 152
153, 192, 151
146, 152, 154
147, 154, 155
99, 187, 145
150, 145, 147
156, 167, 131
157, 170, 158
160, 165, 161
163, 193, 164
165, 194, 166
167, 160, 162
168, 156, 130
170, 163, 129
159, 158, 161
161, 166, 159
171, 142, 141
141, 182, 173
173, 182, 174
174, 181, 125
127, 171, 172
172, 173, 127
175, 125, 127
128, 142, 171
180, 140, 177
136, 176, 140
178, 179, 177
143, 180, 177
178, 176, 136
138, 140, 180
174, 178, 137
174, 182, 179
141, 143, 179
80, 84, 78
78, 85, 79
134, 135, 119
124, 132, 134
139, 133, 140
183, 136, 140
103, 108, 111
102, 116, 109
111, 108, 100
100, 102, 111
83, 86, 87
87, 81, 83
195, 196, 197
198, 199, 197
200, 201, 198
196, 202, 200
203, 204, 196
203, 205, 206
207, 205, 208
207, 209, 210
203, 207, 208
211, 212, 213
214, 215, 216
217, 218, 216
215, 219, 217
214, 220, 221
221, 222, 215
196, 198, 197
223, 224, 225
226, 227, 228
229, 228, 230
231, 232, 233
234, 233, 232
235, 236, 233
237, 238, 236
239, 231, 238
240, 241, 231
241, 242, 243
242, 244, 243
245, 244, 246
244, 241, 243
247, 248, 211
249, 250, 251
218, 250, 249
219, 251, 250
220, 252, 253
222, 253, 251
236, 231, 233
223, 254, 224
255, 256, 257
256, 258, 257
223, 230, 228
227, 223, 228
257, 223, 227
258, 223, 257
195, 203, 196
197, 199, 259
260, 195, 197
198, 201, 199
200, 202, 201
196, 204, 202
203, 206, 204
203, 208, 205
207, 210, 205
207, 195, 209
203, 195, 207
211, 213, 261
214, 221, 215
215, 217, 216
217, 219, 218
215, 222, 219
214, 262, 220
221, 220, 222
196, 200, 198
226, 228, 229
231, 241, 232
263, 235, 233
234, 263, 233
235, 237, 236
237, 239, 238
239, 240, 231
240, 264, 241
241, 264, 242
242, 246, 244
245, 232, 244
244, 232, 241
247, 211, 261
252, 249, 251
251, 253, 252
218, 219, 250
219, 222, 251
220, 262, 252
222, 220, 253
236, 238, 231
255, 257, 265
223, 225, 230
258, 254, 223
260, 197, 259
