# Project Zomboid Skinned Mesh
# File Version:
1.0
# Model Name:
Cube
# Vertex Stride Element Count:
3
# Vertex Stride Size (in bytes):
76
# Vertex Stride Data:
# (Int)    Offset
# (String) Type
0
VertexArray
12
NormalArray
24
TextureCoordArray
# Vertex Count:
205
# Vertex Buffer:
0.01148895, 0.29225254, -0.01100219
1.0, 0.0, 0.0
0.70264369, 0.74416617
0.01148892, 0.20788182, -0.02588697
0.70448929, 0.00824, -0.70964688
0.55869853, 0.71877119
0.01148896, 0.3457858, -0.02267643
0.71376687, 0.19458601, -0.67275
0.79397702, 0.7242488
0.01148895, 0.3457858, -0.01100219
0.97540206, 0.21900082, 0.0245674
0.79397696, 0.74416625
0.00438306, 0.35499871, 0.00991563
0.38612017, 0.59703362, 0.70314646
0.80969512, 0.77985427
0.01148894, 0.3457858, 0.00991563
0.7277444, 0.25693533, 0.63588369
0.79397702, 0.77985422
0.0, 0.10094333, -0.00541863
0.0, -0.50752282, -0.86159855
0.37624761, 0.73773521
0.0114889, 0.12292852, -0.02588697
0.72692037, -0.5092929, -0.46061587
0.4137595, 0.71877092
0.01148891, 0.10094333, -0.00541863
0.75899535, -0.33042389, -0.56096071
0.37625045, 0.75369206
0.0, 0.3457858, -0.02267643
0.0, 0.09741508, -0.99523914
0.79397702, 0.70275897
0.0, 0.3457858, 0.00991563
0.0, 0.01409955, 0.99987793
0.79397702, 0.79749563
0.01148894, 0.21131964, 0.01371286
0.73168129, 0.09118931, 0.67546618
0.56456387, 0.78633255
0.0, 0.10094333, 0.02004979
0.0, 0.13852352, 0.99035615
0.37964138, 0.8162974
0.01148891, 0.07403632, 0.02772721
0.78988004, 0.35425887, 0.50053406
0.33034438, 0.81024224
0.01148894, 0.10094333, 0.02004979
0.73964661, 0.09320353, 0.66649371
0.37625048, 0.79714379
0.0114889, 0.14227447, -0.02588697
0.77117223, 0.16693625, -0.61433762
0.44676569, 0.71877092
0.01148892, 0.20788182, -0.00541863
1.0, 0.0, 0.0
0.55869853, 0.75369228
0.0, 0.12889199, -0.03374133
0.0, -0.1940672, -0.98095644
0.42393383, 0.68958443
0.0114889, 0.12889199, -0.03374133
0.58381909, -0.15756707, -0.79641104
0.42393383, 0.70537069
0.0, 0.36253649, -0.01100219
0.0, 0.98507643, 0.17206335
0.83149147, 0.74546731
0.00438308, 0.36253649, -0.01100219
0.52409434, 0.83953369, 0.14316233
0.82255536, 0.74416628
0.0, 0.36253649, -0.01976834
0.0, 0.7651906, -0.64378798
0.83072686, 0.72564542
0.00438309, 0.36253649, -0.01976834
0.44221321, 0.71739858, -0.53825498
0.82255536, 0.72921041
0.01148894, 0.18544511, 0.02004979
0.68108159, 0.08771019, 0.72688985
0.5204193, 0.79714391
0.0, 0.18544511, 0.02004979
0.0, 0.11978515, 0.99279761
0.52043021, 0.81583273
0.0, 0.21131964, 0.01371286
0.0, 0.13379315, 0.99099702
0.56458724, 0.80657862
0.01148889, 0.05658762, 0.00609749
0.75572985, 0.0847499, -0.6493423
0.30057508, 0.77333969
0.0, 0.06827825, 0.00522504
0.0, -0.19348735, -0.98107851
0.3188929, 0.75416292
0.0114889, 0.06827825, 0.00522504
0.73512983, -0.13116856, -0.66508991
0.32052055, 0.77185123
0.0114889, 0.02256295, 0.04587378
0.76076543, 0.02386547, 0.64857936
0.24252552, 0.84120211
0.01148891, 0.05658762, 0.05232976
0.60335094, 0.29813531, 0.7396161
0.30057508, 0.85221666
0.0, 0.05658776, 0.05232976
0.0, 0.37388226, 0.92745751
0.30719155, 0.86738658
0.0, 0.07403632, 0.02772721
0.0, 0.5777154, 0.81621754
0.34065476, 0.82769713
0.0, -0.09551395, 0.07742707
0.0, -0.57667774, 0.81694996
0.01794164, 0.92305265
0.0, 0.02256295, 0.04587378
0.0, 0.0367748, 0.9992981
0.24516876, 0.86460057
0.01148888, 0.03547482, -0.00123093
0.66634113, 0.10477004, -0.73821223
0.2645545, 0.76083657
0.0, 0.05658762, 0.00609749
0.0, 0.129429, -0.99157691
0.30411512, 0.75308286
0.01148886, -0.10127176, 0.00589428
0.57585377, -0.61503953, -0.53856015
0.03125077, 0.77299276
0.01148889, -0.09551395, 0.07742707
0.56840724, -0.47444075, 0.67210913
0.04107415, 0.89503503
0.0, 0.03547482, -0.00123093
0.0, 0.14053774, -0.99005097
0.26684189, 0.73820892
0.0043831, 0.36253649, -0.01356971
0.92385632, 0.0, 0.38267159
0.70497644, 0.3355214
0.00181554, 0.47733235, -0.01100219
0.22745445, -0.80416274, 0.54911953
0.90083009, 0.34097838
0.00181554, 0.36253649, -0.01100219
0.38267159, 0.0, 0.92385632
0.70497644, 0.34097838
0.00438309, 0.36253649, -0.01720079
0.92385632, 0.0, -0.38267159
0.70497644, 0.32932633
0.0043831, 0.47733235, -0.01356971
0.54911953, -0.80416274, 0.22745445
0.90083009, 0.33552152
0.00181555, 0.36253649, -0.01976834
0.38267159, 0.0, -0.92385632
0.70497644, 0.32392186
0.00438309, 0.47733235, -0.01720079
0.54911953, -0.80416274, -0.22745445
0.90083009, 0.32932645
0.00598903, 0.51279509, -0.01786597
0.71727651, 0.63023776, -0.29709768
0.99583143, 0.33665633
0.0, 0.51279509, -0.00939623
0.0, 0.70708334, 0.70711386
0.98561352, 0.32220608
0.00598904, 0.51279509, -0.01290449
0.71727651, 0.63023776, 0.29709768
0.99583143, 0.32819152
0.00598903, 0.47733235, -0.01786597
0.71727651, -0.63023776, -0.29709768
0.90083009, 0.32819164
0.00248074, 0.47733235, -0.00939627
0.29709768, -0.63023776, 0.71727651
0.90083009, 0.34385139
0.0, 0.47733235, -0.00939623
0.0, -0.70708334, 0.70708334
0.90083009, 0.34749562
0.0, 0.47733235, -0.01100216
0.0, -0.70708334, 0.70708334
0.90083009, 0.344248
0.0, 0.36253649, -0.01100216
0.0, 0.0, 1.0
0.70497644, 0.344248
0.00248075, 0.47733235, -0.02137427
0.29709768, -0.63023776, -0.71727651
0.90083009, 0.32129574
0.00181555, 0.47733235, -0.01976834
0.22745445, -0.80416274, -0.54911953
0.90083009, 0.32392186
0.00598903, 0.51279509, -0.01786597
0.71727651, 0.63023776, -0.29709768
0.96133322, 0.32819158
0.00598904, 0.47733235, -0.01290449
0.71727651, -0.63023776, 0.29709768
0.90083009, 0.33665645
0.0, 0.47733235, -0.02137427
0.0, -0.70708334, -0.70708334
0.90083009, 0.31788176
0.0, 0.47733235, -0.01976834
0.0, -0.70708334, -0.70708334
0.90083009, 0.32063967
0.0, 0.36253649, -0.01976834
0.0, 0.0, -1.0
0.70497644, 0.32063967
0.0, 0.51279509, -0.02137427
0.0, 0.70708334, -0.70708334
0.96133322, 0.31788164
0.00598904, 0.51279509, -0.01290449
0.71727651, 0.63023776, 0.29709768
0.96133322, 0.33665639
0.00248075, 0.51279509, -0.02137427
0.29709768, 0.63023776, -0.71727651
0.96133322, 0.32129574
0.00248074, 0.51279509, -0.00939627
0.29709768, 0.63023776, 0.71727651
0.96133322, 0.34385139
0.0027351, 0.4033224, -0.0287352
0.58467358, -0.61058384, -0.53410441
0.77456146, 0.3096475
0.0027351, 0.41340166, -0.00140926
0.57734919, 0.57734919, 0.57734919
0.79175764, 0.35626835
0.0027351, 0.4033224, -0.00140926
0.57734919, -0.57734919, 0.57734919
0.77456146, 0.35626835
0.0, 0.4033224, -0.00140926
0.0, -0.70708334, 0.70708334
0.769234, 0.36480063
0.0, 0.41340166, -0.03008826
0.0, 0.6583758, -0.75267798
0.7967093, 0.29841787
0.0027351, 0.41340166, -0.03008826
0.57063508, 0.54063541, -0.61806083
0.79175764, 0.30733901
0.0, 0.41340166, -0.00140926
0.0, 0.70708334, 0.70708334
0.79840082, 0.3620528
0.0, 0.4033224, -0.0287352
0.0, -0.75267798, -0.6583758
0.76779193, 0.30421901
0.00702274, 0.19810979, 0.05702408
0.72618794, 0.67397076, -0.13562426
0.95419794, 0.88185538
0.00702275, 0.1717623, 0.09907532
0.57338178, -0.39109468, 0.71987063
0.90924644, 0.95359914
0.00702275, 0.16181658, 0.05999034
0.69316691, -0.70833462, 0.13327433
0.89227802, 0.88691612
0.0, 0.09551412, 0.02024183
0.0, 0.88683736, -0.46205023
0.37200797, 0.84713481
0.00442097, 0.10302907, 0.03466569
0.85085607, 0.26105532, -0.4558855
0.37980893, 0.87416658
0.00442097, 0.09551412, 0.02024183
0.72692037, 0.60899687, -0.31727043
0.36698776, 0.849558
0.0, 0.12933141, 0.01878732
0.0, 1.0, 0.0
0.43575445, 0.8477436
0.00442097, 0.12933141, 0.03513706
0.58165228, 0.59773552, 0.55165255
0.42468351, 0.87497091
0.00442097, 0.12933141, 0.01878732
0.70708334, 0.70708334, 0.0
0.42468351, 0.84707654
0.0, 0.11745293, 0.03393844
0.0, -0.61561936, -0.78801841
0.39968884, 0.86731169
0.00442097, 0.12205338, 0.01878732
0.76494646, -0.61629081, -0.18710898
0.41226643, 0.84707654
0.00442097, 0.11745293, 0.03393844
0.86184269, -0.31220436, -0.39963987
0.4044176, 0.87292588
0.00442097, 0.10048364, 0.0374535
0.5988037, -0.40079957, 0.69335002
0.37546623, 0.87892297
0.0, 0.10048364, 0.0374535
0.0, -0.50047302, 0.86574906
0.37183064, 0.88560527
0.00442097, 0.09284748, 0.02133271
0.6946013, -0.6501053, 0.30793175
0.3624382, 0.85141915
0.0, 0.10302907, 0.03466569
0.0, 0.49690238, -0.86776328
0.38274941, 0.8688028
0.0, 0.12933141, 0.03513706
0.0, 0.73485518, 0.67821282
0.42997438, 0.8818132
0.0, 0.19810979, 0.05702408
0.0, 0.98031557, -0.19727165
0.96864235, 0.87885477
0.00702275, 0.20683412, 0.08721025
0.57972962, 0.72209847, 0.37739187
0.96908253, 0.93335615
0.0, 0.1717623, 0.09907532
0.0, -0.47740105, 0.87865841
0.9013828, 0.96690116
0.0, 0.19339864, 0.01654321
0.0, 0.99328595, -0.11557359
0.95748925, 0.81093158
0.00702274, 0.19339864, 0.01654321
0.72597432, 0.68309581, -0.0794702
0.9461602, 0.81279086
0.0, 0.20683412, 0.08721025
0.0, 0.88622701, 0.46317941
0.98474032, 0.94391096
0.0, 0.16181658, 0.05999034
0.0, -0.98272651, 0.18491165
0.87955344, 0.8892775
0.00702275, 0.15658201, 0.01759013
0.68486589, -0.72316658, 0.08926664
0.88334727, 0.81457697
0.0, 0.12292852, -0.02588697
0.0, -0.74163032, -0.67076629
0.41376624, 0.70117286
0.0, 0.20788176, -0.02588697
0.0, 0.01162755, -0.99990845
0.55868679, 0.699624
-0.01148896, 0.3457858, -0.02267643
-0.71376687, 0.19458601, -0.67275
0.79397708, 0.56133607
-0.01148892, 0.20788182, -0.01100219
-1.0, 0.0, 0.0
0.55869853, 0.54141888
-0.01148895, 0.3457858, -0.01100219
-0.97540206, 0.21900082, 0.0245674
0.79397696, 0.54141864
-0.00438306, 0.35499871, 0.00991563
-0.38612017, 0.59703362, 0.70314646
0.80969512, 0.50573069
-0.00438308, 0.36253649, -0.01100219
-0.52409434, 0.83953369, 0.14316233
0.82255536, 0.54141861
-0.0114889, 0.12292852, -0.02588697
-0.72692037, -0.5092929, -0.46061587
0.4137595, 0.56681392
0.0, 0.10094333, -0.00541863
0.0, -0.50752282, -0.86159855
0.37625045, 0.54785073
-0.01148891, 0.10094333, -0.00541863
-0.75899535, -0.33042389, -0.56096071
0.37625045, 0.53189284
0.0, 0.3457858, -0.02267643
0.0, 0.09741508, -0.99523914
0.79397702, 0.5828543
-0.01148892, 0.20788182, -0.02588697
-0.70448929, 0.00824, -0.70964688
0.55869853, 0.56681374
-0.01148894, 0.21131964, 0.01371286
-0.73168129, 0.09118931, 0.67546618
0.56456387, 0.49925244
0.0, 0.3457858, 0.00991563
0.0, 0.01409955, 0.99987793
0.79397702, 0.48800015
-0.01148894, 0.3457858, 0.00991563
-0.7277444, 0.25693533, 0.63588369
0.79397702, 0.50573069
0.0, 0.10094333, 0.02004979
0.0, 0.13852352, 0.99035615
0.37964261, 0.46928662
-0.01148891, 0.07403632, 0.02772721
-0.78988004, 0.35425887, 0.50053406
0.33034438, 0.47534263
0.0, 0.07403632, 0.02772721
0.0, 0.5777154, 0.81621754
0.34065485, 0.45788783
-0.0114889, 0.14227447, -0.02588697
-0.77117223, 0.16693625, -0.61433762
0.44676569, 0.56681392
-0.01148892, 0.20788182, -0.00541863
-0.99996948, 0.0, 0.0
0.55869853, 0.53189269
0.0, 0.12889199, -0.03374133
0.0, -0.1940672, -0.98095644
0.42392033, 0.59600276
-0.0114889, 0.12889199, -0.03374133
-0.58381909, -0.15756707, -0.79641104
0.42393383, 0.5802142
0.0, 0.36253649, -0.01100219
0.0, 0.98507643, 0.17206335
0.83147979, 0.54011634
0.0, 0.36253649, -0.01976834
0.0, 0.7651906, -0.64378798
0.83073217, 0.5599041
-0.00438309, 0.36253649, -0.01976834
-0.44221321, 0.71739858, -0.53825498
0.82255536, 0.55637461
-0.01148894, 0.10094333, 0.02004979
-0.73964661, 0.09320353, 0.66649371
0.37625048, 0.48844105
-0.01148894, 0.18544511, 0.02004979
-0.68108159, 0.08771019, 0.72688985
0.5204193, 0.48844093
0.0, 0.18544511, 0.02004979
0.0, 0.11978515, 0.99279761
0.5204193, 0.46975893
0.0, 0.21131964, 0.01371286
0.0, 0.13379315, 0.99099702
0.56456387, 0.47901207
0.0, 0.06827825, 0.00522504
0.0, -0.19348735, -0.98107851
0.31889242, 0.53142112
-0.01148889, 0.05658762, 0.00609749
-0.75572985, 0.0847499, -0.6493423
0.30057508, 0.51224524
-0.0114889, 0.06827825, 0.00522504
-0.73512983, -0.13116856, -0.66508991
0.32052055, 0.51373369
-0.0114889, 0.02256295, 0.04587378
-0.76076543, 0.02386547, 0.64857936
0.24252552, 0.44438285
-0.01148891, 0.05658762, 0.05232976
-0.60335094, 0.29813531, 0.7396161
0.30057508, 0.43336821
0.0, 0.05658776, 0.05232976
0.0, 0.37388226, 0.92745751
0.30719137, 0.41819829
0.0, -0.09551395, 0.07742707
0.0, -0.57667774, 0.81694996
0.01794096, 0.36253154
0.0, 0.02256295, 0.04587378
0.0, 0.0367748, 0.9992981
0.24516837, 0.42098463
0.0, 0.05658762, 0.00609749
0.0, 0.129429, -0.99157691
0.30411527, 0.53250208
-0.01148888, 0.03547482, -0.00123093
-0.66634113, 0.10477004, -0.73821223
0.26455456, 0.52474827
-0.01148886, -0.10127176, 0.00589428
-0.57585377, -0.61503953, -0.53856015
0.03125077, 0.51259214
-0.01148889, -0.09551395, 0.07742707
-0.56840724, -0.47444075, 0.67210913
0.04107416, 0.39054984
0.0, 0.03547482, -0.00123093
0.0, 0.14053774, -0.99005097
0.26684177, 0.5473758
-0.00181554, 0.47733235, -0.01100219
-0.22745445, -0.80416274, 0.54911953
0.90083009, 0.34097844
-0.0043831, 0.36253649, -0.01356971
-0.92385632, 0.0, 0.38267159
0.70497644, 0.33552128
-0.00181554, 0.36253649, -0.01100219
-0.38267159, 0.0, 0.92385632
0.70497644, 0.34097815
-0.0043831, 0.47733235, -0.01356971
-0.54911953, -0.80416274, 0.22745445
0.90083009, 0.33552152
-0.00438309, 0.36253649, -0.01720079
-0.92385632, 0.0, -0.38267159
0.70497644, 0.32932633
-0.00438309, 0.47733235, -0.01720079
-0.54911953, -0.80416274, -0.22745445
0.90083009, 0.32932645
-0.00181555, 0.36253649, -0.01976834
-0.38267159, 0.0, -0.92385632
0.70497644, 0.32392198
0.0, 0.51279509, -0.00939623
0.0, 0.70708334, 0.70711386
0.98561352, 0.34264189
0.0, 0.51279509, -0.02137427
0.0, 0.70708334, -0.70708334
0.98561352, 0.32220608
-0.00598903, 0.51279509, -0.01786597
-0.71727651, 0.63023776, -0.29709768
0.97539574, 0.32819158
-0.00598903, 0.47733235, -0.01786597
-0.71727651, -0.63023776, -0.29709768
0.90083009, 0.32819164
-0.00248074, 0.47733235, -0.00939627
-0.29709768, -0.63023776, 0.71727651
0.90083009, 0.34385145
-0.00598904, 0.47733235, -0.01290449
-0.71727651, -0.63023776, 0.29709768
0.90083009, 0.33665645
-0.00248075, 0.47733235, -0.02137427
-0.29709768, -0.63023776, -0.71727651
0.90083009, 0.32129568
-0.00181555, 0.47733235, -0.01976834
-0.22745445, -0.80416274, -0.54911953
0.90083009, 0.32392174
-0.00598903, 0.51279509, -0.01786597
-0.71727651, 0.63023776, -0.29709768
0.96133322, 0.32819158
-0.00598904, 0.51279509, -0.01290449
-0.71727651, 0.63023776, 0.29709768
0.96133322, 0.33665639
-0.00248075, 0.51279509, -0.02137427
-0.29709768, 0.63023776, -0.71727651
0.96133322, 0.32129574
-0.00248074, 0.51279509, -0.00939627
-0.29709768, 0.63023776, 0.71727651
0.96133322, 0.34385139
-0.0027351, 0.4033224, -0.0287352
-0.58467358, -0.61058384, -0.53410441
0.77456146, 0.3096475
-0.0027351, 0.41340166, -0.00140926
-0.57734919, 0.57734919, 0.57734919
0.79175764, 0.35626835
-0.0027351, 0.41340166, -0.03008826
-0.57063508, 0.54063541, -0.61806083
0.79175764, 0.30733901
-0.0027351, 0.4033224, -0.00140926
-0.57734919, -0.57734919, 0.57734919
0.77456146, 0.35626835
-0.00702275, 0.1717623, 0.09907532
-0.57338178, -0.39109468, 0.71987063
0.90924644, 0.95359908
-0.00702275, 0.20683412, 0.08721025
-0.57972962, 0.72209847, 0.37739187
0.96908253, 0.93335615
-0.00702274, 0.19810979, 0.05702408
-0.72618794, 0.67397076, -0.13562426
0.95419794, 0.88185541
-0.00442097, 0.10302907, 0.03466569
-0.85085607, 0.26105532, -0.4558855
0.3798089, 0.87416667
-0.00442097, 0.09551412, 0.02024183
-0.72692037, 0.60899687, -0.31727043
0.36698776, 0.84955806
-0.00442097, 0.12933141, 0.03513706
-0.58165228, 0.59773552, 0.55165255
0.42468351, 0.87497085
-0.00442097, 0.12933141, 0.01878732
-0.70708334, 0.70708334, 0.0
0.42468351, 0.84707654
-0.00442097, 0.12205338, 0.01878732
-0.76494646, -0.61629081, -0.18710898
0.41226643, 0.84707654
-0.00442097, 0.11745293, 0.03393844
-0.86184269, -0.31220436, -0.39963987
0.40441763, 0.87292594
-0.00442097, 0.10048364, 0.0374535
-0.5988037, -0.40079957, 0.69335002
0.37546623, 0.878923
-0.00442097, 0.09284748, 0.02133271
-0.6946013, -0.6501053, 0.30793175
0.3624382, 0.85141921
-0.00702275, 0.16181658, 0.05999034
-0.69316691, -0.70833462, 0.13327433
0.89227802, 0.88691609
-0.00702274, 0.19339864, 0.01654321
-0.72597432, 0.68309581, -0.0794702
0.9461602, 0.81279086
-0.00702275, 0.15658201, 0.01759013
-0.68486589, -0.72316658, 0.08926664
0.88334727, 0.81457697
0.0, 0.12292852, -0.02588697
0.0, -0.74163032, -0.67076629
0.4137595, 0.58440411
0.0, 0.20788176, -0.02588697
0.0, 0.01162755, -0.99990845
0.55869853, 0.58596724
0.01148893, 0.28914577, -0.00541863
1.0, 0.0, 0.0
0.69734329, 0.75369236
0.01723806, 0.17817871, -0.01340008
0.71807003, 0.48228401, -0.5017243
0.50802201, 0.74007505
0.01723806, 0.17454575, -0.00541863
0.57734919, -0.57734919, 0.57734919
0.50182384, 0.75369228
0.01723806, 0.17454575, -0.01340008
0.63777584, -0.59196752, -0.49275187
0.50182384, 0.74007505
0.01148894, 0.17454575, -0.00541863
-0.57734919, -0.57734919, 0.57734919
0.50182384, 0.75369228
0.01148894, 0.17996724, -0.01489982
-0.43443099, 0.64439833, -0.62926114
0.51107347, 0.73751634
0.01148894, 0.17454575, -0.01489982
-0.50437939, -0.5650807, -0.65285194
0.50182384, 0.73751634
0.01723806, 0.17817871, -0.00541863
0.64729756, 0.47651601, 0.59486681
0.50802201, 0.75369228
0.01148894, 0.17996724, -0.00541863
-0.48991364, 0.66545612, 0.563097
0.51107347, 0.75369228
0.0, 0.1422745, -0.02588697
0.0, 0.26224557, -0.96499527
0.44676974, 0.6971828
0.0, 0.35499871, 0.00991563
0.0, 0.57487714, 0.81823176
0.81619799, 0.784538
0.0, -0.10127176, 0.00589428
0.0, -0.75231177, -0.65877253
0.01147633, 0.75514388
0.00248074, 0.51279509, -0.00939627
0.29709768, 0.63023776, 0.71727651
0.98984593, 0.32220614
0.00248075, 0.51279509, -0.02137427
0.29709768, 0.63023776, -0.71727651
0.98984593, 0.34264189
0.0, 0.51279509, -0.02137427
0.0, 0.70708334, -0.70708334
0.98561352, 0.34264189
0.0, 0.51279509, -0.00939623
0.0, 0.70708334, 0.70711386
0.96133322, 0.34749562
0.0, 0.12205338, 0.01878732
0.0, -0.95684683, -0.29053622
0.40611568, 0.84528214
0.0, 0.09284748, 0.02133271
0.0, -0.90371412, 0.42808312
0.35499933, 0.85559064
0.0, 0.15658201, 0.01759013
0.0, -0.99246192, 0.1225013
0.87129104, 0.81593515
0.0, 0.1422745, -0.02588697
0.0, 0.26224557, -0.96499527
0.44676569, 0.58840275
0.0, 0.35499871, 0.00991563
0.0, 0.57487714, 0.81823176
0.81622684, 0.50107193
0.0, -0.10127176, 0.00589428
0.0, -0.75231177, -0.65877253
0.01147577, 0.53044078
-0.00598904, 0.51279509, -0.01290449
-0.71727651, 0.63023776, 0.29709768
0.97539574, 0.33665639
-0.00248074, 0.51279509, -0.00939627
-0.29709768, 0.63023776, 0.71727651
0.98138124, 0.34264183
-0.00248075, 0.51279509, -0.02137427
-0.29709768, 0.63023776, -0.71727651
0.98138112, 0.32220608
# Number of Faces:
300
# Face Data:
0, 1, 2
3, 4, 5
6, 7, 8
1, 9, 2
10, 11, 5
12, 13, 14
8, 15, 16
17, 15, 18
19, 4, 20
21, 20, 22
22, 3, 2
9, 22, 2
4, 10, 5
23, 8, 16
12, 23, 24
24, 11, 25
26, 27, 28
28, 6, 8
14, 28, 8
29, 26, 30
13, 26, 28
31, 13, 32
33, 29, 34
34, 30, 31
35, 36, 26
33, 37, 38
37, 39, 35
29, 37, 35
40, 41, 42
43, 44, 40
45, 46, 43
47, 48, 49
50, 44, 46
44, 51, 41
41, 52, 53
42, 53, 54
55, 46, 56
57, 58, 50
59, 56, 60
61, 56, 45
62, 55, 59
63, 51, 58
64, 50, 55
65, 52, 51
66, 67, 68
67, 69, 68
66, 70, 71
71, 72, 67
68, 73, 66
74, 75, 76
77, 78, 79
80, 81, 82
83, 84, 85
85, 81, 86
87, 88, 86
89, 85, 78
90, 86, 81
91, 92, 74
93, 76, 75
94, 74, 95
96, 75, 92
97, 98, 76
99, 18, 7
15, 100, 1
15, 7, 18
101, 102, 103
103, 104, 105
106, 107, 108
109, 110, 101
111, 112, 113
114, 115, 116
111, 113, 103
102, 117, 118
117, 119, 120
104, 121, 105
105, 122, 123
103, 123, 101
109, 123, 122
112, 104, 113
108, 124, 125
125, 114, 126
111, 126, 127
128, 129, 130
107, 130, 108
124, 130, 115
129, 131, 132
115, 129, 132
115, 133, 116
131, 134, 135
132, 135, 133
136, 137, 129
138, 134, 139
140, 138, 137
131, 138, 139
141, 142, 143
144, 145, 142
146, 147, 145
148, 149, 150
144, 151, 146
144, 152, 153
141, 52, 152
53, 143, 54
146, 154, 155
153, 156, 151
155, 59, 60
155, 61, 147
154, 62, 59
152, 157, 153
151, 158, 154
52, 159, 152
160, 161, 162
69, 161, 163
70, 160, 162
72, 162, 161
73, 163, 160
164, 165, 166
167, 77, 168
169, 80, 170
171, 83, 172
173, 172, 167
174, 87, 173
172, 89, 167
173, 90, 169
165, 91, 166
175, 93, 164
166, 94, 176
164, 96, 165
177, 97, 175
120, 178, 106
179, 117, 110
117, 120, 106
180, 5, 11
181, 182, 183
184, 185, 186
181, 186, 185
187, 184, 182
183, 184, 186
181, 188, 187
2, 3, 0
0, 180, 1
16, 1, 180
3, 20, 4
6, 99, 7
1, 100, 9
10, 25, 11
12, 32, 13
1, 16, 15
8, 7, 15
17, 189, 15
19, 190, 4
21, 19, 20
22, 20, 3
9, 21, 22
4, 190, 10
16, 11, 23
23, 14, 8
12, 14, 23
24, 23, 11
26, 36, 27
28, 27, 6
14, 13, 28
29, 35, 26
13, 30, 26
31, 30, 13
33, 38, 29
34, 29, 30
35, 39, 36
33, 191, 37
37, 191, 39
29, 38, 37
40, 44, 41
43, 46, 44
45, 56, 46
192, 49, 48
47, 193, 194
194, 48, 47
50, 58, 44
44, 58, 51
41, 51, 52
42, 41, 53
55, 50, 46
57, 63, 58
59, 55, 56
61, 60, 56
62, 64, 55
63, 65, 51
64, 57, 50
65, 195, 52
66, 71, 67
67, 72, 69
66, 73, 70
71, 70, 72
68, 69, 73
76, 98, 95
74, 92, 75
76, 95, 74
77, 89, 78
80, 90, 81
83, 196, 84
86, 88, 78
88, 79, 78
84, 82, 81
86, 78, 85
85, 84, 81
87, 197, 88
89, 83, 85
90, 87, 86
91, 96, 92
93, 97, 76
94, 91, 74
96, 93, 75
97, 198, 98
99, 17, 18
15, 189, 100
101, 110, 102
103, 113, 104
106, 178, 107
109, 179, 110
111, 127, 112
114, 124, 115
103, 102, 118
118, 111, 103
108, 118, 117
102, 110, 117
117, 106, 108
117, 199, 119
104, 200, 121
105, 121, 122
103, 105, 123
109, 101, 123
112, 200, 104
125, 111, 118
118, 108, 125
125, 124, 114
111, 125, 126
128, 136, 129
107, 128, 130
124, 108, 130
129, 137, 131
115, 130, 129
115, 132, 133
131, 139, 134
132, 131, 135
136, 140, 137
138, 201, 134
140, 201, 138
131, 137, 138
141, 144, 142
144, 146, 145
146, 155, 147
150, 202, 148
203, 148, 202
149, 204, 150
144, 153, 151
144, 141, 152
141, 53, 52
53, 141, 143
146, 151, 154
153, 157, 156
155, 154, 59
155, 60, 61
154, 158, 62
152, 159, 157
151, 156, 158
52, 195, 159
160, 163, 161
69, 72, 161
70, 73, 160
72, 70, 162
73, 69, 163
176, 177, 175
175, 164, 166
166, 176, 175
167, 89, 77
169, 90, 80
171, 196, 83
168, 174, 167
169, 170, 171
169, 171, 172
167, 174, 173
169, 172, 173
174, 197, 87
172, 83, 89
173, 87, 90
165, 96, 91
175, 97, 93
166, 91, 94
164, 93, 96
177, 198, 97
120, 119, 178
179, 199, 117
11, 16, 180
180, 0, 5
3, 5, 0
181, 187, 182
184, 188, 185
181, 183, 186
187, 188, 184
183, 182, 184
181, 185, 188
