# Project Zomboid Skinned Mesh
# File Version:
1.0
# Model Name:
Cube.018
# Vertex Stride Element Count:
3
# Vertex Stride Size (in bytes):
76
# Vertex Stride Data:
# (Int)    Offset
# (String) Type
0
VertexArray
12
NormalArray
24
TextureCoordArray
# Vertex Count:
307
# Vertex Buffer:
0.0, 0.16081795, 0.03934933
0.0, 0.0, 1.0
0.61326897, 0.84380925
0.01240524, 0.14736278, 0.03934931
0.57734919, -0.57734919, 0.57734919
0.59150565, 0.82484487
0.01240524, 0.16081795, 0.03934933
0.67827386, 0.09796441, 0.72823268
0.61728352, 0.82484485
0.01240518, 0.21790813, 0.00957912
0.8622089, 0.32007813, 0.39252907
0.72665906, 0.76781
0.0, 0.2110976, 0.02556905
0.0, 0.55134737, 0.83425397
0.72644097, 0.80948675
0.01240523, 0.2110976, 0.02556905
0.62096012, 0.51548815, 0.59044158
0.71361113, 0.79844412
0.0124052, 0.2179081, -0.01919598
0.57734919, 0.57734919, -0.57734919
0.72665906, 0.71268147
0.0, 0.04584993, -0.01919598
0.0, 0.0, -1.0
0.3970238, 0.68891534
0.0, 0.21790813, -0.01919598
0.0, 0.0, -1.0
0.72665906, 0.68891507
0.0, 0.14736278, 0.03325564
0.0, -0.73543507, 0.67757195
0.58211273, 0.83600134
0.01240514, 0.04584993, 0.02492849
0.72399062, -0.00573748, 0.68974882
0.3970238, 0.79721686
0.01240524, 0.14736278, 0.03325564
0.89477217, -0.32834864, 0.30249947
0.59150559, 0.81317033
0.0, 0.14736278, 0.03934931
0.0, -0.70708334, 0.70708334
0.58699018, 0.84087557
0.0, 0.01638479, 0.02685015
0.0, 0.22647786, 0.97399825
0.34640554, 0.82553752
0.0, 0.04584993, 0.02492849
0.0, -0.00833155, 0.99993896
0.3970238, 0.81999692
0.01240512, 0.00389392, 0.00098138
0.76070434, -0.14426099, -0.63283181
0.31664255, 0.75133817
0.0, 0.04584993, -0.01919598
0.0, -0.43339336, -0.90118104
0.38856316, 0.69190049
0.01240512, 0.04584993, -0.01919598
0.66032898, -0.16690573, -0.73216957
0.39702377, 0.71268147
0.0, -0.12934074, 0.08706192
0.0, -0.52467424, 0.85128331
0.03488091, 0.95417793
0.01240514, 0.01638479, 0.02685015
0.74559772, 0.15091403, 0.64903712
0.34057286, 0.80089842
0.01240512, -0.13574649, 0.00098138
0.57353437, -0.60032958, -0.557329
0.04911476, 0.75133814
0.0, 0.00389392, 0.00098138
0.0, -0.22223578, -0.97497481
0.31057322, 0.72365284
0.01240514, -0.12934074, 0.08706192
0.56245613, -0.43382061, 0.70384836
0.06138675, 0.91625455
0.0, 0.21790813, -0.01919598
0.0, 0.0, -1.0
0.72665912, 0.69715074
0.00810653, 0.23744491, -0.01919598
0.65276039, 0.0, -0.75753045
0.76408827, 0.71268147
0.00810653, 0.2179081, -0.01919598
0.56031984, 0.51304668, -0.65022737
0.72665906, 0.71268147
0.01240518, 0.23744492, 0.00957912
0.75753045, 0.0, 0.65276039
0.76408845, 0.76781003
0.0, 0.21790813, 0.00957912
0.0, 0.0, 1.0
0.72665906, 0.76781003
0.0, 0.23744494, -0.02255294
0.0, -0.70708334, -0.70708334
0.02944601, 0.1745258
0.00810653, 0.23744491, -0.01919598
0.0, -1.0, 0.0
0.02944601, 0.20004237
0.0, 0.23744492, -0.01919598
0.0, -1.0, 0.0
0.02944601, 0.18230116
0.01240518, 0.23744492, 0.00957912
0.0, -1.0, 0.0
0.02944601, 0.25517094
0.0, 0.23744492, 0.01517805
0.0, -0.70274973, 0.71138644
0.02944601, 0.2877391
0.0, 0.23744492, 0.00957912
0.0, -1.0, 0.0
0.02944601, 0.2734161
0.01619263, 0.23744492, 0.01517805
0.63878292, -0.56431776, 0.52293468
0.02944601, 0.26221597
0.0082238, 0.39461052, -0.02255294
0.50523394, 0.58973968, -0.63002414
0.33055007, 0.19361103
0.0082238, 0.23744491, -0.02255294
0.50819421, -0.58955657, -0.62776572
0.02944601, 0.19361103
0.01619263, 0.39461052, 0.01325638
0.64293343, 0.57008576, 0.51142919
0.33055007, 0.26221597
0.0, 0.39461052, -0.02255294
0.0, 0.70708334, -0.70708334
0.33055007, 0.1745258
0.0071525, 0.39461052, -0.02098307
0.30149236, 0.90450758, -0.30149236
0.33055007, 0.19661862
0.0071525, 0.39461052, 0.01080728
0.30948821, 0.90173042, 0.30176702
0.33055007, 0.25752378
0.0, 0.39461052, 0.01325638
0.0, 0.71138644, 0.70274973
0.33055007, 0.2877391
0.0071525, 0.40903684, -0.03510564
0.57731867, -0.57734919, -0.57731867
0.35818875, 0.16956222
0.0071525, 0.42346328, -0.02098307
0.70708334, 0.70708334, 0.0
0.38582742, 0.1966185
0.0071525, 0.40903684, -0.02098307
0.90450758, -0.30149236, -0.30149236
0.35818875, 0.1966185
0.0, 0.42346328, 0.01080728
0.00326548, 0.70748007, 0.70668662
0.3957465, 0.26890343
0.0, 0.39461052, 0.0110218
0.02996918, 0.007416, 0.99951172
0.33055007, 0.2734161
0.0071525, 0.42346328, 0.01080728
0.57734919, 0.57734919, 0.57734919
0.38582742, 0.25752378
0.00282002, 0.42346328, 0.00916622
0.38267159, 0.0, 0.92385632
0.53497308, 0.34837282
0.0, 0.53300303, 0.00916622
0.0, 0.0, 0.99996948
0.74483293, 0.35377526
0.0, 0.42346328, 0.00916622
0.0, 0.0, 1.0
0.53497314, 0.35377544
0.0068081, 0.42346328, 0.00517811
0.92385632, 0.0, 0.38267159
0.53497308, 0.33756703
0.00282002, 0.53300303, 0.00916622
0.38267159, 0.0, 0.92385632
0.74483293, 0.34837258
0.0068081, 0.42346328, -0.0004619
0.92385632, 0.0, -0.38267159
0.53497308, 0.3267619
0.0068081, 0.53300303, 0.00517811
0.54911953, -0.80416274, 0.22745445
0.74483293, 0.33756721
0.00282002, 0.42346328, -0.00444997
0.38267159, 0.0, -0.92385632
0.53497308, 0.31595612
0.0068081, 0.53300303, -0.0004619
0.54911953, -0.80416274, -0.22745445
0.74483293, 0.3267619
0.0, 0.42346328, -0.00444997
0.0, 0.0, -0.99996948
0.53497308, 0.31055349
0.00282002, 0.53300303, -0.00444997
0.38267159, 0.0, -0.92385632
0.74483293, 0.31595659
0.00870151, 0.10940301, 0.02980452
0.74019593, 0.67238379, 0.0
0.51878107, 0.84199846
0.00870151, 0.10659133, 0.0466796
0.88692892, 0.11435285, 0.44746238
0.5133943, 0.87432832
0.00870151, 0.0760411, 0.03888642
0.87218851, -0.48167363, -0.08496353
0.45486471, 0.85939795
0.00767745, 0.53300303, 0.00553822
0.71727651, -0.63023776, 0.29709768
0.81536454, 0.33825701
0.00282002, 0.53300303, 0.00916622
0.0, -1.0, 0.0
0.74483293, 0.34985036
0.00870151, 0.03748932, 0.07428724
0.56169319, -0.82082582, 0.1035493
0.381006, 0.9272202
0.0, 0.0760411, 0.03888642
0.0, -0.98477125, -0.17374188
0.43525994, 0.85273419
0.0068081, 0.43069261, -0.01111371
0.71727651, 0.63023776, 0.29709768
0.45606327, 0.14770687
0.0068081, 0.43069261, -0.01675376
0.71727651, 0.63023776, -0.29709768
0.45606327, 0.13370168
0.0, 0.43069261, -0.00712565
0.0, 1.0, 0.0
0.47296903, 0.15761
0.0, 0.12331107, 0.05500727
0.0, 0.00936918, 0.99993896
0.55012053, 0.90541518
0.0, 0.10659133, 0.0466796
0.0, 0.24759667, 0.9688406
0.51916152, 0.89474608
0.00870158, 0.13498768, 0.04444261
0.88338876, -0.42069766, -0.2064272
0.56779718, 0.87004268
0.00870158, 0.1403628, 0.0461107
0.59199804, 0.73174232, 0.33774835
0.57809478, 0.87323844
0.00870158, 0.12331107, 0.05500727
0.61772513, 0.00735496, 0.78633994
0.54542643, 0.89028275
0.00870158, 0.13684121, 0.03072708
0.746086, 0.64903712, -0.1485641
0.57134807, 0.84376603
0.0, 0.1403628, 0.0461107
0.0, 0.90792567, 0.41908017
0.59170395, 0.8811577
0.0087015, 0.07381698, 0.09374845
0.58369702, 0.18933684, 0.78954434
0.45060366, 0.9645046
0.0, 0.03748932, 0.07428724
0.0, -0.99212623, 0.1251564
0.35609615, 0.93297207
0.0, 0.07381698, 0.09374845
0.0, 0.23319194, 0.97241127
0.45353639, 0.98197659
0.0, 0.13165145, 0.03091243
0.0, -0.97091585, 0.23938718
0.55265814, 0.84654506
0.00870158, 0.13165145, 0.03091243
0.65584278, -0.73290199, 0.18070009
0.56140548, 0.84412098
0.0, 0.06788579, 0.02317127
0.0, -0.88756979, 0.46061587
0.42976302, 0.83110203
0.00870153, 0.06788579, 0.02317127
0.51094091, -0.76296276, 0.39594713
0.43924075, 0.82929015
0.00870158, 0.12368169, 0.0494469
0.8141728, 0.00811792, -0.58052307
0.54613656, 0.87963003
0.0, 0.13498768, 0.04444261
0.0, -0.8977325, -0.44050416
0.55689907, 0.86362852
0.0, 0.10940301, 0.04264158
0.0, 0.84563738, -0.5337382
0.53317153, 0.85862267
0.00870151, 0.10940301, 0.04264158
0.8489334, 0.44688255, -0.28205207
0.51878107, 0.86659211
0.0, 0.12368169, 0.0494469
0.0, 0.014008, -0.99987793
0.54716283, 0.86862692
0.00734725, 0.16081795, 0.03934933
0.0, 0.08880886, 0.9960326
0.61728352, 0.82484488
0.0, 0.16081795, 0.03934933
0.0, 0.0, 1.0
0.61360055, 0.84387642
0.00734725, 0.2110976, 0.02556905
0.0, 0.08880886, 0.9960326
0.71361113, 0.79844412
0.0, 0.2110976, 0.09506715
0.0, 0.78035831, 0.62529373
0.97229022, 0.92968586
0.00734725, 0.15896444, 0.10670976
0.56663716, -0.51521349, 0.64296395
0.85670835, 0.93752196
0.00734725, 0.2110976, 0.09506715
0.5897702, 0.63017672, 0.50495929
0.95658672, 0.91521654
0.0, 0.15896444, 0.02556905
0.0, -1.0, 0.0
0.83629781, 0.78206947
0.00734725, 0.15896444, 0.02556905
0.70708334, -0.70708334, 0.0
0.85670841, 0.78206947
0.00734725, 0.2110976, 0.02556904
0.70708334, 0.70708334, 0.0
0.95658672, 0.78206941
0.0, 0.2110976, 0.02556904
0.0, 1.0, 0.0
0.97219366, 0.78205919
0.0, 0.42346328, -0.02098307
0.0, 1.0, 0.0
0.40728319, 0.19514412
0.0, 0.39461052, -0.02098307
0.0, 0.0, -1.0
0.33055007, 0.18889511
0.0, 0.40903702, -0.03510564
0.0, -0.70708334, -0.70708334
0.35818875, 0.15592033
0.0071525, 0.42346328, -0.03510564
0.57734919, 0.57734919, -0.57734919
0.38582742, 0.16956222
0.0, 0.40903702, -0.02098307
0.0, -0.70708334, -0.70708334
0.34621286, 0.18446416
0.00282002, 0.42346328, -0.00712565
0.38267159, 0.0, 0.92385632
0.42958668, 0.16800058
0.0, 0.43069261, -0.00712565
0.0, 0.0, 1.0
0.4557994, 0.17848569
0.0, 0.42346328, -0.00712565
0.0, 0.0, 1.0
0.42949873, 0.17826021
0.0068081, 0.42346328, -0.01111371
0.92385632, 0.0, 0.38267159
0.4297626, 0.14748138
0.00282002, 0.43069261, -0.00712565
0.38267159, 0.0, 0.92385632
0.45588735, 0.16822606
0.0068081, 0.42346328, -0.01675376
0.92385632, 0.0, -0.38267159
0.4297626, 0.13347596
0.00282002, 0.42346328, -0.02074179
0.38267159, 0.0, -0.92385632
0.4299387, 0.11295676
0.0, 0.42346328, -0.02074179
0.0, 0.0, -1.0
0.43002677, 0.10269713
0.00282002, 0.43069261, -0.02074179
0.38267159, 0.0, -0.92385632
0.45623937, 0.11318249
0.00318011, 0.58753574, -0.00531935
0.38267159, 0.0, -0.92385632
0.94903684, 0.31195974
0.00767745, 0.53300303, -0.00082196
0.71727651, -0.63023776, -0.29709768
0.81536454, 0.32607186
0.00318011, 0.53300303, -0.00531935
0.29709768, -0.63023776, -0.71727651
0.81536454, 0.31195974
0.0, 0.53300303, -0.00531935
0.0, -0.70708334, -0.70708334
0.81536454, 0.30492783
0.00282002, 0.53300303, -0.00444997
0.0, -1.0, -3.052e-05
0.74483293, 0.31247306
0.0, 0.53300303, -0.00444997
0.0, -1.0, 0.0
0.74483293, 0.30969405
0.0, 0.53300303, 0.01003556
0.0, -0.70708334, 0.70708334
0.81536454, 0.35859662
0.0, 0.53300303, 0.00916622
0.0, -1.0, 0.0
0.74483293, 0.35791844
0.00767745, 0.58753574, 0.00553822
0.0, 1.0, 0.0
0.98701704, 0.32607275
0.0, 0.58753574, -0.00531935
0.0, 0.99996948, 0.0
0.97230923, 0.34687257
0.0, 0.58753574, 0.01003556
0.0, 1.0, 0.0
0.97230923, 0.31745732
0.00767745, 0.58753574, 0.00553822
0.92385632, 0.0, 0.38267159
0.94903684, 0.33825701
0.00318011, 0.53300303, 0.01003556
0.29709768, -0.63023776, 0.71727651
0.81536454, 0.35239601
0.0, 0.58753574, -0.00531935
0.0, 0.0, -1.0
0.94903684, 0.30492789
0.00767745, 0.58753574, -0.00082196
0.92385632, 0.0, -0.38267159
0.94903684, 0.32607186
0.00757781, 0.05359366, -0.03337055
0.57734919, 0.57734919, -0.57734919
0.41185933, 0.66175923
0.0075778, 0.0477464, -0.01919598
0.70708334, -0.70708334, 0.0
0.4006567, 0.68891534
0.00757781, 0.0477464, -0.03337055
0.57734919, -0.57734919, -0.57734919
0.4006567, 0.66175923
0.00318011, 0.58753574, 0.01003556
0.38267159, 0.0, 0.92385632
0.94903684, 0.35239601
0.0075778, 0.05359366, -0.01919598
0.70708334, 0.70708334, 0.0
0.41185933, 0.68891534
0.0, 0.05359366, -0.03337055
0.0, 0.70708334, -0.70708334
0.41669455, 0.64453959
0.0, 0.05359366, -0.01919598
0.0, 1.0, 0.0
0.43699926, 0.68381795
0.0, 0.0477464, -0.03337055
0.0, -0.70708334, -0.70708334
0.38975093, 0.64453959
-0.01240524, 0.14736278, 0.03934931
-0.57734919, -0.57734919, 0.57734919
0.59150565, 0.46423423
0.0, 0.16081795, 0.03934933
0.0, 0.0, 1.0
0.61113143, 0.44528103
-0.01240524, 0.16081795, 0.03934933
-0.61122471, 0.38984343, 0.68877226
0.61728352, 0.46423423
-0.01240518, 0.21790813, 0.00957912
-0.8622089, 0.32007813, 0.39252907
0.72665906, 0.52126908
0.0, 0.2110976, 0.02556905
0.0, 0.55134737, 0.83425397
0.72778404, 0.48069668
0.0, 0.21790813, 0.00957912
0.0, 0.92001098, 0.39185765
0.74622387, 0.50810739
-0.0124052, 0.2179081, -0.01919598
-0.57734919, 0.57734919, -0.57734919
0.72665906, 0.57639763
0.0, 0.04584993, -0.01919598
0.0, 0.0, -1.0
0.3970238, 0.60016382
-0.01240512, 0.04584993, -0.01919598
-0.66032898, -0.16690573, -0.73216957
0.39702377, 0.57639763
-0.01240514, 0.04584993, 0.02492849
-0.72399062, -0.00573748, 0.68974882
0.3970238, 0.4918623
0.0, 0.14736278, 0.03325564
0.0, -0.73543507, 0.67757195
0.58139342, 0.45361245
-0.01240524, 0.14736278, 0.03325564
-0.89477217, -0.32834864, 0.30249947
0.59150559, 0.47590876
0.0, 0.14736278, 0.03934931
0.0, -0.70708334, 0.70708334
0.58651572, 0.44900537
-0.01240524, 0.16909133, 0.02556905
-0.83635974, 0.26999724, 0.47700429
0.63313407, 0.49063504
0.0, 0.01638479, 0.02685015
0.0, 0.22647786, 0.97399825
0.34640554, 0.46354175
0.0, 0.04584993, 0.02492849
0.0, -0.00833155, 0.99993896
0.3970238, 0.46917641
0.0, 0.04584993, -0.01919598
0.0, -0.43339336, -0.90118104
0.38856319, 0.59717861
-0.01240512, 0.00389392, 0.00098138
-0.76070434, -0.14426099, -0.63283181
0.31664255, 0.53774098
-0.01240514, 0.01638479, 0.02685015
-0.74559772, 0.15091403, 0.64903712
0.34057286, 0.48818064
0.0, -0.12934074, 0.08706192
0.0, -0.52467424, 0.85128331
0.03488079, 0.33490086
0.0, 0.00389392, 0.00098138
0.0, -0.22223578, -0.97497481
0.31057322, 0.56542638
-0.01240512, -0.13574649, 0.00098138
-0.57353437, -0.60032958, -0.557329
0.04911476, 0.53774095
-0.01240514, -0.12934074, 0.08706192
-0.56245613, -0.43382061, 0.70384836
0.06138676, 0.37282455
0.0, 0.21790813, -0.01919598
0.0, 0.0, -1.0
0.72665906, 0.59192839
-0.00810653, 0.23744491, -0.01919598
-0.65276039, 0.0, -0.75753045
0.76408827, 0.57639763
0.0, 0.23744492, -0.01919598
0.0, 0.0, -1.0
0.76408833, 0.59192833
0.0, 0.21790813, 0.00957912
0.0, 0.0, 1.0
0.72665906, 0.52126914
-0.01240518, 0.23744492, 0.00957912
-0.75753045, 0.0, 0.65276039
0.76408845, 0.52126914
-0.00810653, 0.2179081, -0.01919598
-0.56031984, 0.51304668, -0.65022737
0.72665906, 0.57639763
-0.00810653, 0.23744491, -0.01919598
0.0, -1.0, 0.0
0.02944601, 0.11173505
0.0, 0.23744494, -0.02255294
0.0, -0.70708334, -0.70708334
0.02944601, 0.13725173
0.0, 0.23744492, -0.01919598
0.0, -1.0, 0.0
0.02944601, 0.12947565
-0.01240518, 0.23744492, 0.00957912
0.0, -1.0, 0.0
0.02944601, 0.05270493
0.0, 0.23744492, 0.01517805
0.0, -0.70274973, 0.71138644
0.02944601, 0.02013659
-0.01619263, 0.23744492, 0.01517805
-0.63878292, -0.56431776, 0.52293468
0.02944601, 0.04761064
-0.0082238, 0.23744491, -0.02255294
-0.50819421, -0.58955657, -0.62776572
0.02944601, 0.11816639
-0.0082238, 0.39461052, -0.02255294
-0.50523394, 0.58973968, -0.63002414
0.33055007, 0.11816633
0.0, 0.39461052, -0.02255294
0.0, 0.70708334, -0.70708334
0.33055007, 0.13725173
-0.01619263, 0.39461052, 0.01325638
-0.64293343, 0.57008576, 0.51142919
0.33055007, 0.04956144
-0.0071525, 0.39461052, -0.02098307
-0.30149236, 0.90450758, -0.30149236
0.33055007, 0.11515886
0.0, 0.39461052, -0.02098307
0.0, 1.0, 0.0
0.33055007, 0.13343328
0.0, 0.39461052, 0.01325638
0.0, 0.71138644, 0.70274973
0.33055007, 0.02403802
-0.0071525, 0.39461052, 0.01080728
-0.30948821, 0.90173042, 0.30176702
0.33055007, 0.05425358
-0.0071525, 0.42346328, -0.02098307
-0.70708334, 0.70708334, 0.0
0.38582742, 0.11515898
-0.0071525, 0.40903684, -0.03510564
-0.57731867, -0.57734919, -0.57731867
0.35818875, 0.14221519
-0.0071525, 0.40903684, -0.02098307
-0.90450758, -0.30149236, -0.30149236
0.35818875, 0.11515886
0.0, 0.42346328, 0.01080728
-0.00326548, 0.70748007, 0.70668662
0.39623293, 0.0417363
-0.0071525, 0.42346328, 0.01080728
-0.57734919, 0.57734919, 0.57734919
0.38582742, 0.05425358
-0.00282002, 0.42346328, 0.00916622
-0.38267159, 0.0, 0.92385632
0.53497308, 0.3483724
-0.00282002, 0.53300303, 0.00916622
-0.38267159, 0.0, 0.92385632
0.74483293, 0.34837288
-0.0068081, 0.42346328, 0.00517811
-0.92385632, 0.0, 0.38267159
0.53497308, 0.33756703
-0.0068081, 0.53300303, 0.00517811
-0.54911953, -0.80416274, 0.22745445
0.74483293, 0.33756721
-0.0068081, 0.42346328, -0.0004619
-0.92385632, 0.0, -0.38267159
0.53497308, 0.3267619
-0.0068081, 0.53300303, -0.0004619
-0.54911953, -0.80416274, -0.22745445
0.74483293, 0.3267619
-0.00282002, 0.42346328, -0.00444997
-0.38267159, 0.0, -0.92385632
0.53497308, 0.31595659
-0.00282002, 0.53300303, -0.00444997
-0.38267159, 0.0, -0.92385632
0.74483293, 0.31595612
-0.00870151, 0.0760411, 0.03888642
-0.87218851, -0.48167363, -0.08496353
0.45486471, 0.4297595
-0.00870151, 0.10659133, 0.0466796
-0.88695943, 0.11435285, 0.44746238
0.5133943, 0.41482913
-0.00870151, 0.10940301, 0.02980452
-0.74019593, 0.67238379, 0.0
0.51878107, 0.44715905
-0.00282002, 0.53300303, 0.00916622
0.0, -1.0, 0.0
0.74483293, 0.3498503
-0.00767745, 0.53300303, 0.00553822
-0.71727651, -0.63023776, 0.29709768
0.81536454, 0.33825701
0.0, 0.0760411, 0.03888642
0.0, -0.98477125, -0.17374188
0.43525997, 0.4364233
-0.00870151, 0.03748932, 0.07428724
-0.56169319, -0.82082582, 0.1035493
0.381006, 0.36193728
0.0, 0.43069261, -0.02074179
0.0, 1.0, 0.0
0.47296917, 0.12379843
-0.0068081, 0.43069261, -0.01675376
-0.71727651, 0.63023776, -0.29709768
0.45606327, 0.13370168
0.0, 0.12331107, 0.05500727
0.0, 0.00936918, 0.99993896
0.55012053, 0.38374233
-0.00870158, 0.12331107, 0.05500727
-0.61772513, 0.00735496, 0.78633994
0.54542643, 0.39887476
-0.00870158, 0.13498768, 0.04444261
-0.88338876, -0.42069766, -0.2064272
0.56779718, 0.41911471
-0.00870158, 0.12368169, 0.0494469
-0.8141728, 0.00811792, -0.58052307
0.54613656, 0.40952742
-0.00870158, 0.1403628, 0.0461107
-0.59199804, 0.73174232, 0.33774835
0.57809478, 0.41591907
0.0, 0.1403628, 0.0461107
0.0, 0.90792567, 0.41908017
0.59170389, 0.40799975
-0.00870158, 0.13684121, 0.03072708
-0.746086, 0.64903712, -0.1485641
0.57134807, 0.44539142
0.0, 0.03748932, 0.07428724
0.0, -0.99212623, 0.1251564
0.35609612, 0.35618544
-0.0087015, 0.07381698, 0.09374845
-0.58369702, 0.18933684, 0.78954434
0.45060366, 0.32465291
0.0, 0.10659133, 0.0466796
0.0, 0.24759667, 0.9688406
0.51916152, 0.39441144
0.0, 0.13165145, 0.03091243
0.0, -0.97091585, 0.23938718
0.55265814, 0.44261241
-0.00870158, 0.13165145, 0.03091243
-0.65584278, -0.73290199, 0.18070009
0.56140548, 0.44503653
0.0, 0.06788579, 0.02317127
0.0, -0.88756979, 0.46061587
0.42976302, 0.4580555
-0.00870153, 0.06788579, 0.02317127
-0.51094091, -0.76296276, 0.39594713
0.43924075, 0.45986736
0.0, 0.13498768, 0.04444261
0.0, -0.8977325, -0.44050416
0.55689907, 0.425529
0.0, 0.10940301, 0.04264158
0.0, 0.84563738, -0.5337382
0.53317153, 0.43053484
-0.00870151, 0.10940301, 0.04264158
-0.8489334, 0.44688255, -0.28205207
0.51878107, 0.42256534
0.0, 0.12368169, 0.0494469
0.0, 0.014008, -0.99987793
0.54716283, 0.42053056
-0.00734725, 0.16909133, 0.02556905
0.0, 0.49256873, 0.87026584
0.63313407, 0.49063504
0.0, 0.16081795, 0.03934933
0.0, 0.0, 1.0
0.61146313, 0.4451766
-0.00734725, 0.16081795, 0.03934933
0.0, 0.32267219, 0.94650108
0.61728352, 0.46423423
-0.00734725, 0.2110976, 0.02556905
0.0, 0.0, 1.0
0.71361113, 0.49063504
0.0, 0.2110976, 0.02556905
0.0, 0.0, 1.0
0.7276085, 0.48045087
-0.00734725, 0.2110976, 0.09506715
-0.5897702, 0.63017672, 0.50495929
0.95658678, 0.91521654
0.0, 0.15896444, 0.10670976
0.0, -0.62529373, 0.78035831
0.83629781, 0.96307047
-0.00734725, 0.15896444, 0.10670976
-0.56663716, -0.51521349, 0.64296395
0.85670841, 0.93752196
-0.00734725, 0.15896444, 0.02556905
-0.70708334, -0.70708334, 0.0
0.85670847, 0.78206947
-0.00734725, 0.2110976, 0.02556904
-0.70708334, 0.70708334, 0.0
0.95658678, 0.78206941
0.0, 0.42346328, -0.02098307
0.0, 1.0, 0.0
0.40717438, 0.11628711
0.0, 0.39461052, -0.02098307
0.0, 0.0, -1.0
0.33055007, 0.12292707
0.0, 0.40903702, -0.02098307
0.0, -0.70708334, -0.70708334
0.34611705, 0.12742287
-0.0071525, 0.42346328, -0.03510564
-0.57734919, 0.57734919, -0.57734919
0.38582742, 0.14221513
0.0, 0.42346328, -0.03510564
0.0, 0.70708334, -0.70708334
0.38582742, 0.15592033
-0.00282002, 0.42346328, -0.00712565
-0.38267159, 0.0, 0.92385632
0.42958665, 0.16800064
-0.00282002, 0.43069261, -0.00712565
-0.38267159, 0.0, 0.92385632
0.45588732, 0.16822618
-0.0068081, 0.42346328, -0.01111371
-0.92385632, 0.0, 0.38267159
0.4297626, 0.14748144
-0.0068081, 0.43069261, -0.01111371
-0.71727651, 0.63023776, 0.29709768
0.45606327, 0.14770699
-0.0068081, 0.42346328, -0.01675376
-0.92385632, 0.0, -0.38267159
0.4297626, 0.13347602
-0.00282002, 0.42346328, -0.02074179
-0.38267159, 0.0, -0.92385632
0.42993867, 0.11295682
-0.00282002, 0.43069261, -0.02074179
-0.38267159, 0.0, -0.92385632
0.45623934, 0.11318249
-0.00767745, 0.53300303, -0.00082196
-0.71727651, -0.63023776, -0.29709768
0.81536454, 0.32607186
-0.00318011, 0.58753574, -0.00531935
-0.38267159, 0.0, -0.92385632
0.94903684, 0.31195974
-0.00318011, 0.53300303, -0.00531935
-0.29709768, -0.63023776, -0.71727651
0.81536454, 0.31195974
-0.00282002, 0.53300303, -0.00444997
0.0, -1.0, 0.0
0.74483293, 0.31247306
-0.00318011, 0.53300303, 0.01003556
-0.29709768, -0.63023776, 0.71727651
0.81536454, 0.35239601
-0.00767745, 0.58753574, -0.00082196
0.0, 1.0, 0.0
0.95760155, 0.33825701
-0.00767745, 0.58753574, 0.00553822
0.0, 1.0, 0.0
0.95760155, 0.32607275
-0.00767745, 0.58753574, 0.00553822
-0.92385632, 0.0, 0.38267159
0.94903684, 0.33825701
-0.00767745, 0.58753574, -0.00082196
-0.92385632, 0.0, -0.38267159
0.94903684, 0.32607186
-0.0075778, 0.0477464, -0.01919598
-0.70708334, -0.70708334, 0.0
0.4006567, 0.60016382
-0.00757781, 0.05359366, -0.03337055
-0.57734919, 0.57734919, -0.57734919
0.41185933, 0.62731993
-0.00757781, 0.0477464, -0.03337055
-0.57734919, -0.57734919, -0.57734919
0.4006567, 0.62731993
-0.00318011, 0.58753574, 0.01003556
-0.38267159, 0.0, 0.92385632
0.94903684, 0.35239601
-0.0075778, 0.05359366, -0.01919598
-0.70708334, 0.70708334, 0.0
0.41185933, 0.60016382
0.0267443, 0.21931618, 0.01534737
0.4159978, 0.55467391, -0.72057253
0.72935677, 0.84480992
0.01689425, 0.15493418, 0.0210343
-0.83202612, -0.55467391, 0.0
0.60601121, 0.85570523
0.01689425, 0.21931618, 0.0210343
-0.83202612, 0.55467391, 0.0
0.72935677, 0.85570523
0.0267443, 0.15493418, 0.02672124
0.4159978, -0.55467391, 0.72057253
0.60601121, 0.86660057
0.0267443, 0.15493403, 0.01534738
0.4159978, -0.55470443, -0.72054201
0.60601121, 0.84480992
-0.01240523, 0.2110976, 0.02556905
-0.60148931, 0.44047365, 0.6664632
0.71361113, 0.49063504
0.0267443, 0.21931621, 0.02672124
0.4159978, 0.55467391, 0.72057253
0.72935677, 0.86660057
-0.02055323, 0.23085654, -0.00568584
-0.55467391, 0.4159978, -0.72057253
0.80260968, 0.55051431
-0.02055323, 0.21790813, 0.00178994
-0.55467391, -0.83202612, 0.0
0.77780271, 0.53619191
-0.02055323, 0.23085654, 0.00926573
-0.55467391, 0.4159978, 0.72057253
0.80260968, 0.52186969
-0.00922657, 0.23085654, 0.00926573
0.0, -0.49998474, 0.86602372
0.79175979, 0.50307694
-0.00922657, 0.23085654, -0.00568584
0.0, 1.0, 0.0
0.82430965, 0.55051431
-0.00922657, 0.21790813, 0.00178994
0.0, -0.49998474, -0.86602372
0.76695263, 0.55498466
0.02530877, 0.22400025, 0.02150348
0.85674614, 0.0, -0.51570177
0.7383306, 0.85660407
0.01022956, 0.21931621, -0.0035483
0.85674614, 0.0, -0.51570177
0.72935677, 0.80860904
0.01022956, 0.22400025, -0.0035483
0.85674614, 0.0, -0.51570177
0.7383306, 0.80860904
0.0, 0.21790813, 0.00957912
0.0, 0.92001098, 0.39185765
0.74629277, 0.78197956
0.0, -0.13574649, 0.00098138
0.0, -0.73287147, -0.68034911
0.02484663, 0.72772431
0.0, 0.23744492, -0.01919598
0.0, 0.0, -1.0
0.76408833, 0.69715074
0.0, 0.23744492, 0.00957912
0.0, 0.0, 1.0
0.76408845, 0.76781003
0.0, 0.39461052, -0.02098307
0.0, 1.0, 0.0
0.33055007, 0.17834413
0.0, 0.39461052, 0.0110218
0.0, 1.0, 0.0
0.33055007, 0.27428329
0.0, 0.53300303, -0.00444997
0.0, 0.0, -1.0
0.74483293, 0.31055391
0.00282002, 0.43069261, -0.00712565
0.0, 0.99996948, 0.0
0.46596643, 0.15761
0.00282002, 0.43069261, -0.02074179
0.0, 1.0, 0.0
0.46596643, 0.12379855
0.0, 0.13684121, 0.03072708
0.0, 0.97476119, -0.22312082
0.5919041, 0.84387642
0.0, 0.10940301, 0.02980452
0.0, 1.0, 0.0
0.53103244, 0.8405485
0.0, 0.2110976, 0.02556905
0.0, 0.0, 1.0
0.7262463, 0.80970897
0.0, 0.43069261, -0.02074179
0.0, 0.0, -1.0
0.45632744, 0.10292286
0.00318011, 0.58753574, 0.01003556
0.0, 1.0, -3.052e-05
0.97840142, 0.3174572
0.00767745, 0.58753574, -0.00082196
0.0, 1.0, 0.0
0.98701704, 0.33825701
0.00318011, 0.58753574, -0.00531935
0.0, 0.99996948, 6.104e-05
0.97840142, 0.34687257
0.0, 0.58753574, 0.01003556
0.0, 0.0, 1.0
0.94903684, 0.35859662
0.0, 0.0477464, -0.01919598
0.0, -1.0, 0.0
0.37978223, 0.68358603
0.0, 0.21790813, -0.01919598
0.0, 0.0, -1.0
0.72665912, 0.60016403
0.0, -0.13574649, 0.00098138
0.0, -0.73287147, -0.68034911
0.02484671, 0.56135473
0.0, 0.23744492, 0.00957912
0.0, 0.0, 1.0
0.76408845, 0.52126914
0.0, 0.23744492, 0.00957912
0.0, -1.0, 0.0
0.02944601, 0.02969068
0.0, 0.39461052, 0.0110218
0.0, 1.0, 0.0
0.33055007, 0.03749377
0.0, 0.39461052, 0.0110218
-0.02996918, 0.007416, 0.99951172
0.33055007, 0.03818172
-0.00282002, 0.43069261, -0.00712565
0.0, 0.99996948, 0.0
0.46596649, 0.15761024
-0.00282002, 0.43069261, -0.02074179
0.0, 1.0, 0.0
0.46596652, 0.12379843
0.0, 0.13684121, 0.03072708
0.0, 0.97476119, -0.22312082
0.5919041, 0.44528103
0.0, 0.07381698, 0.09374845
0.0, 0.23319194, 0.97241127
0.45353639, 0.30718088
0.0, 0.10940301, 0.02980452
0.0, 1.0, 0.0
0.53103244, 0.44860899
-0.00318011, 0.58753574, 0.01003556
0.0, 1.0, -3.052e-05
0.96621716, 0.3174572
-0.00318011, 0.58753574, -0.00531935
0.0, 0.99996948, 6.104e-05
0.96621716, 0.34687257
0.0, 0.05359366, -0.01919598
0.0, 1.0, 0.0
0.43699926, 0.60526121
0.0, 0.0477464, -0.01919598
0.0, -1.0, 0.0
0.37978223, 0.60549313
-0.00922657, 0.21790813, 0.00178994
0.0, -0.49998474, 0.86602372
0.76695281, 0.51739919
-0.00922657, 0.23085654, 0.00926573
0.0, 1.0, 0.0
0.82430965, 0.52186969
-0.00922657, 0.23085654, -0.00568584
0.0, -0.49998474, -0.86602372
0.79175961, 0.56930703
0.02530877, 0.21931621, 0.02150348
0.85674614, 0.0, -0.51570177
0.72935677, 0.85660407
# Number of Faces:
370
# Face Data:
0, 1, 2
3, 4, 5
6, 7, 8
9, 10, 11
12, 11, 1
3, 2, 6
13, 10, 14
15, 16, 17
10, 15, 17
18, 19, 13
20, 21, 15
22, 15, 19
23, 24, 25
26, 27, 3
24, 3, 25
28, 29, 30
31, 32, 33
29, 34, 31
28, 35, 36
37, 32, 34
36, 37, 34
38, 39, 35
40, 41, 37
39, 37, 35
42, 43, 44
40, 45, 46
44, 47, 40
48, 49, 50
51, 52, 48
53, 54, 51
55, 56, 53
57, 58, 55
59, 60, 61
62, 63, 54
64, 65, 61
66, 67, 68
60, 69, 70
71, 72, 73
72, 69, 73
74, 75, 72
76, 77, 64
18, 20, 22
60, 78, 76
71, 79, 80
61, 81, 82
83, 84, 71
59, 85, 86
86, 87, 83
5, 88, 2
2, 89, 0
4, 90, 5
91, 92, 93
92, 94, 95
93, 95, 96
91, 96, 97
98, 47, 43
99, 44, 39
100, 101, 42
100, 44, 102
101, 98, 43
103, 104, 105
106, 107, 103
108, 66, 106
109, 67, 108
110, 111, 109
112, 113, 114
115, 116, 117
114, 56, 116
63, 118, 119
113, 54, 56
120, 121, 122
123, 124, 62
125, 114, 115
126, 62, 113
127, 128, 129
130, 118, 124
131, 132, 133
128, 134, 129
129, 132, 127
135, 136, 137
138, 139, 140
141, 142, 143
144, 145, 146
146, 147, 135
146, 148, 143
144, 149, 150
151, 152, 143
144, 152, 153
153, 154, 149
155, 156, 152
152, 157, 153
158, 159, 160
161, 162, 138
138, 159, 163
164, 165, 166
167, 168, 169
164, 169, 170
165, 171, 172
168, 173, 169
170, 173, 171
172, 174, 175
176, 177, 173
173, 174, 171
178, 179, 180
177, 181, 182
182, 178, 180
49, 183, 50
184, 185, 183
186, 187, 185
188, 189, 187
190, 57, 189
191, 192, 193
194, 195, 186
196, 197, 191
198, 199, 68
192, 200, 201
201, 202, 203
200, 204, 201
205, 206, 204
207, 208, 197
156, 154, 157
208, 209, 192
210, 202, 211
212, 191, 213
214, 203, 202
215, 193, 216
217, 216, 203
137, 218, 148
137, 219, 220
139, 221, 222
223, 224, 91
94, 225, 226
226, 223, 227
227, 91, 97
182, 228, 178
229, 180, 230
100, 231, 232
180, 100, 230
228, 231, 178
104, 233, 105
234, 235, 233
236, 237, 235
199, 238, 237
239, 110, 238
240, 241, 242
243, 115, 117
188, 242, 243
194, 118, 244
186, 240, 188
121, 245, 246
244, 247, 195
242, 125, 115
195, 248, 240
249, 250, 251
118, 252, 244
253, 132, 250
134, 249, 251
132, 251, 250
141, 138, 163
254, 255, 256
6, 25, 3
254, 257, 258
258, 257, 255
148, 221, 259
256, 257, 260
256, 260, 254
261, 262, 263
262, 264, 263
263, 265, 261
261, 266, 262
267, 268, 269
0, 12, 1
3, 270, 4
6, 17, 7
9, 14, 10
12, 9, 11
11, 10, 17
17, 6, 11
3, 5, 2
2, 1, 11
11, 6, 2
13, 19, 10
15, 21, 16
10, 19, 15
18, 22, 19
20, 271, 21
22, 20, 15
23, 272, 24
26, 273, 27
24, 26, 3
28, 36, 29
31, 34, 32
29, 36, 34
28, 38, 35
37, 41, 32
36, 35, 37
38, 274, 39
40, 275, 41
39, 40, 37
42, 101, 43
40, 47, 45
40, 39, 44
44, 43, 47
48, 52, 49
51, 54, 52
53, 56, 54
55, 58, 56
57, 276, 58
61, 82, 59
59, 86, 60
60, 76, 61
64, 61, 76
62, 124, 63
64, 77, 65
198, 68, 67
277, 66, 68
67, 278, 198
60, 73, 69
73, 60, 83
60, 86, 83
80, 74, 71
73, 83, 71
71, 74, 72
72, 75, 69
74, 279, 75
76, 78, 77
18, 271, 20
60, 70, 78
71, 84, 79
61, 65, 81
83, 87, 84
59, 280, 85
86, 85, 87
5, 90, 88
2, 88, 89
4, 281, 90
91, 224, 92
92, 224, 94
93, 92, 95
91, 93, 96
98, 45, 47
99, 102, 44
100, 232, 101
100, 42, 44
101, 232, 98
103, 107, 104
106, 66, 107
108, 67, 66
109, 111, 67
110, 282, 111
112, 126, 113
115, 114, 116
114, 113, 56
63, 124, 118
113, 62, 54
122, 283, 120
120, 284, 121
285, 121, 284
123, 130, 124
125, 112, 114
126, 123, 62
127, 131, 128
130, 286, 118
131, 127, 132
128, 287, 134
129, 134, 132
135, 147, 136
138, 259, 139
141, 288, 142
144, 150, 145
146, 145, 147
143, 144, 146
146, 135, 137
148, 259, 138
146, 137, 148
141, 143, 148
148, 138, 141
144, 153, 149
151, 155, 152
144, 143, 152
153, 157, 154
155, 289, 156
152, 156, 157
158, 163, 159
161, 290, 162
138, 162, 159
164, 170, 165
167, 291, 168
164, 167, 169
165, 170, 171
168, 176, 173
170, 169, 173
172, 171, 174
176, 292, 177
173, 177, 174
178, 231, 179
177, 293, 181
180, 174, 177
177, 182, 180
49, 184, 183
184, 186, 185
186, 188, 187
188, 190, 189
190, 276, 57
193, 213, 191
191, 197, 208
208, 192, 191
216, 193, 192
194, 244, 195
196, 207, 197
294, 68, 236
198, 295, 199
199, 236, 68
192, 209, 200
216, 192, 203
204, 206, 202
206, 211, 202
203, 192, 201
204, 202, 201
200, 205, 204
205, 296, 206
207, 297, 208
156, 289, 154
208, 297, 209
210, 214, 202
212, 196, 191
214, 217, 203
215, 298, 193
217, 215, 216
137, 220, 218
137, 136, 219
139, 259, 221
223, 225, 224
94, 224, 225
226, 225, 223
227, 223, 91
182, 181, 228
229, 174, 180
100, 179, 231
180, 179, 100
228, 232, 231
104, 234, 233
234, 236, 235
236, 199, 237
199, 239, 238
239, 282, 110
240, 248, 241
243, 242, 115
188, 240, 242
194, 119, 118
186, 195, 240
246, 299, 122
122, 121, 246
300, 245, 121
244, 252, 247
242, 241, 125
195, 247, 248
249, 253, 250
118, 286, 252
253, 301, 132
134, 302, 249
132, 134, 251
254, 258, 255
254, 260, 257
148, 218, 221
256, 255, 257
262, 303, 264
263, 304, 265
261, 305, 266
267, 306, 268
