# Project Zomboid Skinned Mesh
# File Version:
1.0
# Model Name:
Cube
# Vertex Stride Element Count:
3
# Vertex Stride Size (in bytes):
76
# Vertex Stride Data:
# (Int)    Offset
# (String) Type
0
VertexArray
12
NormalArray
24
TextureCoordArray
# Vertex Count:
173
# Vertex Buffer:
0.00940304, 0.139824, -0.02601835
-0.98709065, -0.1436201, 0.07055879
0.52271682, 0.70165375
0.00622181, 0.03648958, -0.04161344
-0.53489792, 0.38950774, 0.74974823
0.13819158, 0.64362171
0.00940141, 0.02719056, -0.02601836
-0.71269876, 0.58058411, 0.39359722
0.10358831, 0.70165369
0.00510033, 0.09708114, -0.00750675
-0.77196568, -0.6093936, -0.18070009
0.36366335, 0.77053863
0.0, 0.10232747, -0.01593268
0.0, -0.84887236, -0.52855009
0.39799061, 0.74670997
0.00510135, 0.10232747, -0.01593268
-0.30243844, -0.51017791, -0.80510879
0.38318577, 0.73918426
0.0, 0.139824, -0.04161344
0.0, 0.0, 1.0
0.52271682, 0.61275342
0.0, 0.03648958, -0.04161344
0.0, 0.49388105, 0.86950284
0.13819152, 0.61275342
0.00552408, 0.15067847, -0.04161344
-0.51020843, -0.61119419, 0.60502946
0.56310821, 0.6436218
0.0, 0.15067847, -0.02601835
0.0, -1.0, 0.0
0.59122223, 0.70148841
0.0, 0.15067847, -0.04161344
0.0, -0.70708334, 0.70708334
0.56310821, 0.61275342
0.00940141, 0.03205843, -0.01005042
-0.88302255, 0.43171483, -0.1839961
0.12170253, 0.76107314
0.0, 0.01615424, 0.04257187
0.0, 0.80288094, -0.59608752
0.00414754, 0.99566711
0.00940218, 0.01615424, 0.04257187
-0.56346321, 0.66328931, -0.49244666
0.0625203, 0.95688985
0.0, 0.09681945, 0.00584755
0.0, -0.70006406, -0.71404159
0.37440741, 0.82995005
0.00509956, 0.06147169, 0.00584032
-0.23606066, -0.82464063, -0.51399273
0.23115437, 0.82020541
0.0, 0.06147169, 0.00584032
0.0, -0.60530412, -0.79598379
0.25556755, 0.83805691
0.0, 0.02719056, -0.02601836
0.0, 0.85888243, 0.51213109
0.08978783, 0.70165369
0.00940141, 0.02506332, -0.02245085
-0.77800834, 0.4240852, 0.46348462
0.09567251, 0.71492907
0.00940319, 0.139824, -0.01593268
-0.73088777, -0.12665181, -0.67058319
0.52271682, 0.73918426
0.00940319, 0.10232747, -0.01593268
-0.72038943, -0.04010132, -0.69240391
0.38318577, 0.73918426
0.0, 0.01615399, -0.01815838
0.0, 0.99990845, 0.01123081
0.03037558, 0.73090211
0.00940176, 0.01615399, -0.01815838
-0.55064547, 0.8346507, 0.00936918
0.06251941, 0.73090211
0.0, 0.15067847, -0.01593268
0.0, -0.70708334, -0.70708334
0.59122223, 0.73918426
0.00552408, 0.15067847, -0.02601835
-0.57594532, -0.81746882, 0.0
0.56310821, 0.70165378
0.00552408, 0.15067847, -0.01593268
-0.46180609, -0.65544605, -0.59755242
0.56310821, 0.73918426
0.00510147, 0.09681945, 0.00584755
0.0, -0.70006406, -0.71407211
0.36249223, 0.81926021
0.00940129, 0.05129533, 0.04257187
-0.59288311, -0.48750266, -0.64091921
0.19328636, 0.95688985
0.00940141, 0.06147169, 0.00584032
-0.70714438, -0.68132573, -0.18887906
0.23115435, 0.82020542
0.00509962, 0.06240912, 0.00246712
-0.37525558, -0.92471081, 0.06357005
0.23464268, 0.8076531
0.00940147, 0.06701164, -0.01415614
-0.87142551, -0.2969451, -0.39036226
0.25176951, 0.74579516
0.00510147, 0.09344603, 0.00247413
-0.90453809, 0.30140081, 0.30149236
0.35013646, 0.8076793
0.00510033, 0.09344603, -0.00750675
-0.80153811, 0.55467391, -0.22327341
0.35013646, 0.77053863
0.0, 0.06701164, -0.01415614
0.0, -0.60545671, -0.79586166
0.2684685, 0.75758693
0.00510033, 0.08705698, -0.01415614
-0.15506455, 0.16013062, -0.97482222
0.32636163, 0.74579516
0.00510033, 0.06701164, -0.01415614
0.0, -0.60545671, -0.79586166
0.25176948, 0.74579516
0.0, 0.09344603, 0.00247413
0.0, 0.70702231, 0.7071749
0.33337727, 0.79687241
0.0, 0.09344603, -0.00750675
0.0, 0.92764062, -0.37342447
0.33349758, 0.77566528
0.0, 0.06240912, 0.00246691
0.0, -0.79595327, 0.60533464
0.2646957, 0.79451245
0.00196026, 0.15067847, -0.04041358
-0.38267159, 0.0, 0.92385632
0.72236699, 0.77344978
0.00473249, 0.17521226, -0.03764135
-0.71727651, -0.63023776, 0.29709768
0.81366163, 0.78803876
0.00196026, 0.17521226, -0.04041358
-0.29709768, -0.63023776, 0.71727651
0.81366163, 0.77344975
0.00473249, 0.15067847, -0.03764135
-0.92385632, 0.0, 0.38267159
0.72236699, 0.78803876
0.00473249, 0.17521226, -0.03372083
-0.71727651, -0.63023776, -0.29709768
0.81366163, 0.80262783
0.00473249, 0.15067847, -0.03372083
-0.92385632, 0.0, -0.38267159
0.72236699, 0.80262783
0.00196026, 0.17521226, -0.0309486
-0.29709768, -0.63023776, -0.71727651
0.81366163, 0.81721684
0.00940147, 0.08705698, -0.01415614
-0.69417399, -0.04159673, -0.71858883
0.32636163, 0.74579516
0.0, 0.139824, -0.01593268
0.0, 0.0, -1.0
0.52271682, 0.74670997
0.00196026, 0.15067847, -0.0309486
-0.38267159, 0.0, -0.92385632
0.72236699, 0.81721678
0.0, 0.17521226, -0.0309486
0.0, -0.70708334, -0.70708334
0.81366163, 0.82451135
0.0, 0.15067847, -0.04041358
0.0, 0.0, 1.0
0.72236699, 0.76615527
0.0, 0.17521226, -0.04041358
0.0, -0.70708334, 0.70708334
0.81366163, 0.76615524
0.0, 0.02344964, -0.03868857
0.0, 0.83547473, 0.54948574
0.7062211, 0.07272416
0.00379556, 0.02866966, -0.02688161
-0.50849938, 0.78749961, -0.34815514
0.74566752, 0.12547338
0.00379556, 0.02344964, -0.03868857
-0.55821407, 0.69319743, 0.45591602
0.72624296, 0.0815376
0.00379556, 0.03523548, -0.03858209
-0.5623951, -0.00744652, 0.82680744
0.77010006, 0.08193386
0.0, 0.03523548, -0.03858209
0.0, -0.00903348, 0.99993896
0.75565571, 0.06993514
0.0, 0.05129533, 0.04257187
0.0, -0.60539567, -0.79592276
0.21887286, 0.99566711
0.00370322, 0.04082415, -0.04161344
-0.58696252, 0.73522139, 0.33890805
0.87854934, 0.10981423
0.00370322, 0.04441408, -0.04440766
-0.60533464, -0.42027038, 0.67592394
0.89190805, 0.09941643
0.00370322, 0.04211218, -0.04440766
-0.60350353, 0.42988372, 0.67149878
0.88334227, 0.09941643
0.00138476, 0.15058294, -0.04161344
-0.2778405, -0.37614062, 0.88390762
0.9658038, 0.11142254
0.0, 0.14395876, -0.04486767
0.0, 0.33252966, 0.94308299
0.94115406, 0.0993129
0.00138476, 0.14294674, -0.04161344
-0.64198738, 0.61095005, 0.46317941
0.93738818, 0.11142254
0.0, 0.04579227, -0.04161344
0.0, -0.89681691, 0.44233528
0.90357113, 0.10981423
0.00370322, 0.04579227, -0.04161344
-0.57799006, -0.73183388, 0.36097294
0.89703655, 0.10981423
0.0, 0.04441408, -0.04440766
0.0, -0.52803123, 0.84920806
0.89190805, 0.09350425
0.0, 0.04082415, -0.04161344
0.0, 0.90813929, 0.4186224
0.87231231, 0.10981417
0.0, 0.15058294, -0.04161344
0.0, -0.44093144, 0.89751887
0.9671604, 0.10654306
0.0, 0.14294674, -0.04161344
0.0, 0.95486313, 0.2969451
0.93369859, 0.10839319
0.00510033, 0.09708114, -0.00750675
-0.71471298, 0.35270241, -0.60396129
0.6418522, 0.18333149
0.00351762, 0.1397126, 0.01926274
-0.52275157, -0.67372662, -0.52226323
0.80049133, 0.28294539
0.00510135, 0.10232747, -0.01593268
-0.66301459, -0.52781761, 0.53080845
0.66137463, 0.15197712
0.0, 0.10232747, -0.01593268
0.0, -0.68544573, 0.72811061
0.68839538, 0.12744451
0.0, 0.09708114, -0.00750675
0.0, 0.53175449, -0.84685814
0.62503815, 0.21573609
0.00776024, 0.04413953, 0.05995202
-0.59379864, -0.4824366, -0.64387953
0.94501692, 0.94993835
0.00776024, 0.01949759, 0.04257187
-0.77208775, 0.59962767, 0.21045564
0.85332, 0.88526378
0.00776024, 0.0133971, 0.05995203
-0.56163216, 0.67500842, -0.47843868
0.83061904, 0.94993835
0.0, 0.0133971, 0.05995203
0.0, 0.81582081, -0.57826471
0.79152453, 0.95941493
0.0, 0.01949759, 0.04257187
0.0, 0.94354075, 0.33118686
0.81256688, 0.88526378
0.0, 0.04413953, 0.05995202
0.0, -0.59959716, -0.80028689
0.98102355, 0.95758311
0.00776024, 0.0492269, 0.04257187
-0.63347268, -0.74257636, -0.21735282
0.96394789, 0.88526378
-0.00622181, 0.03648958, -0.04161344
0.53489792, 0.38950774, 0.74974823
0.13819158, 0.35699254
-0.00940304, 0.139824, -0.02601835
0.98709065, -0.1436201, 0.07055879
0.52271682, 0.29896051
-0.00940141, 0.02719056, -0.02601836
0.71269876, 0.58058411, 0.39359722
0.10358832, 0.29896069
-0.00510033, 0.09708114, -0.00750675
0.77196568, -0.6093936, -0.18070009
0.36366335, 0.23007566
0.0, 0.10232747, -0.01593268
0.0, -0.84887236, -0.52855009
0.39799061, 0.25390428
0.0, 0.09708114, -0.00750675
0.0, -0.95873898, -0.2842494
0.38277504, 0.22356772
0.0, 0.139824, -0.04161344
0.0, 0.0, 1.0
0.52271682, 0.38786089
-0.00622343, 0.139824, -0.04161344
0.63988161, -0.02066103, 0.76815087
0.52271682, 0.35699248
0.0, 0.15067847, -0.02601835
0.0, -1.0, 0.0
0.59122223, 0.29912591
-0.00552408, 0.15067847, -0.04161344
0.51020843, -0.61119419, 0.60502946
0.56310821, 0.35699248
0.0, 0.15067847, -0.04161344
0.0, -0.70708334, 0.70708334
0.56310821, 0.38786089
-0.00940141, 0.03205843, -0.01005042
0.88302255, 0.43171483, -0.1839961
0.12170253, 0.23954111
0.0, 0.01615424, 0.04257187
0.0, 0.80288094, -0.59608752
0.00414755, 0.00494725
0.0, 0.03205843, -0.01005042
0.0, 0.91991943, -0.39210182
0.07930639, 0.22836608
0.0, 0.09681945, 0.00584755
0.0, -0.70006406, -0.71404159
0.37440738, 0.17066425
-0.00509956, 0.06147169, 0.00584032
0.23606066, -0.82464063, -0.51399273
0.23115437, 0.18040884
-0.00510147, 0.09681945, 0.00584755
0.0, -0.70006406, -0.71407211
0.36249223, 0.18135405
-0.00940141, 0.02506332, -0.02245085
0.77800834, 0.4240852, 0.46348462
0.09567252, 0.28568524
0.0, 0.02719056, -0.02601836
0.0, 0.85888243, 0.51213109
0.08978785, 0.29896069
-0.00940319, 0.139824, -0.01593268
0.73088777, -0.12665181, -0.67058319
0.52271682, 0.26143003
-0.00940319, 0.10232747, -0.01593268
0.72038943, -0.04010132, -0.69240391
0.38318577, 0.26143003
0.0, 0.01615399, -0.01815838
0.0, 0.99990845, 0.01123081
0.03037556, 0.26971215
0.0, 0.02506332, -0.02245085
0.0, 0.67503893, 0.73775446
0.07772766, 0.28568524
-0.00552408, 0.15067847, -0.02601835
0.57594532, -0.81746882, 0.0
0.56310821, 0.29896051
0.0, 0.15067847, -0.01593268
0.0, -0.70708334, -0.70708334
0.59122223, 0.26143003
-0.00552408, 0.15067847, -0.01593268
0.46180609, -0.65544605, -0.59755242
0.56310821, 0.26143003
0.0, 0.03648958, -0.04161344
0.0, 0.49388105, 0.86950284
0.13819158, 0.38786089
-0.00940176, 0.01615399, -0.01815838
0.55064547, 0.8346507, 0.00936918
0.0625194, 0.26971215
-0.00940129, 0.05129533, 0.04257187
0.59288311, -0.48750266, -0.64091921
0.19328636, 0.04372448
-0.00940218, 0.01615424, 0.04257187
0.56346321, 0.66328931, -0.49244666
0.0625203, 0.04372448
-0.00509962, 0.06240912, 0.00246712
0.37525558, -0.92471081, 0.06357005
0.23464268, 0.19296116
-0.00940141, 0.06147169, 0.00584032
0.70714438, -0.68132573, -0.18887906
0.23115435, 0.1804089
-0.00510147, 0.09344603, 0.00247413
0.90453809, 0.30140081, 0.30149236
0.35013646, 0.19293499
-0.00510147, 0.09681945, 0.00584755
0.99996948, 0.0, 0.0
0.36268947, 0.18038195
-0.00510033, 0.08705698, -0.01415614
0.15506455, 0.16013062, -0.97482222
0.32636163, 0.2548191
0.0, 0.06701164, -0.01415614
0.0, -0.60545671, -0.79586166
0.2684685, 0.24302733
-0.00510033, 0.06701164, -0.01415614
0.0, -0.60545671, -0.79586166
0.25176948, 0.2548191
0.0, 0.09344603, 0.00247413
0.0, 0.70702231, 0.7071749
0.3333773, 0.20374185
-0.00510033, 0.09344603, -0.00750675
0.80153811, 0.55467391, -0.22327341
0.35013646, 0.23007566
0.0, 0.09344603, -0.00750675
0.0, 0.92764062, -0.37342447
0.33349758, 0.224949
0.0, 0.06240912, 0.00246691
0.0, -0.79595327, 0.60533464
0.26469573, 0.20610183
-0.00473249, 0.17521226, -0.03764135
0.71727651, -0.63023776, 0.29709768
0.81366163, 0.78803873
-0.00196026, 0.15067847, -0.04041358
0.38267159, 0.0, 0.92385632
0.72236699, 0.77344972
-0.00196026, 0.17521226, -0.04041358
0.29709768, -0.63023776, 0.71727651
0.81366163, 0.77344978
-0.00473249, 0.17521226, -0.03372083
0.71727651, -0.63023776, -0.29709768
0.81366163, 0.8026278
-0.00473249, 0.15067847, -0.03764135
0.92385632, 0.0, 0.38267159
0.72236699, 0.78803873
-0.00196026, 0.17521226, -0.0309486
0.29709768, -0.63023776, -0.71727651
0.81366163, 0.81721675
-0.00473249, 0.15067847, -0.03372083
0.92385632, 0.0, -0.38267159
0.72236699, 0.8026278
-0.00940147, 0.06701164, -0.01415614
0.87142551, -0.2969451, -0.39036226
0.25176951, 0.25481904
-0.00940147, 0.08705698, -0.01415614
0.69417399, -0.04159673, -0.71858883
0.32636163, 0.2548191
0.0, 0.139824, -0.01593268
0.0, 0.0, -1.0
0.52271682, 0.25390428
-0.00196026, 0.15067847, -0.0309486
0.38267159, 0.0, -0.92385632
0.72236699, 0.81721681
-0.00510135, 0.10232747, -0.01593268
0.30243844, -0.51017791, -0.80510879
0.38318577, 0.26143003
-0.00379556, 0.02866966, -0.02688161
0.50849938, 0.78749961, -0.34815514
0.74566752, 0.12547326
-0.00379556, 0.02344964, -0.03868857
0.55821407, 0.69319743, 0.45591602
0.72624296, 0.08153749
-0.00379556, 0.03523548, -0.03858209
0.5623951, -0.00744652, 0.82680744
0.77010006, 0.08193374
0.0, 0.05129533, 0.04257187
0.0, -0.60539567, -0.79592276
0.21887282, 0.00494725
-0.00370322, 0.04082415, -0.04161344
0.58696252, 0.73522139, 0.33890805
0.87854934, 0.10981417
-0.00370322, 0.04441408, -0.04440766
0.60533464, -0.42027038, 0.67592394
0.89190805, 0.09941638
-0.00370322, 0.04579227, -0.04161344
0.57799006, -0.73183388, 0.36097294
0.89703655, 0.10981417
-0.00138476, 0.15058294, -0.04161344
0.2778405, -0.37614062, 0.88390762
0.9658038, 0.1114226
-0.00138476, 0.14294674, -0.04161344
0.64198738, 0.61095005, 0.46317941
0.93738812, 0.1114226
-0.00370322, 0.04211218, -0.04440766
0.60350353, 0.42988372, 0.67149878
0.88334227, 0.09941638
0.0, 0.04211218, -0.04440766
0.0, 0.53913999, 0.84218878
0.88334227, 0.09350437
-0.00510033, 0.09708114, -0.00750675
0.71471298, 0.35270241, -0.60396129
0.6418522, 0.18333149
-0.00510135, 0.10232747, -0.01593268
0.66301459, -0.52781761, 0.53080845
0.66137463, 0.15197712
-0.00351762, 0.1397126, 0.01926274
0.52275157, -0.67372662, -0.52226323
0.80049133, 0.28294539
-0.00776024, 0.01949759, 0.04257187
0.77208775, 0.59962767, 0.21045564
0.85332006, 0.88526373
-0.00776024, 0.04413953, 0.05995202
0.59379864, -0.4824366, -0.64387953
0.94501698, 0.94993835
-0.00776024, 0.0133971, 0.05995203
0.56163216, 0.67500842, -0.47843868
0.83061904, 0.94993835
-0.00776024, 0.0492269, 0.04257187
0.63347268, -0.74257636, -0.21735282
0.96394795, 0.88526373
0.0, 0.17521226, -0.0309486
0.0, -0.70708334, -0.70708334
0.83127218, 0.81294385
-0.00473249, 0.17521226, -0.03372083
0.71727651, -0.63023776, -0.29709768
0.84888279, 0.80262783
-0.00473249, 0.17521226, -0.03764135
0.71727651, -0.63023776, 0.29709768
0.84888279, 0.78803876
0.00622343, 0.139824, -0.04161344
-0.63988161, -0.02066103, 0.76815087
0.52271682, 0.6436218
0.0, 0.09708114, -0.00750675
0.0, -0.95873898, -0.2842494
0.38277504, 0.77704656
0.0, 0.03205843, -0.01005042
0.0, 0.91991943, -0.39210182
0.07930642, 0.77224818
0.0, 0.02506332, -0.02245085
0.0, 0.67503893, 0.73775446
0.07772766, 0.71492907
0.00510147, 0.09681945, 0.00584755
-0.99996948, 0.0, 0.0
0.36268947, 0.8202323
0.0, 0.08705698, -0.01415614
0.0, 0.39185765, -0.92001098
0.31847534, 0.76027289
0.0, 0.15067847, -0.0309486
0.0, 0.0, -1.0
0.72236699, 0.82451129
0.0, 0.02866966, -0.02688161
0.0, 0.91457868, -0.40433973
0.72746474, 0.1218549
0.0, 0.1397213, 0.01925743
0.0, -0.7923826, -0.61000395
0.83304507, 0.30793226
0.0, 0.0492269, 0.04257187
0.0, -0.95971555, -0.28092289
0.9974888, 0.88526378
0.0, 0.06147169, 0.00584032
0.0, -0.60530412, -0.79598379
0.25556755, 0.16255736
0.0, 0.08705698, -0.01415614
0.0, 0.39185765, -0.92001098
0.31847537, 0.24034137
-0.00196026, 0.17521226, -0.04041358
0.29709768, -0.63023776, 0.71727651
0.83856678, 0.77772272
0.0, 0.17521226, -0.04041358
0.0, -0.70708334, 0.70708334
0.83127224, 0.77772272
0.00196026, 0.17521226, -0.04041358
-0.29709768, -0.63023776, 0.71727651
0.82397765, 0.77772272
0.00196026, 0.17521226, -0.0309486
-0.29709768, -0.63023776, -0.71727651
0.82397765, 0.81294385
-0.00196026, 0.17521226, -0.0309486
0.29709768, -0.63023776, -0.71727651
0.83856678, 0.81294385
# Number of Faces:
230
# Face Data:
0, 1, 2
3, 4, 5
1, 6, 7
8, 9, 10
11, 12, 13
14, 15, 16
17, 18, 2
4, 19, 20
18, 21, 22
23, 24, 25
1, 17, 2
14, 3, 26
21, 11, 22
12, 27, 13
28, 29, 30
31, 3, 32
33, 34, 35
32, 36, 31
34, 37, 32
33, 29, 38
15, 31, 29
39, 40, 41
42, 43, 40
44, 45, 43
30, 34, 46
47, 25, 19
48, 49, 45
6, 8, 10
0, 25, 24
50, 41, 51
5, 32, 3
5, 46, 34
11, 28, 30
52, 53, 54
55, 54, 53
56, 54, 55
16, 15, 57
58, 59, 60
61, 62, 63
64, 59, 65
66, 60, 59
60, 67, 58
62, 61, 68
63, 62, 69
36, 29, 31
70, 71, 72
71, 73, 72
74, 71, 70
75, 76, 77
78, 75, 77
79, 77, 76
80, 81, 75
82, 83, 84
85, 86, 87
82, 88, 89
90, 91, 92
93, 94, 95
96, 97, 98
99, 100, 84
101, 86, 102
99, 103, 104
105, 106, 107
82, 100, 108
85, 96, 98
93, 103, 109
110, 94, 111
112, 97, 113
114, 85, 115
116, 117, 118
119, 120, 114
121, 116, 120
112, 117, 122
114, 97, 112
123, 124, 125
126, 127, 123
128, 129, 126
116, 130, 131
107, 132, 101
49, 133, 128
88, 91, 89
107, 83, 105
89, 91, 83
125, 50, 51
134, 120, 116
131, 134, 116
113, 110, 93
135, 52, 136
137, 135, 136
136, 56, 137
110, 97, 138
139, 140, 141
142, 143, 62
140, 64, 141
144, 66, 140
144, 67, 145
62, 68, 142
143, 69, 62
112, 119, 114
146, 147, 148
73, 148, 147
148, 74, 146
149, 150, 151
150, 78, 151
151, 79, 149
152, 80, 150
153, 154, 155
91, 105, 83
156, 0, 8
24, 8, 0
0, 156, 1
3, 157, 4
1, 156, 6
8, 24, 9
11, 158, 12
14, 26, 15
17, 159, 18
4, 47, 19
18, 159, 21
23, 9, 24
1, 7, 17
14, 157, 3
21, 158, 11
12, 57, 27
35, 30, 29
28, 15, 29
31, 160, 3
33, 161, 34
32, 37, 36
34, 161, 37
33, 35, 29
15, 160, 31
39, 42, 40
42, 44, 43
44, 48, 45
30, 35, 34
47, 23, 25
48, 162, 49
6, 156, 8
0, 19, 25
50, 39, 41
5, 34, 32
5, 20, 46
19, 0, 20
18, 22, 11
0, 2, 20
30, 46, 2
20, 2, 46
11, 13, 27
30, 2, 11
27, 28, 11
2, 18, 11
52, 163, 53
56, 52, 54
27, 57, 15
15, 28, 27
58, 65, 59
64, 66, 59
66, 145, 60
60, 145, 67
36, 38, 29
71, 164, 73
74, 164, 71
75, 81, 76
78, 80, 75
79, 78, 77
80, 165, 81
82, 89, 83
85, 134, 86
82, 108, 88
90, 105, 91
93, 111, 94
96, 166, 97
99, 104, 100
101, 132, 86
99, 109, 103
105, 90, 106
82, 84, 100
85, 87, 96
93, 95, 103
110, 138, 94
113, 130, 112
118, 112, 130
114, 120, 85
116, 167, 117
119, 121, 120
121, 167, 116
112, 118, 117
114, 115, 97
123, 127, 124
126, 129, 127
128, 133, 129
116, 118, 130
107, 106, 132
49, 162, 133
88, 92, 91
107, 101, 83
125, 124, 50
134, 85, 120
131, 102, 134
84, 83, 102
102, 131, 84
83, 101, 102
93, 109, 99
99, 84, 93
130, 113, 93
84, 131, 130
110, 111, 93
93, 84, 130
135, 163, 52
136, 52, 56
166, 138, 97
110, 113, 97
139, 144, 140
140, 66, 64
144, 145, 66
144, 139, 67
112, 122, 119
73, 164, 148
148, 164, 74
149, 152, 150
150, 80, 78
151, 78, 79
152, 165, 80
155, 168, 169
169, 170, 40
40, 43, 153
171, 153, 43
172, 154, 153
155, 169, 153
40, 153, 169
