# Project Zomboid Skinned Mesh
# File Version:
1.0
# Model Name:
Cube
# Vertex Stride Element Count:
3
# Vertex Stride Size (in bytes):
76
# Vertex Stride Data:
# (Int)    Offset
# (String) Type
0
VertexArray
12
NormalArray
24
TextureCoordArray
# Vertex Count:
293
# Vertex Buffer:
0.01266218, 0.12351194, 0.01632079
0.70708334, 0.0, 0.70708334
0.56477499, 0.76008189
0.01266214, 0.08951156, -0.01631572
0.70082706, -0.2080752, -0.6823023
0.49882448, 0.69677675
0.01266215, 0.12351182, -0.02564813
0.67824334, -0.09811701, -0.72823268
0.56477499, 0.67867476
0.0, 0.23597956, -0.02564813
0.0, 0.70708334, -0.70708334
0.78292513, 0.65090501
0.01266218, 0.23597959, 0.01632079
0.57734919, 0.57734919, 0.57734919
0.78292513, 0.7600421
0.01266221, 0.23597956, -0.02564813
0.57734919, 0.57734919, -0.57734919
0.78292513, 0.67867512
0.01266215, 0.12351182, -0.02564813
0.67824334, -0.09811701, -0.72823268
0.56487924, 0.67867512
0.0, 0.08951156, -0.01631572
0.0, -0.29169592, -0.95648062
0.49882448, 0.6694786
0.0, 0.12351194, -0.02564813
0.0, -0.13351847, -0.99102753
0.56487924, 0.65090501
0.0, 0.12351194, 0.01632079
0.0, 0.0, 0.99996948
0.56487924, 0.78694263
0.01266218, 0.09767738, 0.01632079
0.92324597, 0.29319131, 0.24817652
0.5147928, 0.7600421
0.01266218, 0.12351194, 0.01632079
0.70708334, 0.0, 0.70708334
0.56487924, 0.7600421
0.0, 0.23597959, 0.01632079
0.0, 0.70708334, 0.70708334
0.78292507, 0.78694263
0.01266218, 0.23597959, 0.01632079
0.57734919, 0.57734919, 0.57734919
0.78292871, 0.76008189
0.01266218, 0.10084701, 0.03524814
0.65147865, 0.75444806, 0.07971434
0.47803125, 0.81354983
0.01266214, 0.0613949, 0.02123055
0.83867913, -0.42994475, 0.33420819
0.40154356, 0.78637326
0.01266214, 0.0613949, -0.00686861
0.6621601, -0.44523454, -0.60271007
0.40154356, 0.73189628
0.0, 0.08951156, -0.01631572
0.0, -0.29169592, -0.95648062
0.48465905, 0.6694786
0.01266214, 0.08951156, -0.01631572
0.70082706, -0.2080752, -0.6823023
0.48465905, 0.70237237
0.0, 0.10084701, 0.03524814
0.0, 0.99444562, 0.10507523
0.50227529, 0.82485166
0.01266218, 0.09767738, 0.01632079
0.92324597, 0.29319131, 0.24817652
0.48618829, 0.77125035
0.0, 0.09767738, 0.01632079
0.0, 0.76326793, 0.64607686
0.51066518, 0.79834171
0.01266214, -0.13237235, 0.01566927
0.5836665, -0.60640275, -0.53996396
0.0258786, 0.77559118
0.0, 0.0613949, -0.00686861
0.0, -0.59416485, -0.80431533
0.3981283, 0.69934425
0.01266214, -0.13237235, 0.10230838
0.5593127, -0.45927304, 0.690054
0.0258786, 0.94356233
0.0, -0.13237235, 0.01566927
0.0, -0.74681842, -0.66499829
0.00619713, 0.7502633
0.0, -0.13237235, 0.10230838
0.0, -0.55406356, 0.83245337
0.00619713, 0.97760015
0.01266214, 0.06549262, 0.03440204
0.80855739, -0.58497882, -0.06326487
0.40948814, 0.81190939
0.0, 0.0613949, 0.02123055
0.0, -0.78948331, 0.61372721
0.38302925, 0.81135073
0.0, 0.03885707, 0.08123399
0.0, -0.90856653, 0.41767633
0.32614577, 0.92416429
0.0, 0.06549273, 0.03440204
0.0, -0.99417096, -0.10751671
0.37842137, 0.83518413
0.01266214, 0.07954229, 0.08913689
0.58766443, 0.38874477, 0.70955533
0.43672663, 0.91802622
0.01266214, 0.03885707, 0.08123399
0.56212044, -0.75142676, 0.34543902
0.35784835, 0.90270457
0.0, 0.07954229, 0.08913689
0.0, 0.48048341, 0.87697989
0.44933298, 0.94502688
0.0, 0.0613949, 0.02123055
0.0, -0.78948331, 0.61372721
0.0484269, 0.66843551
0.01266214, 0.0613949, -0.00686861
0.6621601, -0.44523454, -0.60271007
0.02387828, 0.61395857
0.01266214, 0.0613949, 0.02123055
0.83867913, -0.42994475, 0.33420819
0.02387828, 0.66843551
0.00785266, 0.12364483, -0.02572628
0.56990266, -0.72832423, -0.38035217
0.81023103, 0.07695562
0.00785266, 0.14810964, -0.03454854
0.77303386, 0.17087314, -0.6108585
0.85766196, 0.05985171
0.00785266, 0.16657978, -0.02572628
0.54118472, 0.71251565, -0.44651631
0.89347082, 0.07695562
0.0026463, 0.55230963, -0.02113925
0.29709768, 0.63023776, -0.71727651
0.61524147, 0.14649189
0.0, 0.53259349, -0.02113925
0.0, -0.44718772, -0.89440596
0.57701701, 0.14010274
0.0, 0.55230963, -0.02113925
0.0, 0.70708334, -0.70708334
0.61524147, 0.14010274
0.00785266, 0.16105102, -0.03454854
0.61262858, 0.38270211, -0.69148839
0.88275212, 0.05985171
0.0, 0.16657978, -0.02572628
0.0, 0.84734643, -0.53102207
0.89347082, 0.06420654
0.00638873, 0.55230963, -0.01739684
0.71727651, 0.63023776, -0.29709768
0.61524147, 0.15668774
0.0026463, 0.53259349, -0.02113925
0.35456404, -0.37607959, -0.85604417
0.57701701, 0.14649189
0.00638872, 0.55230963, -0.01210422
0.71727651, 0.63023776, 0.29709768
0.61524147, 0.16694868
0.00638873, 0.53259349, -0.01739684
0.85604417, -0.37607959, -0.35456404
0.57701701, 0.15668774
0.0, 0.44077986, 0.01449997
0.0, 0.70708334, 0.70708334
0.39901373, 0.28052753
0.0026463, 0.44077986, 0.01060512
0.22745445, 0.80416274, 0.54911953
0.39901367, 0.26630884
0.0, 0.44077986, 0.01060515
0.0, 0.70708334, 0.70708334
0.3990137, 0.27840906
0.00264629, 0.55230963, -0.0083618
0.29709768, 0.63023776, 0.71727651
0.61524147, 0.17711926
0.00638872, 0.53259349, -0.01210422
0.85604417, -0.37607959, 0.35456404
0.57701701, 0.16694868
0.0, 0.16105102, -0.03454854
0.0, 0.48423719, -0.87493515
0.88275212, 0.04651356
0.0, 0.55230963, -0.0083618
0.0, 0.70708334, 0.70708334
0.61524147, 0.18355155
0.00264629, 0.53259349, -0.0083618
0.35462508, -0.37604907, 0.85604417
0.57701701, 0.17711926
0.00638872, 0.53259349, 0.0068627
0.71727651, 0.63023776, 0.29709768
0.57701701, 0.25450212
0.00638873, 0.44077986, 0.00157012
0.54911953, 0.80416274, -0.22742394
0.39901367, 0.24424106
0.00638873, 0.53259349, 0.00157012
0.71727651, 0.63023776, -0.29709768
0.57701701, 0.24424106
0.0, 0.13303165, -0.04370008
0.0, -0.26865444, -0.96322519
0.82842958, 0.02738661
0.00785266, 0.13303165, -0.04370008
0.57402265, -0.21997741, -0.78868985
0.82842958, 0.04210907
0.00638873, 0.44077986, 0.0068627
0.54911953, 0.80416274, 0.22745445
0.39901367, 0.25450224
0.01028359, 0.44077986, -4.317e-05
0.71727651, 0.63023776, -0.29709768
0.3990137, 0.24111325
0.0026463, 0.44077986, -0.00217233
0.22745445, 0.80416274, -0.54911953
0.39901367, 0.2337963
0.0026463, 0.53259349, -0.00217233
0.29709768, 0.63023776, -0.71727651
0.57701701, 0.2337963
0.00264629, 0.53259349, 0.01060512
0.29709768, 0.63023776, 0.71727651
0.57701701, 0.26630884
0.0, 0.53259349, 0.01060512
0.0, 0.70708334, 0.70708334
0.57701701, 0.27840906
0.0, 0.44077986, -0.0021723
0.0, 0.70708334, -0.70708334
0.39901373, 0.22346097
0.0, 0.53259349, -0.00217233
0.0, 0.70708334, -0.70708334
0.57701701, 0.22346097
0.0, 0.14810964, -0.03454854
0.0, 0.26935637, -0.96301156
0.85766196, 0.04008192
0.00491184, 0.13732599, 0.0312268
0.64775538, 0.29758599, 0.70128483
0.88681877, 0.8272406
0.0, 0.10084701, 0.03524814
0.0, 0.10956145, 0.99395734
0.81748295, 0.84566315
0.00491184, 0.10084701, 0.03524814
0.71938229, 0.07608265, 0.69038969
0.81609535, 0.83503707
0.01014286, 0.29047063, -0.0083618
0.70708334, 0.0, -0.70708334
0.88862497, 0.71220499
0.01014286, 0.23597959, 0.01632079
0.70708334, 0.0, 0.70708334
0.78292871, 0.76008189
0.01014286, 0.23597959, -0.0083618
0.70708334, 0.0, -0.70708334
0.78292871, 0.71220499
0.00491185, 0.13258326, 0.0288554
0.87334818, -0.31858271, -0.36844996
0.87762344, 0.82264301
0.0049119, 0.10802218, 0.03021049
0.90810877, 0.28406629, -0.30759606
0.83000594, 0.82527037
0.0, 0.10802218, 0.03021049
0.0, 0.67842644, -0.73464155
0.83651179, 0.81878278
0.0, 0.13258326, 0.0288554
0.0, -0.6540727, -0.75640124
0.87199736, 0.81631726
0.00491184, 0.15528101, 0.01632079
0.40357676, 0.58439893, 0.70393991
0.92162877, 0.79834171
0.0, 0.13732599, 0.0312268
0.0, 0.39063692, 0.92052978
0.89056718, 0.8356728
0.00491184, 0.13512404, 0.01632079
0.7480697, -0.65034944, -0.13180944
0.88254946, 0.79834171
0.0, 0.13512404, 0.01632079
0.0, -0.98004091, -0.19864498
0.8764466, 0.7971824
0.00491184, 0.10768344, 0.01632079
0.71251565, 0.7014069, -0.01709037
0.82934922, 0.79834171
0.00425962, 0.44077986, -0.00606715
0.29709768, 0.63023776, -0.71727651
0.39901367, 0.23065871
0.0, 0.29047063, -0.0083618
0.0, 0.0, -1.0
0.8885693, 0.69252446
0.01014286, 0.29047063, 0.01632079
0.70708334, 0.0, 0.70708334
0.8885693, 0.7600421
0.0, 0.23597959, 0.01632079
0.0, 0.0, 1.0
0.78292513, 0.77970651
0.01014286, 0.23597959, 0.01632079
0.70708334, 0.0, 0.70708334
0.78292513, 0.7600421
0.00425961, 0.44077986, 0.01449997
0.29709768, 0.63023776, 0.71727651
0.39901367, 0.26863915
0.0, 0.44077986, -0.00606715
0.0, 0.70708334, -0.70708334
0.3990137, 0.22118479
0.01028359, 0.40453103, -4.317e-05
0.92385632, 0.0, -0.38267159
0.32873696, 0.24111336
0.01028359, 0.40453103, 0.008476
0.92385632, 0.0, 0.38267159
0.32873696, 0.25762981
0.01028359, 0.44077986, 0.008476
0.71727651, 0.63023776, 0.29709768
0.39901367, 0.25762981
0.00425962, 0.40453103, -0.00606715
0.38267159, 0.0, -0.92385632
0.32873696, 0.23065871
0.00425961, 0.40453103, 0.01449997
0.38267159, 0.0, 0.92385632
0.32873696, 0.26863915
0.0, 0.40453103, 0.01449997
0.0, 0.0, 1.0
0.32873696, 0.28052753
0.0, 0.52745259, -0.03536777
0.0, -0.09674367, -0.99530017
0.9424789, 0.04823869
0.0, 0.54473305, -0.02113925
0.0, 0.63563949, -0.77196568
0.9787358, 0.07153785
0.0026463, 0.54473305, -0.02113925
0.4036378, 0.54390085, -0.73564869
0.97598135, 0.0758242
0.0, 0.51688254, -0.02113925
0.0, 0.80272835, 0.59633166
0.91840541, 0.07223016
0.00159872, 0.5210669, -0.02677183
0.60899687, 0.77819145, -0.15329447
0.93009901, 0.06490403
0.0, 0.5210669, -0.02677183
0.0, 0.98733485, -0.15863521
0.92793512, 0.06273276
0.0026463, 0.51688254, -0.02113925
-0.51667839, 0.63847774, 0.57039094
0.9219873, 0.0758242
0.0026463, 0.52197194, -0.02113925
0.21497238, 0.95718253, -0.19376202
0.93185425, 0.0758242
0.01014286, 0.40453103, -0.01539302
0.1727958, 0.56166267, -0.80910671
0.77681017, 0.8539319
0.0169058, 0.29047063, 0.00031653
0.73201698, -0.66435742, -0.15085299
0.5556761, 0.88438874
0.01014286, 0.29047063, -0.01539302
0.1727958, -0.56166267, -0.80910671
0.5556761, 0.8539319
0.0169058, 0.40453103, 0.00031653
0.73201698, 0.66435742, -0.15085299
0.77681017, 0.88438874
0.0169058, 0.29047063, 0.01089949
0.72243416, -0.63576162, 0.27179784
0.5556761, 0.90490633
0.0169058, 0.40453103, 0.01089949
0.72243416, 0.63576162, 0.27179784
0.77681017, 0.90490633
0.00738152, 0.29047063, 0.02176475
0.32224494, -0.624897, 0.71105075
0.5556761, 0.93803645
0.00738152, 0.40453103, 0.02176474
0.32224494, 0.62492752, 0.71105075
0.77681017, 0.93769112
0.0, 0.29047063, 0.02176475
0.0, -0.70708334, 0.70708334
0.5556761, 0.95876016
0.0086933, 0.23597956, -0.01114965
0.92257452, 0.05261391, 0.38215277
0.00195855, 0.1669488
0.00638873, 0.28330624, -0.01739684
0.92355114, 0.02649007, -0.38254952
0.09371287, 0.15668774
0.00638873, 0.28330624, -0.01210422
0.92355114, 0.02649007, 0.38254952
0.09371287, 0.1669488
0.00360089, 0.23597956, -0.00605727
0.38215277, 0.05261391, 0.92257452
0.00195855, 0.17711926
0.0026463, 0.28330624, -0.0083618
0.38251901, 0.02649007, 0.92355114
0.09371287, 0.17711926
0.0026463, 0.28330624, -0.02113925
0.38251901, 0.02649007, -0.92355114
0.09371287, 0.14649189
0.0, 0.23597956, -0.02344384
0.0, 0.04861598, -0.99880975
0.00195855, 0.14010274
0.0, 0.28330624, -0.02113925
0.0, 0.02432325, -0.99969482
0.09371287, 0.14010274
0.0, 0.23597956, -0.00605725
0.0, 0.04861598, 0.99880975
0.00195855, 0.18355155
0.0, 0.28330624, -0.0083618
0.0, 0.02432325, 0.99969482
0.09371287, 0.18355155
0.00360089, 0.23597956, -0.02344384
0.38215277, 0.05261391, -0.92257452
0.00195855, 0.14649189
0.0, 0.29047063, -0.00606715
0.0, -0.89452803, -0.44694358
0.5556761, 0.83470947
0.0, 0.40453103, -0.00606715
0.0, 0.89452803, -0.44694358
0.77681017, 0.83470947
0.0, 0.40453103, 0.02176474
0.0, 0.70708334, 0.70708334
0.77681017, 0.95876016
0.00638872, 0.48848495, -0.01210422
0.70708334, 0.70708334, 0.0
0.49225542, 0.19116741
0.00638872, 0.47949603, 0.00157012
0.70708334, -0.70708334, 0.0
0.47482881, 0.21767849
0.00638872, 0.47949603, -0.01210422
0.70708334, -0.70708334, 0.0
0.47482881, 0.19116741
0.0, 0.47949603, 0.00157012
0.0, -0.99996948, 0.0
0.47482881, 0.21767849
0.0, 0.48848495, -0.01210422
0.0, 0.99996948, 0.0
0.49225542, 0.19116741
0.00638872, 0.48848495, 0.00157012
0.70708334, 0.70708334, 0.0
0.49225542, 0.21767849
-0.01266218, 0.12351194, 0.01632079
-0.70708334, 0.0, 0.70708334
0.56477499, 0.54172787
-0.01266214, 0.08951156, -0.01631572
-0.70082706, -0.2080752, -0.6823023
0.49882448, 0.60503301
-0.01266218, 0.09767738, 0.01632079
-0.92324597, 0.29319131, 0.24817652
0.5146637, 0.54172787
-0.01266218, 0.23597959, 0.01632079
-0.57734919, 0.57734919, 0.57734919
0.78292513, 0.54176804
-0.01266221, 0.23597956, -0.02564813
-0.57734919, 0.57734919, -0.57734919
0.78292513, 0.623135
-0.01266215, 0.12351182, -0.02564813
-0.67824334, -0.09811701, -0.72823268
0.56487924, 0.623135
0.0, 0.08951156, -0.01631572
0.0, -0.29169592, -0.95648062
0.49882448, 0.63233146
0.0, 0.12351194, 0.01632079
0.0, 0.0, 0.99996948
0.56487924, 0.51486745
-0.01266218, 0.12351194, 0.01632079
-0.70708334, 0.0, 0.70708334
0.56487924, 0.54176804
0.0, 0.23597959, 0.01632079
0.0, 0.70708334, 0.70708334
0.78292513, 0.51486745
-0.01266218, 0.23597959, 0.01632079
-0.57734919, 0.57734919, 0.57734919
0.78292871, 0.54172787
-0.01266214, 0.0613949, 0.02123055
-0.83867913, -0.42994475, 0.33420819
0.40154356, 0.51543686
-0.01266218, 0.10084701, 0.03524814
-0.65147865, 0.75444806, 0.07971434
0.47803125, 0.48826021
-0.01266214, 0.0613949, -0.00686861
-0.6621601, -0.44523454, -0.60271007
0.40154356, 0.56991383
0.0, 0.08951156, -0.01631572
0.0, -0.29169592, -0.95648062
0.48465905, 0.63233146
-0.01266214, 0.08951156, -0.01631572
-0.70082706, -0.2080752, -0.6823023
0.48465905, 0.59943771
-0.01266218, 0.09767738, 0.01632079
-0.92324597, 0.29319131, 0.24817652
0.48618829, 0.53055975
0.0, 0.10084701, 0.03524814
0.0, 0.99444562, 0.10507523
0.50227529, 0.47695845
0.0, 0.09767738, 0.01632079
0.0, 0.76326793, 0.64607686
0.51066518, 0.50346842
0.0, 0.0613949, -0.00686861
0.0, -0.59416485, -0.80431533
0.39812836, 0.60246536
-0.01266214, -0.13237235, 0.01566927
-0.5836665, -0.60640275, -0.53996396
0.02587861, 0.52621898
0.0, -0.13237235, 0.01566927
0.0, -0.74681842, -0.66499829
0.00619705, 0.55154726
-0.01266214, -0.13237235, 0.10230838
-0.5593127, -0.45927304, 0.690054
0.02587861, 0.35824782
0.0, -0.13237235, 0.10230838
0.0, -0.55406356, 0.83245337
0.00619711, 0.32421046
0.0, 0.0613949, 0.02123055
0.0, -0.78948331, 0.61372721
0.38302925, 0.49045938
-0.01266214, 0.06549262, 0.03440204
-0.80855739, -0.58497882, -0.06326487
0.40948814, 0.48990065
0.0, 0.03885707, 0.08123399
0.0, -0.90856653, 0.41767633
0.32614577, 0.37764579
-0.01266214, 0.03885707, 0.08123399
-0.56212044, -0.75142676, 0.34543902
0.35784835, 0.39910549
-0.01266214, 0.07954229, 0.08913689
-0.58766443, 0.38874477, 0.70955533
0.43672663, 0.38378388
0.0, 0.07954229, 0.08913689
0.0, 0.48048341, 0.87697989
0.44933298, 0.35678333
-0.01266214, 0.0613949, -0.00686861
-0.6621601, -0.44523454, -0.60271007
0.07297549, 0.61395854
-0.01266214, 0.0613949, 0.02123055
-0.83867913, -0.42994475, 0.33420819
0.07297549, 0.66843551
-0.00785266, 0.16657978, -0.02572628
-0.54118472, 0.71251565, -0.44651631
0.89347082, 0.07695562
-0.00785266, 0.16105102, -0.03454854
-0.61262858, 0.38270211, -0.69148839
0.88275212, 0.05985171
-0.00785266, 0.14810964, -0.03454854
-0.77303386, 0.17087314, -0.6108585
0.85766196, 0.05985171
-0.0026463, 0.55230963, -0.02113925
-0.29709768, 0.63023776, -0.71727651
0.61524147, 0.14649189
-0.0026463, 0.53259349, -0.02113925
-0.35456404, -0.37607959, -0.85604417
0.57701701, 0.14649189
-0.00638873, 0.55230963, -0.01739684
-0.71727651, 0.63023776, -0.29709768
0.61524147, 0.15668774
-0.00638873, 0.53259349, -0.01739684
-0.85604417, -0.37607959, -0.35456404
0.57701701, 0.15668774
-0.00638872, 0.55230963, -0.01210422
-0.71727651, 0.63023776, 0.29709768
0.61524147, 0.16694868
-0.0026463, 0.44077986, 0.01060512
-0.22745445, 0.80416274, 0.54911953
0.39901367, 0.26630884
-0.00638872, 0.53259349, -0.01210422
-0.85604417, -0.37607959, 0.35456404
0.57701701, 0.16694868
-0.00264629, 0.55230963, -0.0083618
-0.29709768, 0.63023776, 0.71727651
0.61524147, 0.17711926
-0.00264629, 0.53259349, -0.0083618
-0.35462508, -0.37604907, 0.85601366
0.57701701, 0.17711926
-0.00638873, 0.44077986, 0.00157012
-0.54911953, 0.80416274, -0.22742394
0.3990137, 0.24424106
-0.00638872, 0.53259349, 0.0068627
-0.71727651, 0.63023776, 0.29709768
0.57701701, 0.25450212
-0.00638873, 0.53259349, 0.00157012
-0.71727651, 0.63023776, -0.29709768
0.57701701, 0.24424106
-0.00785266, 0.12364483, -0.02572628
-0.56990266, -0.72832423, -0.38035217
0.81023103, 0.07695562
-0.00785266, 0.13303165, -0.04370008
-0.57402265, -0.21997741, -0.78868985
0.82842958, 0.04210907
-0.01028359, 0.44077986, 0.008476
-0.71727651, 0.63023776, 0.29709768
0.3990137, 0.25762981
-0.00638873, 0.44077986, 0.0068627
-0.54911953, 0.80416274, 0.22745445
0.3990137, 0.25450212
-0.0026463, 0.44077986, -0.00217233
-0.22745445, 0.80416274, -0.54911953
0.39901367, 0.2337963
-0.0026463, 0.53259349, -0.00217233
-0.29709768, 0.63023776, -0.71727651
0.57701701, 0.2337963
-0.00264629, 0.53259349, 0.01060512
-0.29709768, 0.63023776, 0.71727651
0.57701701, 0.26630884
0.0, 0.10084701, 0.03524814
0.0, 0.10956145, 0.99395734
0.81748295, 0.45614713
-0.00491184, 0.13732599, 0.0312268
-0.64775538, 0.29758599, 0.70128483
0.88681877, 0.4745695
-0.00491184, 0.10084701, 0.03524814
-0.71938229, 0.07608265, 0.69038969
0.81609535, 0.46677309
-0.01014286, 0.23597959, 0.01632079
-0.70708334, 0.0, 0.70708334
0.78292871, 0.54172787
-0.01014286, 0.29047063, -0.0083618
-0.70708334, 0.0, -0.70708334
0.88862497, 0.58960477
-0.01014286, 0.23597959, -0.0083618
-0.70708334, 0.0, -0.70708334
0.78292871, 0.58960477
-0.0049119, 0.10802218, 0.03021049
-0.90810877, 0.28406629, -0.30759606
0.83000594, 0.47653979
-0.00491185, 0.13258326, 0.0288554
-0.87331766, -0.31858271, -0.36844996
0.87762344, 0.47916716
0.0, 0.10802218, 0.03021049
0.0, 0.67842644, -0.73464155
0.83651179, 0.4830274
0.0, 0.13732599, 0.0312268
0.0, 0.39063692, 0.92052978
0.89056724, 0.46613735
-0.00491184, 0.15528101, 0.01632079
-0.40357676, 0.58439893, 0.70393991
0.92162877, 0.50346842
0.0, 0.13512404, 0.01632079
0.0, -0.98004091, -0.19864498
0.8764466, 0.50462773
-0.00491184, 0.13512404, 0.01632079
-0.7480697, -0.65034944, -0.13180944
0.88254946, 0.50346842
-0.00491184, 0.10768344, 0.01632079
-0.71251565, 0.7014069, -0.01709037
0.82934922, 0.50346842
-0.00425962, 0.44077986, -0.00606715
-0.29709768, 0.63023776, -0.71727651
0.39901367, 0.23065871
-0.01028359, 0.44077986, -4.317e-05
-0.71727651, 0.63023776, -0.29709768
0.3990137, 0.24111325
0.0, 0.29047063, -0.0083618
0.0, 0.0, -1.0
0.8885693, 0.60928568
0.0, 0.23597959, 0.01632079
0.0, 0.0, 1.0
0.78292513, 0.52210364
-0.01014286, 0.29047063, 0.01632079
-0.70708334, 0.0, 0.70708334
0.8885693, 0.54176804
-0.01014286, 0.23597959, 0.01632079
-0.70708334, 0.0, 0.70708334
0.78292513, 0.54176804
-0.00425961, 0.44077986, 0.01449997
-0.29709768, 0.63023776, 0.71727651
0.39901367, 0.26863915
-0.01028359, 0.40453103, -4.317e-05
-0.92385632, 0.0, -0.38267159
0.32873696, 0.24111336
-0.01028359, 0.40453103, 0.008476
-0.92385632, 0.0, 0.38267159
0.32873696, 0.25762981
-0.00425962, 0.40453103, -0.00606715
-0.38267159, 0.0, -0.92385632
0.32873696, 0.23065871
-0.00425961, 0.40453103, 0.01449997
-0.38267159, 0.0, 0.92385632
0.32873696, 0.26863915
-0.0026463, 0.54473305, -0.02113925
-0.4036378, 0.54390085, -0.73564869
0.97598135, 0.0758242
0.0, 0.51688254, -0.02113925
0.0, 0.80272835, 0.59633166
0.9219873, 0.0758242
-0.00159872, 0.5210669, -0.02677183
-0.60899687, 0.77819145, -0.15329447
0.93009901, 0.06490409
-0.0026463, 0.51688254, -0.02113925
0.51667839, 0.63847774, 0.57039094
0.9219873, 0.0758242
-0.0026463, 0.52197194, -0.02113925
-0.21497238, 0.95718253, -0.19376202
0.93185425, 0.0758242
-0.0169058, 0.29047063, 0.00031653
-0.73201698, -0.66435742, -0.15085299
0.5556761, 0.88438874
-0.01014286, 0.40453103, -0.01539302
-0.1727958, 0.56166267, -0.80910671
0.77681017, 0.8539319
-0.01014286, 0.29047063, -0.01539302
-0.1727958, -0.56166267, -0.80910671
0.5556761, 0.8539319
-0.0169058, 0.29047063, 0.01089949
-0.72243416, -0.63576162, 0.27179784
0.5556761, 0.90490633
-0.0169058, 0.40453103, 0.00031653
-0.73201698, 0.66435742, -0.15085299
0.77681017, 0.88438874
-0.00738152, 0.29047063, 0.02176475
-0.32224494, -0.624897, 0.71105075
0.5556761, 0.93803638
-0.0169058, 0.40453103, 0.01089949
-0.72243416, 0.63576162, 0.27179784
0.77681017, 0.90490633
-0.00738152, 0.40453103, 0.02176474
-0.32224494, 0.62492752, 0.71105075
0.77681017, 0.93769118
-0.00638873, 0.28330624, -0.01739684
-0.92355114, 0.02649007, -0.38254952
0.09371287, 0.15668774
-0.0086933, 0.23597956, -0.01114965
-0.92257452, 0.05261391, 0.38215277
0.00195855, 0.1669488
-0.00638873, 0.28330624, -0.01210422
-0.92355114, 0.02649007, 0.38254952
0.09371287, 0.1669488
-0.00360089, 0.23597956, -0.00605727
-0.38215277, 0.05261391, 0.92257452
0.00195855, 0.17712176
-0.0026463, 0.28330624, -0.0083618
-0.38251901, 0.02649007, 0.92355114
0.09371287, 0.17711926
-0.0026463, 0.28330624, -0.02113925
-0.38251901, 0.02649007, -0.92355114
0.09371287, 0.14649189
-0.00360089, 0.23597956, -0.02344384
-0.38215277, 0.05261391, -0.92257452
0.00195855, 0.14647388
-0.0086933, 0.23597956, -0.01835141
-0.92257452, 0.05261391, -0.38212225
0.00195855, 0.15668774
-0.00638872, 0.47949603, 0.00157012
-0.70708334, -0.70708334, 0.0
0.47482881, 0.21767849
-0.00638872, 0.48848495, -0.01210422
-0.70708334, 0.70708334, 0.0
0.49225542, 0.19116741
-0.00638872, 0.47949603, -0.01210422
-0.70708334, -0.70708334, 0.0
0.47482881, 0.19116741
-0.00638872, 0.48848495, 0.00157012
-0.70708334, 0.70708334, 0.0
0.49225542, 0.21767849
0.0, 0.53259301, -0.0083618
0.0, -0.44718772, 0.89440596
0.57701701, 0.18355155
0.0, 0.53259301, -0.0083618
0.0, -0.44718772, 0.89440596
0.7046681, 0.05729276
-0.00638872, 0.53259349, -0.01210422
-0.85604417, -0.37607959, 0.35456404
0.69022638, 0.06575233
0.0, 0.53259349, -0.02113925
0.0, -0.44718772, -0.89440596
0.7046681, 0.08617598
0.0, 0.53259349, -0.02113925
0.0, -0.44718772, -0.89440596
0.57701701, 0.14003921
0.00159872, 0.5210669, -0.02677183
0.60899687, 0.77819145, -0.15329447
0.70762199, 0.04400426
0.0, 0.52197194, -0.02113925
0.0, 0.98733485, -0.15863521
0.7046681, 0.05454487
0.0026463, 0.52197194, -0.02113925
0.21497238, 0.95718253, -0.19376202
0.70955753, 0.05454487
-0.00159872, 0.5210669, -0.02677183
-0.60899687, 0.77819145, -0.15329447
0.70171428, 0.04400426
-0.0026463, 0.52197194, -0.02113925
-0.21497238, 0.95718253, -0.19376202
0.69977868, 0.05454487
0.0, 0.55230963, -0.02113925
0.0, 0.70708334, -0.70708334
0.7046681, 0.17586702
-0.00638873, 0.55230963, -0.01739684
-0.71727651, 0.63023776, -0.29709768
0.69022638, 0.16740716
0.0, 0.55230963, -0.0083618
0.0, 0.70708334, 0.70708334
0.7046681, 0.14698356
0.01266218, 0.09767738, 0.01632079
0.92324597, 0.29319131, 0.24817652
0.5146637, 0.76008189
0.0, 0.09767738, 0.01632079
0.0, 0.76326793, 0.64607686
0.5147928, 0.78694263
0.0, 0.0613949, -0.00686861
0.0, -0.59416485, -0.80431533
0.0484269, 0.61395857
0.0, 0.12364483, -0.02572628
0.0, -0.8863796, -0.46290475
0.81023103, 0.06634468
0.01014286, 0.29047063, 0.01632079
0.70708334, 0.0, 0.70708334
0.88862497, 0.76008189
0.00491184, 0.09767738, 0.01632079
0.99996948, 0.0, 0.0
0.80995011, 0.79834171
0.0, 0.15528101, 0.01632079
0.0, 0.6387524, 0.76940215
0.92783523, 0.80618598
0.0, 0.10768344, 0.01632079
0.0, 0.99969482, -0.02435377
0.83656859, 0.79836179
0.0, 0.23597959, -0.0083618
0.0, 0.0, -1.0
0.78292513, 0.69252446
0.0, 0.29047063, 0.01632079
0.0, 0.0, 1.0
0.8885693, 0.77970652
0.0, 0.40453103, -0.00606715
0.0, 0.0, -1.0
0.32873696, 0.22118479
0.0086933, 0.23597956, -0.01835141
0.92257452, 0.05261391, -0.38212225
0.00195855, 0.15668774
0.0, 0.47949603, -0.01210422
0.0, -1.0, 0.0
0.47482881, 0.19116741
0.0, 0.48848495, 0.00157012
0.0, 1.0, 0.0
0.49225542, 0.21767849
-0.01266215, 0.12351182, -0.02564813
-0.67824334, -0.09811701, -0.72823268
0.56477499, 0.623135
0.0, 0.09767738, 0.01632079
0.0, 0.76326793, 0.64607686
0.5146637, 0.51486745
0.0, 0.06549273, 0.03440204
0.0, -0.99417096, -0.10751671
0.37842134, 0.46662599
-0.01014286, 0.29047063, 0.01632079
-0.70708334, 0.0, 0.70708334
0.88862497, 0.54172787
-0.00491184, 0.09767738, 0.01632079
-0.99996948, 0.0, 0.0
0.80995011, 0.50346842
0.0, 0.13258326, 0.0288554
0.0, -0.6540727, -0.75640124
0.87199736, 0.48549289
0.0, 0.15528101, 0.01632079
0.0, 0.6387524, 0.76940215
0.92783529, 0.49562424
0.0, 0.10768344, 0.01632079
0.0, 0.99969482, -0.02435377
0.83656859, 0.5034484
0.0, 0.23597959, -0.0083618
0.0, 0.0, -1.0
0.78292513, 0.60928565
0.0, 0.29047063, 0.01632079
0.0, 0.0, 1.0
0.8885693, 0.52210364
0.0, 0.5210669, -0.02677183
0.0, 0.98733485, -0.15863521
0.93009901, 0.06490403
-0.0026463, 0.53259349, -0.02113925
-0.35456404, -0.37607959, -0.85604417
0.69868618, 0.08617616
-0.00638873, 0.53259349, -0.01739684
-0.85604417, -0.37607959, -0.35456404
0.69022638, 0.07771641
0.0026463, 0.53259349, -0.02113925
0.35456404, -0.37607959, -0.85604417
0.71065009, 0.08617598
0.00638873, 0.53259349, -0.01739684
0.85604417, -0.37607959, -0.35456404
0.71910983, 0.07771641
0.00638872, 0.53259349, -0.01210422
0.85604417, -0.37607959, 0.35456404
0.71910983, 0.06575233
0.00264629, 0.53259349, -0.0083618
0.35462508, -0.37604907, 0.85604417
0.71065009, 0.05729276
-0.00264629, 0.53259349, -0.0083618
-0.35462508, -0.37604907, 0.85601366
0.69868618, 0.05729276
0.0, 0.5210669, -0.02677183
0.0, 0.98733485, -0.15863521
0.7046681, 0.04400426
-0.00264629, 0.55230963, -0.0083618
-0.29709768, 0.63023776, 0.71727651
0.69868618, 0.14698356
-0.00638872, 0.55230963, -0.01210422
-0.71727651, 0.63023776, 0.29709768
0.69022638, 0.15544331
0.00264629, 0.55230963, -0.0083618
0.29709768, 0.63023776, 0.71727651
0.71065009, 0.14698356
0.00638872, 0.55230963, -0.01210422
0.71727651, 0.63023776, 0.29709768
0.71910983, 0.15544331
0.00638873, 0.55230963, -0.01739684
0.71727651, 0.63023776, -0.29709768
0.71910983, 0.16740716
0.0026463, 0.55230963, -0.02113925
0.29709768, 0.63023776, -0.71727651
0.71065009, 0.17586702
-0.0026463, 0.55230963, -0.02113925
-0.29709768, 0.63023776, -0.71727651
0.69868618, 0.17586702
# Number of Faces:
360
# Face Data:
0, 1, 2
3, 4, 5
6, 7, 8
9, 10, 11
12, 11, 4
5, 8, 3
0, 5, 13
14, 15, 16
16, 17, 18
19, 20, 21
20, 16, 18
22, 23, 16
24, 25, 22
15, 26, 24
27, 28, 15
27, 29, 30
31, 29, 32
31, 19, 33
27, 31, 32
34, 35, 36
37, 38, 39
40, 41, 42
43, 44, 39
45, 46, 40
47, 48, 45
49, 50, 51
52, 53, 47
38, 54, 43
55, 56, 52
57, 58, 59
37, 60, 61
62, 63, 58
59, 64, 65
66, 62, 57
67, 50, 66
65, 68, 69
61, 70, 38
67, 57, 69
15, 22, 16
71, 72, 73
74, 75, 76
77, 71, 78
77, 79, 80
81, 82, 71
83, 80, 84
85, 79, 78
58, 86, 64
76, 87, 74
88, 89, 90
91, 62, 50
64, 92, 68
93, 86, 63
94, 63, 95
96, 92, 86
97, 95, 91
98, 91, 49
99, 100, 101
102, 103, 104
105, 106, 103
107, 108, 109
110, 111, 108
112, 113, 111
114, 115, 113
116, 117, 118
119, 118, 120
121, 122, 123
124, 120, 125
117, 126, 121
127, 107, 109
128, 129, 112
111, 115, 127
130, 131, 132
133, 132, 131
134, 135, 130
136, 137, 138
139, 3, 140
141, 142, 137
138, 143, 144
144, 145, 139
140, 8, 141
140, 136, 146
147, 148, 149
150, 149, 151
152, 153, 154
152, 149, 148
155, 156, 149
157, 158, 156
159, 147, 158
160, 161, 147
161, 162, 163
162, 164, 163
153, 164, 165
164, 161, 163
166, 34, 167
168, 169, 170
41, 171, 42
44, 169, 168
172, 173, 171
174, 175, 173
176, 49, 51
177, 178, 175
54, 170, 169
179, 55, 178
180, 181, 182
60, 183, 184
180, 185, 186
187, 182, 188
186, 189, 181
189, 51, 67
68, 188, 69
70, 184, 170
182, 181, 69
156, 147, 149
190, 191, 192
193, 194, 195
192, 191, 196
197, 198, 196
199, 200, 191
201, 197, 202
198, 203, 196
180, 204, 205
206, 195, 194
207, 208, 209
186, 210, 176
187, 92, 204
204, 211, 205
205, 212, 185
92, 213, 204
185, 214, 210
210, 98, 49
99, 215, 100
216, 217, 218
218, 217, 219
220, 221, 222
223, 224, 220
225, 226, 223
115, 227, 225
228, 229, 230
230, 231, 232
233, 122, 234
232, 124, 125
228, 234, 235
221, 127, 222
226, 128, 224
127, 223, 220
236, 237, 238
238, 133, 236
239, 134, 237
117, 46, 48
118, 48, 53
120, 53, 56
233, 174, 172
228, 177, 174
230, 179, 177
240, 120, 56
232, 240, 179
241, 242, 243
121, 41, 46
123, 172, 244
99, 106, 103
104, 99, 103
217, 99, 104
219, 99, 217
245, 246, 247
246, 248, 249
250, 251, 252
0, 253, 1
3, 12, 4
6, 1, 7
9, 254, 10
12, 9, 11
5, 6, 8
0, 2, 5
14, 27, 15
16, 23, 17
19, 14, 20
20, 14, 16
22, 25, 23
24, 26, 25
15, 28, 26
27, 30, 28
27, 32, 29
31, 33, 29
31, 14, 19
27, 14, 31
34, 255, 35
37, 61, 38
38, 43, 39
40, 46, 41
43, 54, 44
45, 48, 46
47, 53, 48
49, 91, 50
52, 56, 53
38, 70, 54
55, 240, 56
57, 62, 58
37, 256, 60
62, 95, 63
59, 58, 64
66, 50, 62
67, 51, 50
65, 64, 68
61, 60, 70
65, 69, 59
67, 66, 57
57, 59, 69
15, 24, 22
71, 82, 72
74, 257, 75
73, 258, 78
258, 85, 78
83, 81, 71
73, 78, 71
77, 83, 71
77, 78, 79
81, 259, 82
83, 77, 80
85, 260, 79
58, 63, 86
76, 261, 87
88, 262, 89
91, 95, 62
64, 86, 92
93, 96, 86
94, 93, 63
96, 263, 92
97, 94, 95
98, 97, 91
102, 105, 103
107, 110, 108
110, 112, 111
112, 114, 113
114, 129, 115
116, 264, 117
119, 116, 118
121, 126, 122
124, 119, 120
117, 264, 126
127, 128, 107
112, 110, 128
107, 128, 110
129, 114, 112
127, 109, 108
108, 111, 127
113, 115, 111
130, 135, 131
133, 265, 132
134, 266, 135
136, 267, 137
139, 145, 3
141, 8, 142
138, 268, 143
144, 143, 145
140, 3, 8
140, 267, 136
147, 161, 148
150, 155, 149
152, 148, 153
152, 151, 149
155, 157, 156
157, 159, 158
159, 160, 147
160, 269, 161
161, 269, 162
162, 165, 164
153, 148, 164
164, 148, 161
166, 255, 34
183, 168, 170
170, 184, 183
41, 172, 171
44, 54, 169
172, 174, 173
174, 177, 175
176, 210, 49
177, 179, 178
54, 70, 170
179, 240, 55
180, 186, 181
60, 256, 183
180, 205, 185
187, 180, 182
186, 176, 189
189, 176, 51
68, 187, 188
70, 60, 184
67, 69, 181
188, 182, 69
181, 189, 67
156, 158, 147
190, 199, 191
193, 270, 194
203, 271, 196
191, 200, 202
191, 202, 197
196, 271, 192
191, 197, 196
197, 272, 198
199, 273, 200
201, 272, 197
198, 274, 203
180, 187, 204
206, 275, 195
207, 276, 208
186, 185, 210
187, 68, 92
204, 213, 211
205, 211, 212
92, 263, 213
185, 212, 214
210, 214, 98
216, 277, 217
220, 224, 221
223, 226, 224
225, 227, 226
115, 129, 227
228, 235, 229
230, 229, 231
233, 123, 122
232, 231, 124
228, 233, 234
221, 128, 127
221, 224, 128
226, 227, 129
129, 128, 226
220, 222, 127
127, 115, 223
225, 223, 115
236, 239, 237
238, 265, 133
239, 266, 134
117, 121, 46
118, 117, 48
120, 118, 53
233, 228, 174
228, 230, 177
230, 232, 179
240, 125, 120
232, 125, 240
278, 243, 279
280, 281, 243
282, 283, 241
241, 284, 242
242, 279, 243
243, 281, 282
282, 241, 243
121, 123, 41
123, 233, 172
99, 101, 106
219, 215, 99
245, 285, 246
246, 285, 248
286, 252, 287
288, 289, 252
290, 291, 250
250, 292, 251
251, 287, 252
252, 289, 290
290, 250, 252
