# Project Zomboid Skinned Mesh
# File Version:
1.0
# Model Name:
Cube
# Vertex Stride Element Count:
3
# Vertex Stride Size (in bytes):
76
# Vertex Stride Data:
# (Int)    Offset
# (String) Type
0
VertexArray
12
NormalArray
24
TextureCoordArray
# Vertex Count:
66
# Vertex Buffer:
0.00590031, 0.09760497, 0.00402009
0.57234412, 0.64241463, 0.50959808
0.44428241, 0.79907542
0.0, 0.066118, 0.00608658
0.0, 0.6544084, 0.75609607
0.31905466, 0.81842619
0.00590031, 0.066118, 0.00608658
0.87081516, 0.3216956, 0.37168494
0.29600501, 0.8088069
0.00590031, 0.03425972, 0.02754284
0.56807154, -0.63399154, 0.52467424
0.14597924, 0.90984786
0.0, 0.04025421, -0.0039424
0.0, -0.93935972, 0.34284493
0.14001189, 0.7615788
0.00590031, 0.04025421, -0.0039424
0.8424024, -0.50611895, 0.18472853
0.1742083, 0.7615788
0.00590031, 0.06984477, -0.01144526
0.87908566, 0.29993591, 0.37040314
0.313555, 0.7262466
0.00590031, 0.06683825, 0.00269826
0.93398845, 0.27097383, -0.23282571
0.29939681, 0.79285073
0.00590034, 0.0936042, 0.00113581
0.92028564, -0.30957976, -0.23911253
0.42544204, 0.7854929
0.00590031, 0.09486499, -0.01253743
0.90572834, 0.34333324, 0.24851222
0.43137938, 0.72110343
0.0, 0.09760497, 0.00402009
0.0, 0.78341013, 0.62147892
0.46015739, 0.81317234
0.0, 0.02806207, -0.0138569
0.0, -0.99414045, 0.10794397
0.08818471, 0.71536696
0.00590031, 0.02806207, -0.0138569
0.57792902, -0.81130403, 0.08807642
0.11679351, 0.71488988
0.00590031, 0.0410581, -0.03020243
0.6211127, -0.34052554, -0.70583206
0.17799391, 0.63791609
0.0, 0.11287436, -0.03020243
0.0, 0.70708334, -0.70708334
0.51625431, 0.60876155
0.00590031, 0.11287436, -0.03020243
0.57734919, 0.57734919, -0.57734919
0.51618832, 0.63791609
0.0, 0.0410581, -0.03020243
0.0, -0.43452254, -0.90063173
0.17799391, 0.60876155
0.00590031, 0.11287436, -0.03020243
0.57734919, 0.57734919, -0.57734919
0.54460257, 0.63791606
0.0, 0.11287436, -0.0153282
0.0, 0.75930053, 0.65071565
0.57238805, 0.70796117
0.00590031, 0.11287436, -0.0153282
0.58586383, 0.6153447, 0.52732933
0.54460257, 0.70796117
0.0, 0.06683825, 0.00269826
0.0, 0.75844598, -0.65169227
0.32734019, 0.77212775
0.00590031, 0.0909932, -0.01193745
0.89938045, -0.25037384, 0.35825679
0.41314644, 0.72392881
0.0, 0.08781701, -0.01144526
0.0, 0.07678457, 0.99703968
0.38856828, 0.74876237
0.00590031, 0.08781701, -0.01144526
0.69020659, 0.05554369, 0.72145754
0.39818925, 0.7262466
0.0, 0.0936042, 0.00113581
0.0, -0.79140598, -0.61125523
0.40540969, 0.77671462
0.0, 0.0909932, -0.01193745
0.0, -0.57283241, 0.81966615
0.3970986, 0.74844837
0.0, 0.06984477, -0.01144526
0.0, 0.62929165, 0.77712333
0.33590192, 0.74480724
0.00590031, 0.11287436, -0.0153282
0.58586383, 0.6153447, 0.52732933
0.51618832, 0.7079612
0.0, 0.09486499, -0.01253743
0.0, 0.81005281, 0.58632159
0.45593345, 0.74125493
0.0, 0.06155701, 0.02754284
0.0, 0.62929165, 0.77712333
0.28959721, 0.93359417
0.00590031, 0.06155701, 0.02754284
0.58915985, 0.50846887, 0.6279183
0.27452654, 0.90984786
0.0, 0.03425972, 0.02754284
0.0, -0.77037871, 0.63753164
0.11845684, 0.93359417
0.0, 0.066118, 0.00608658
0.0, 0.6544084, 0.75609607
0.31905466, 0.18157434
-0.00590031, 0.09760497, 0.00402009
-0.57234412, 0.64241463, 0.50959808
0.44428241, 0.20092511
-0.00590031, 0.066118, 0.00608658
-0.87081516, 0.3216956, 0.37168494
0.29600501, 0.1911937
0.0, 0.04025421, -0.0039424
0.0, -0.93935972, 0.34284493
0.14001189, 0.2384218
-0.00590031, 0.03425972, 0.02754284
-0.56807154, -0.63399154, 0.52467424
0.14597924, 0.09015274
-0.00590031, 0.04025421, -0.0039424
-0.8424024, -0.50611895, 0.18472853
0.1742083, 0.2384218
-0.00590031, 0.0909932, -0.01193745
-0.89938045, -0.25037384, 0.35825679
0.41314644, 0.27607179
-0.00590031, 0.09486499, -0.01253743
-0.90572834, 0.34333324, 0.24851222
0.43137938, 0.27889717
-0.00590031, 0.11287436, -0.03020243
-0.57734919, 0.57734919, -0.57734919
0.51618832, 0.36208451
-0.00590034, 0.0936042, 0.00113581
-0.92028564, -0.30957976, -0.23911253
0.42544204, 0.2145077
0.0, 0.09760497, 0.00402009
0.0, 0.78341013, 0.62147892
0.46015739, 0.18682826
0.0, 0.02806207, -0.0138569
0.0, -0.99414045, 0.10794397
0.08818471, 0.28463364
-0.00590031, 0.02806207, -0.0138569
-0.57792902, -0.81130403, 0.08807642
0.11679351, 0.28511071
0.0, 0.11287436, -0.03020243
0.0, 0.70708334, -0.70708334
0.51625431, 0.39123905
-0.00590031, 0.0410581, -0.03020243
-0.6211127, -0.34052554, -0.70583206
0.17799391, 0.36208451
0.0, 0.0410581, -0.03020243
0.0, -0.43452254, -0.90063173
0.17799391, 0.39123905
-0.00590031, 0.11287436, -0.03020243
-0.57734919, 0.57734919, -0.57734919
0.54460257, 0.63791606
-0.00590031, 0.11287436, -0.0153282
-0.58586383, 0.6153447, 0.52732933
0.54460257, 0.70796117
0.0, 0.06683825, 0.00269826
0.0, 0.75844598, -0.65169227
0.32734019, 0.22787285
-0.00590031, 0.06984477, -0.01144526
-0.87908566, 0.29993591, 0.37040314
0.313555, 0.273754
-0.00590031, 0.06683825, 0.00269826
-0.93398845, 0.27097383, -0.23282571
0.29939681, 0.20714986
0.0, 0.08781701, -0.01144526
0.0, 0.07678457, 0.99703968
0.38856828, 0.25123823
-0.00590031, 0.08781701, -0.01144526
-0.69020659, 0.05554369, 0.72145754
0.39818925, 0.273754
0.0, 0.0936042, 0.00113581
0.0, -0.79140598, -0.61125523
0.40540969, 0.22328591
0.0, 0.06984477, -0.01144526
0.0, 0.62929165, 0.77712333
0.33590192, 0.25519335
0.0, 0.09486499, -0.01253743
0.0, 0.81005281, 0.58632159
0.45593345, 0.25874567
-0.00590031, 0.11287436, -0.0153282
-0.58586383, 0.6153447, 0.52732933
0.51618832, 0.29203939
0.0, 0.06155701, 0.02754284
0.0, 0.62929165, 0.77712333
0.28959721, 0.06640637
-0.00590031, 0.06155701, 0.02754284
-0.58915985, 0.50846887, 0.6279183
0.27452654, 0.09015274
0.0, 0.03425972, 0.02754284
0.0, -0.77037871, 0.63753164
0.11845684, 0.06640637
0.0, 0.11287436, -0.03020243
0.0, 0.70708334, -0.70708334
0.57238805, 0.63791606
0.0, 0.11287436, -0.0153282
0.0, 0.75930053, 0.65071565
0.51618832, 0.72877717
0.0, 0.0909932, -0.01193745
0.0, -0.57283241, 0.81966615
0.3970986, 0.25155222
0.0, 0.11287436, -0.0153282
0.0, 0.75930053, 0.65071565
0.51618832, 0.27122343
# Number of Faces:
90
# Face Data:
0, 1, 2
3, 4, 5
6, 7, 5
8, 9, 0
9, 10, 0
5, 11, 12
13, 14, 15
12, 16, 13
17, 18, 19
6, 20, 7
21, 22, 23
21, 24, 25
23, 26, 6
7, 24, 8
27, 28, 9
2, 29, 30
30, 31, 3
32, 33, 34
35, 36, 37
38, 39, 40
39, 38, 41
42, 39, 33
43, 37, 44
45, 46, 40
47, 44, 46
18, 48, 49
50, 51, 52
53, 38, 54
38, 55, 41
56, 54, 51
55, 52, 41
57, 58, 39
59, 34, 60
61, 60, 36
0, 10, 1
3, 31, 4
5, 12, 13
13, 15, 6
9, 21, 15
15, 27, 9
30, 3, 5
15, 21, 23
15, 23, 6
30, 5, 2
7, 2, 5
13, 6, 5
0, 2, 8
8, 21, 9
2, 7, 8
9, 28, 10
5, 4, 11
13, 16, 14
12, 11, 16
17, 62, 18
6, 26, 20
21, 25, 22
21, 8, 24
23, 22, 26
7, 20, 24
27, 63, 28
2, 1, 29
30, 29, 31
32, 42, 33
35, 61, 36
46, 44, 37
37, 36, 60
60, 34, 37
51, 54, 40
37, 34, 52
54, 38, 40
37, 52, 51
40, 46, 51
39, 58, 40
46, 37, 51
52, 34, 41
33, 39, 41
41, 34, 33
42, 57, 39
43, 35, 37
45, 47, 46
47, 43, 44
18, 62, 48
50, 56, 51
53, 64, 38
38, 64, 55
56, 53, 54
55, 50, 52
57, 65, 58
59, 32, 34
61, 59, 60
