# Project Zomboid Skinned Mesh
# File Version:
1.0
# Model Name:
Cube
# Vertex Stride Element Count:
3
# Vertex Stride Size (in bytes):
76
# Vertex Stride Data:
# (Int)    Offset
# (String) Type
0
VertexArray
12
NormalArray
24
TextureCoordArray
# Vertex Count:
157
# Vertex Buffer:
0.00624587, 0.12581867, -0.02445094
0.99676502, 0.0, 0.08023316
0.49804145, 0.65508306
0.00624587, 0.03529681, -0.02445097
0.63536483, -0.74245429, -0.21213415
0.10782839, 0.655083
0.00624587, 0.03921213, -0.03815435
0.63576162, -0.50569171, -0.58311719
0.12470591, 0.5960117
0.00470654, 0.15218586, -0.01820219
0.49745169, 0.59111303, 0.63487655
0.61170268, 0.68201959
0.00624587, 0.15218586, -0.02445094
0.72695088, 0.68095952, 0.08819849
0.61170268, 0.65508306
0.00624587, 0.0371051, -0.00540391
0.83916748, -0.53733939, 0.08365124
0.11562337, 0.7641262
0.00624587, 0.03529681, -0.02445097
0.84298229, -0.33823663, -0.41825616
0.10782839, 0.68201989
0.00624587, 0.07364678, -0.01642944
0.87780386, 0.29953918, 0.37372968
0.27314377, 0.71659836
0.0, 0.15218586, -0.02445094
0.0, 0.99996948, 0.0
0.83010685, 0.83468682
0.00470654, 0.15218586, -0.01820219
0.49745169, 0.59111303, 0.63487655
0.80981839, 0.86162341
0.00624587, 0.15218586, -0.02445094
0.72695088, 0.68095952, 0.08819849
0.80318272, 0.83468682
0.0, 0.15218586, -0.01820219
0.0, 0.70708334, 0.70708334
0.61170274, 0.6885277
0.00470654, 0.12581867, -0.01820213
0.61674857, 0.0, 0.7871334
0.49804151, 0.68201995
0.0, 0.03957447, -0.03942275
0.0, -0.55388045, -0.83257544
0.12626806, 0.56853816
0.00624587, 0.15218586, -0.03815435
0.62590408, 0.58861047, -0.51158178
0.61170268, 0.5960117
0.00624587, 0.15218586, -0.03815435
0.62590408, 0.58861047, -0.51158178
0.80318272, 0.77561545
0.0, 0.03529681, -0.02445097
0.0, -0.96151614, -0.2746971
0.08194019, 0.64768636
0.0, 0.12581867, -0.01642944
0.0, 0.70708334, 0.70708334
0.49804151, 0.73623851
0.00320607, 0.09937258, -0.01642944
0.15115818, 0.20722067, 0.9665212
0.38404015, 0.71659839
0.00624587, 0.12581867, -0.01642944
0.57734919, 0.57734919, 0.57734919
0.49804151, 0.71659839
0.0, 0.06529871, 0.00134743
0.0, 0.60106206, 0.7991882
0.25201908, 0.8128306
0.00624587, 0.05363242, 0.04174746
0.58503985, 0.44050416, 0.68089849
0.18686767, 0.96738202
0.0062459, 0.06529871, 0.00134743
0.87002164, 0.2963042, 0.39396343
0.23715773, 0.79322927
0.00320607, 0.09044847, 0.00134743
0.61970884, 0.34733117, 0.70375681
0.34557095, 0.79322927
0.0, 0.06968023, 0.00134743
0.0, 0.0, 1.0
0.25780725, 0.80524096
0.00320609, 0.06968023, 0.00134743
0.24784082, 0.28119755, 0.92706078
0.25604501, 0.79322927
0.0, 0.09468415, -0.0041805
0.0, 0.94701988, 0.32108524
0.37137651, 0.77520713
0.00320607, 0.09468415, -0.0041805
0.64143801, 0.72652364, 0.24631488
0.36382973, 0.7693999
0.0, 0.02707461, -0.0178018
0.0, -0.99444562, -0.10507523
0.04813588, 0.70574236
0.00624587, 0.02707461, -0.0178018
0.57731867, -0.81197548, -0.08578753
0.07238466, 0.71068251
0.0, 0.02057781, 0.03704851
0.0, -0.86321604, 0.50480664
0.01497452, 0.96430615
0.00624587, 0.02057781, 0.03704851
0.56617939, -0.71150851, 0.41608936
0.04437899, 0.94712627
0.0, 0.0371051, -0.00540391
0.0, -0.98806727, 0.15384381
0.0820674, 0.76931614
0.0, 0.09468415, -0.01062484
0.0, 0.94283885, 0.33320108
0.37003666, 0.74659008
0.00320607, 0.09468415, -0.01062484
0.79030734, 0.57765436, 0.20413831
0.36382973, 0.7416203
0.0, 0.05363242, 0.04174746
0.0, 0.54316843, 0.83959472
0.20357805, 0.99297741
0.0, 0.12581867, -0.02445094
0.0, 1.0, 0.0
0.49804145, 0.68201995
0.00624587, 0.12581867, -0.02445094
0.70708334, 0.70708334, 0.0
0.49804145, 0.68201995
0.0062459, 0.06968023, 0.00134743
0.5897702, 0.50502032, 0.63014621
0.25604501, 0.79322925
0.00320609, 0.070092, -0.00049804
0.36054567, 0.92623675, -0.109653
0.2578201, 0.78527394
0.00320607, 0.08664538, -0.01642944
0.126957, -0.18070009, 0.97527999
0.3291769, 0.71659839
0.00624587, 0.09937258, -0.01642944
0.70708334, 0.0, 0.70708334
0.38404015, 0.71659839
0.00320613, 0.09273384, -0.0050314
0.79100925, -0.57628101, -0.20532852
0.35542247, 0.76573195
0.0, 0.09273384, -0.0050314
0.0, -0.94195378, -0.33564258
0.34377438, 0.76030667
0.00320607, 0.09273384, -0.01062484
0.80730611, -0.542436, 0.2323069
0.35542247, 0.7416203
0.0, 0.08903302, -0.00049804
0.0, -0.42872402, -0.90340894
0.33348641, 0.7723323
0.00320613, 0.08903302, -0.00049804
0.8174383, -0.24692526, -0.52037108
0.33946934, 0.78527395
0.0, 0.09273384, -0.01062484
0.0, -0.91921753, 0.39365825
0.34243777, 0.74368101
0.0, 0.08664538, -0.01642944
0.0, -0.3716239, 0.92837304
0.32169992, 0.72803867
0.00320607, 0.07364678, -0.01642944
0.0, 0.62538528, 0.78029728
0.27314377, 0.71659839
0.0, 0.07364678, -0.01642944
0.0, 0.62538528, 0.78029728
0.28258997, 0.72909477
0.0, 0.09937258, -0.01642944
0.0, 0.43107393, 0.90231025
0.38404015, 0.73600665
-0.00345695, 0.01354861, -0.01364641
-0.48115483, -0.86614579, 0.13504441
0.80162895, 0.04826868
-0.0, 0.03237112, -0.01293185
0.0, -0.03793451, 0.99926758
0.85403311, 0.07762003
-0.00553445, 0.03237112, -0.01293185
-0.56666768, -0.09360027, 0.81856745
0.85952348, 0.0584051
0.00453473, 0.03972235, -0.03814454
0.63707387, -0.74233222, -0.20740379
0.87280411, 0.12453556
0.0, 0.04121586, -0.0434895
0.0, -0.46452224, -0.88552505
0.88685161, 0.09486318
0.00453473, 0.04121586, -0.0434895
0.57426679, -0.38029113, -0.72493666
0.88685161, 0.11048818
-0.00553445, 0.02911529, -0.01926266
-0.76149786, -0.30747399, -0.57054353
0.84548849, 0.03111476
-0.0, 0.02911529, -0.01926266
0.0, -0.33936584, -0.94064152
0.83053404, 0.00668705
0.00213659, 0.01752297, -0.01599248
0.54469436, -0.397351, 0.73848689
0.70242, 0.1133948
0.00213659, 0.01923102, -0.02749888
0.57200843, -0.45335245, -0.68352306
0.70978284, 0.06379408
0.00213659, 0.02448781, -0.02223699
0.79876095, 0.21124913, 0.56328011
0.73244298, 0.0864765
0.00213659, 0.04047722, -0.0220249
0.53791922, 0.83556628, 0.11154515
0.80136895, 0.08739078
0.0, 0.02448781, -0.02223699
0.0, 0.3511765, 0.93630785
0.73720598, 0.10111773
0.0, 0.01923102, -0.02749888
0.0, -0.55272073, -0.83333844
0.69800103, 0.04952943
0.0, 0.04047722, -0.0220249
0.0, 0.99118012, 0.13229774
0.80136895, 0.07840639
0.0, 0.01752297, -0.01599248
0.0, -0.47379985, 0.8806116
0.69329357, 0.1293602
0.00453473, 0.05671602, -0.03814454
0.20682395, 0.31891844, -0.92492449
0.90089911, 0.12453556
0.0, 0.05671602, -0.03814454
0.0, 0.32596821, -0.94534135
0.90089911, 0.10891056
0.00152234, 0.15017375, -0.03907983
0.70708334, 0.70708334, 0.0
0.9711073, 0.11182272
0.00152234, 0.14286751, -0.03907983
0.28992584, -0.43842891, -0.85070348
0.93961215, 0.11182272
0.00152234, 0.15017375, -0.04284538
0.55635244, 0.43250832, -0.70949429
0.95573646, 0.10423774
0.0, 0.15017375, -0.03907983
0.0, 1.0, 0.0
0.9711073, 0.10414684
0.0, 0.14286751, -0.03907983
0.0, -0.45811334, -0.8888821
0.93961215, 0.10496384
0.0, 0.15017375, -0.04284538
0.0, 0.52049315, -0.85384685
0.95573646, 0.09730411
-0.00624587, 0.03921213, -0.03815435
-0.63576162, -0.50569171, -0.58311719
0.12470591, 0.40398848
-0.00624587, 0.12581867, -0.02445094
-0.99676502, 0.0, 0.08023316
0.49804145, 0.34491712
-0.00624587, 0.15218586, -0.03815435
-0.62590408, 0.58861047, -0.51158178
0.61170268, 0.40398848
-0.00470654, 0.15218586, -0.01820219
-0.49745169, 0.59111303, 0.63487655
0.61170268, 0.31798059
-0.00624587, 0.15218586, -0.02445094
-0.72695088, 0.68095952, 0.08819849
0.61170268, 0.34491712
-0.0062459, 0.06529871, 0.00134743
-0.87002164, 0.2963042, 0.39396343
0.23715773, 0.2067709
-0.00624587, 0.07364678, -0.01642944
-0.87780386, 0.29953918, 0.37372968
0.27314377, 0.28340185
-0.00624587, 0.0371051, -0.00540391
-0.83916748, -0.53733939, 0.08365124
0.11562337, 0.235874
-0.00470654, 0.15218586, -0.01820219
-0.49745169, 0.59111303, 0.63487655
0.85039544, 0.86162341
-0.00624587, 0.15218586, -0.02445094
-0.72695088, 0.68095952, 0.08819849
0.85703111, 0.83468682
-0.00470654, 0.12581867, -0.01820213
-0.61674857, 0.0, 0.7871334
0.49804151, 0.31798023
0.0, 0.15218586, -0.01820219
0.0, 0.70708334, 0.70708334
0.61170274, 0.31147248
0.0, 0.03957447, -0.03942275
0.0, -0.55388045, -0.83257544
0.12626806, 0.43146205
-0.00624587, 0.15218586, -0.03815435
-0.62590408, 0.58861047, -0.51158178
0.85703111, 0.77561545
0.0, 0.15218586, -0.03942275
0.0, 0.66490674, -0.74687946
0.83010691, 0.7701478
0.0, 0.03529681, -0.02445097
0.0, -0.96151614, -0.2746971
0.08194019, 0.35231382
-0.00624587, 0.03529681, -0.02445097
-0.63536483, -0.74245429, -0.21213415
0.10782839, 0.34491718
-0.00624587, 0.09937258, -0.01642944
-0.70708334, 0.0, 0.70708334
0.38404015, 0.28340179
-0.00320607, 0.09937258, -0.01642944
-0.15115818, 0.20722067, 0.9665212
0.38404015, 0.28340179
-0.00624587, 0.12581867, -0.01642944
-0.57734919, 0.57734919, 0.57734919
0.49804151, 0.28340179
-0.00624587, 0.05363242, 0.04174746
-0.58503985, 0.44050416, 0.68089849
0.18686767, 0.03261817
0.0, 0.06529871, 0.00134743
0.0, 0.60106206, 0.7991882
0.25201908, 0.18716955
-0.00320607, 0.09044847, 0.00134743
-0.61970884, 0.34733117, 0.70375681
0.34557095, 0.2067709
0.0, 0.06968023, 0.00134743
0.0, 0.0, 1.0
0.25780725, 0.19475925
0.0, 0.09044847, 0.00134743
0.0, 0.44257942, 0.89669484
0.34684065, 0.19497865
0.0, 0.09468415, -0.0041805
0.0, 0.94701988, 0.32108524
0.37137651, 0.22479308
-0.00320607, 0.09468415, -0.0041805
-0.64143801, 0.72652364, 0.24631488
0.36382973, 0.2306003
-0.00624587, 0.03529681, -0.02445097
-0.84298229, -0.33823663, -0.41825616
0.10782839, 0.31798029
0.0, 0.02707461, -0.0178018
0.0, -0.99444562, -0.10507523
0.04813587, 0.29425782
-0.00624587, 0.02707461, -0.0178018
-0.57731867, -0.81197548, -0.08578753
0.07238466, 0.28931767
0.0, 0.02057781, 0.03704851
0.0, -0.86321604, 0.50480664
0.01497453, 0.035694
-0.00624587, 0.02057781, 0.03704851
-0.56617939, -0.71150851, 0.41608936
0.04437899, 0.05287391
0.0, 0.0371051, -0.00540391
0.0, -0.98806727, 0.15384381
0.08206739, 0.23068404
0.0, 0.09468415, -0.01062484
0.0, 0.94283885, 0.33320108
0.37003666, 0.2534101
-0.00320607, 0.09468415, -0.01062484
-0.79030734, 0.57765436, 0.20413831
0.36382973, 0.25837988
0.0, 0.05363242, 0.04174746
0.0, 0.54316843, 0.83959472
0.20357805, 0.00702286
0.0, 0.12581867, -0.02445094
0.0, 1.0, 0.0
0.49804145, 0.31798023
-0.00624587, 0.12581867, -0.02445094
-0.70708334, 0.70708334, 0.0
0.49804145, 0.31798023
-0.00320609, 0.06968023, 0.00134743
-0.24784082, 0.28119755, 0.92706078
0.25604501, 0.2067709
-0.0062459, 0.06968023, 0.00134743
-0.5897702, 0.50502032, 0.63014621
0.25604501, 0.2067709
-0.00320609, 0.070092, -0.00049804
-0.36054567, 0.92623675, -0.109653
0.2578201, 0.21472621
-0.00320607, 0.07364678, -0.01642944
0.0, 0.62538528, 0.78029728
0.27314377, 0.28340179
-0.00320607, 0.08664538, -0.01642944
-0.126957, -0.18070009, 0.97527999
0.3291769, 0.28340179
-0.00320613, 0.09273384, -0.0050314
-0.79100925, -0.57628101, -0.20532852
0.35542247, 0.23426825
-0.00320607, 0.09273384, -0.01062484
-0.80730611, -0.542436, 0.2323069
0.35542247, 0.25837988
0.0, 0.09273384, -0.0050314
0.0, -0.94195378, -0.33564258
0.34377438, 0.23969352
0.0, 0.08903302, -0.00049804
0.0, -0.42872402, -0.90340894
0.33348641, 0.22766787
0.0, 0.070092, -0.00049804
0.0, 0.78029728, -0.62538528
0.27580702, 0.23086596
0.0, 0.09273384, -0.01062484
0.0, -0.91921753, 0.39365825
0.34243777, 0.25631917
-0.00320613, 0.08903302, -0.00049804
-0.8174383, -0.24692526, -0.52037108
0.33946934, 0.21472621
0.0, 0.08664538, -0.01642944
0.0, -0.3716239, 0.92837304
0.32169992, 0.27196151
0.0, 0.07364678, -0.01642944
0.0, 0.62538528, 0.78029728
0.28258997, 0.27090538
0.0, 0.09937258, -0.01642944
0.0, 0.43107393, 0.90231025
0.38404015, 0.2639935
0.00345695, 0.01354861, -0.01364641
0.48115483, -0.86614579, 0.13504441
0.80162895, 0.04826868
0.0, 0.01354861, -0.01364641
0.0, -0.9881283, 0.15353861
0.77824652, 0.05596519
-0.00453473, 0.03972235, -0.03814454
-0.63707387, -0.74233222, -0.20740379
0.87280411, 0.12453556
-0.00453473, 0.04121586, -0.0434895
-0.57426679, -0.38029113, -0.72493666
0.88685161, 0.11048818
0.00553445, 0.02911529, -0.01926266
0.76149786, -0.30747399, -0.57054353
0.84548849, 0.03111476
0.00553445, 0.03237112, -0.01293185
0.56666768, -0.09360027, 0.81856745
0.85952348, 0.0584051
-0.00213659, 0.01752297, -0.01599248
-0.54469436, -0.397351, 0.73848689
0.70242, 0.1133948
-0.00213659, 0.02448781, -0.02223699
-0.79876095, 0.21124913, 0.56328011
0.73244298, 0.0864765
-0.00213659, 0.01923102, -0.02749888
-0.57200843, -0.45335245, -0.68352306
0.70978284, 0.06379408
-0.00213659, 0.04047722, -0.0220249
-0.53791922, 0.83556628, 0.11154515
0.80136895, 0.08739078
-0.00453473, 0.05671602, -0.03814454
-0.20682395, 0.31891844, -0.92492449
0.90089911, 0.12453556
-0.00152234, 0.15017375, -0.03907983
-0.70708334, 0.70708334, 0.0
0.9711073, 0.11182272
-0.00152234, 0.15017375, -0.04284538
-0.55635244, 0.43250832, -0.70949429
0.95573646, 0.10423774
-0.00152234, 0.14286751, -0.03907983
-0.28992584, -0.43842891, -0.85070348
0.93961215, 0.11182272
0.0, 0.15218586, -0.01820219
0.0, 0.70708334, 0.70708334
0.83010685, 0.86162341
0.0, 0.12581867, -0.01820213
0.0, 0.0, 1.0
0.49804157, 0.68852803
0.0, 0.15218586, -0.03942275
0.0, 0.66490674, -0.74687946
0.61170268, 0.56853798
0.0, 0.03957447, -0.03942275
0.0, -0.55388045, -0.83257544
0.10037988, 0.58314747
0.0, 0.09044847, 0.00134743
0.0, 0.44257942, 0.89669484
0.34684065, 0.80502151
0.0, 0.03529681, -0.02445097
0.0, -0.62880337, -0.77755058
0.08200136, 0.66201681
0.0, 0.070092, -0.00049804
0.0, 0.78029728, -0.62538528
0.27580702, 0.76913422
0.0, 0.03972235, -0.03814454
0.0, -0.96310312, -0.26911223
0.87280411, 0.10891056
0.0, 0.04047722, -0.0220249
0.0, 0.99118012, 0.13229774
0.80136895, 0.09305483
0.0, 0.12581867, -0.01820213
0.0, 0.0, 1.0
0.49804157, 0.31147218
0.0, 0.15218586, -0.03942275
0.0, 0.66490674, -0.74687946
0.61170268, 0.43146217
0.0, 0.03957447, -0.03942275
0.0, -0.55388045, -0.83257544
0.10037987, 0.41685271
0.0, 0.12581867, -0.01642944
0.0, 0.70708334, 0.70708334
0.49804151, 0.26376164
0.0, 0.03529681, -0.02445097
0.0, -0.62880337, -0.77755058
0.08200134, 0.33798337
# Number of Faces:
202
# Face Data:
0, 1, 2
3, 0, 4
5, 6, 7
8, 9, 10
11, 12, 3
13, 14, 2
15, 8, 10
16, 2, 1
17, 18, 19
20, 21, 22
23, 24, 25
26, 23, 27
28, 6, 29
30, 5, 31
32, 29, 5
33, 27, 34
35, 31, 21
36, 19, 37
22, 38, 25
39, 38, 7
40, 7, 41
34, 27, 42
43, 44, 42
39, 45, 46
47, 40, 44
45, 42, 46
48, 49, 40
50, 39, 49
51, 34, 18
52, 53, 54
55, 56, 57
52, 54, 58
59, 52, 58
60, 61, 62
61, 63, 62
63, 64, 62
60, 65, 61
61, 66, 63
62, 67, 60
55, 57, 68
57, 69, 68
70, 71, 72
72, 73, 70
72, 74, 75
76, 77, 78
77, 79, 80
81, 82, 83
84, 8, 85
86, 87, 79
78, 88, 76
89, 8, 90
76, 91, 92
93, 94, 95
96, 97, 81
98, 99, 100
98, 101, 102
103, 104, 105
83, 106, 107
105, 108, 83
102, 109, 110
107, 111, 96
95, 112, 113
114, 81, 97
115, 114, 116
82, 117, 118
119, 98, 102
120, 121, 119
116, 122, 123
118, 124, 120
119, 122, 125
117, 126, 118
116, 127, 117
110, 128, 94
129, 53, 130
56, 131, 132
129, 133, 134
129, 59, 133
135, 136, 137
137, 136, 138
64, 138, 136
65, 135, 137
66, 137, 138
67, 136, 135
131, 139, 132
69, 132, 139
140, 141, 142
73, 141, 140
141, 74, 142
2, 14, 0
4, 0, 14
3, 12, 0
5, 29, 6
6, 37, 7
19, 41, 37
21, 31, 5
7, 38, 22
22, 21, 5
37, 41, 7
7, 22, 5
8, 143, 9
11, 144, 12
13, 145, 14
15, 90, 8
16, 146, 2
41, 19, 18
17, 51, 18
20, 35, 21
23, 147, 24
26, 147, 23
28, 148, 6
30, 32, 5
32, 28, 29
33, 26, 27
35, 30, 31
36, 17, 19
25, 24, 20
20, 22, 25
7, 49, 39
39, 25, 38
41, 18, 40
40, 49, 7
40, 18, 44
23, 25, 46
25, 39, 46
44, 18, 34
23, 46, 42
42, 44, 34
27, 23, 42
43, 47, 44
39, 149, 45
47, 48, 40
45, 43, 42
48, 50, 49
50, 149, 39
51, 33, 34
52, 130, 53
55, 150, 56
59, 130, 52
63, 151, 64
60, 67, 65
61, 65, 66
62, 64, 67
57, 56, 69
72, 75, 73
72, 71, 74
80, 78, 77
76, 92, 77
77, 86, 79
83, 107, 96
81, 115, 82
83, 96, 81
103, 105, 83
95, 113, 93
82, 93, 113
103, 83, 82
82, 113, 103
84, 143, 8
86, 152, 87
78, 153, 88
89, 85, 8
76, 154, 91
155, 95, 94
94, 128, 155
96, 111, 97
98, 114, 99
98, 100, 101
103, 156, 104
83, 108, 106
105, 104, 108
102, 101, 109
107, 106, 111
95, 155, 112
97, 99, 114
114, 115, 81
116, 117, 82
82, 115, 116
118, 94, 93
93, 82, 118
110, 94, 120
94, 118, 120
116, 114, 125
125, 114, 98
102, 110, 119
119, 125, 98
110, 120, 119
120, 124, 121
116, 125, 122
118, 126, 124
119, 121, 122
117, 127, 126
116, 123, 127
110, 109, 128
129, 134, 53
56, 150, 131
129, 130, 59
64, 151, 138
65, 67, 135
66, 65, 137
67, 64, 136
69, 56, 132
73, 75, 141
141, 75, 74
