# Project Zomboid Skinned Mesh
# File Version:
1.0
# Model Name:
Cube
# Vertex Stride Element Count:
3
# Vertex Stride Size (in bytes):
76
# Vertex Stride Data:
# (Int)    Offset
# (String) Type
0
VertexArray
12
NormalArray
24
TextureCoordArray
# Vertex Count:
304
# Vertex Buffer:
0.01552178, -0.13588668, -0.00120445
0.58229315, -0.65773493, -0.47773674
0.02547726, 0.36493033
0.0, -0.12869219, -0.00268556
0.0, 0.57698292, -0.81673634
0.03730035, 0.359083
0.01552178, -0.12869219, -0.00268556
0.6153447, 0.22104557, -0.75661486
0.0401918, 0.3619011
0.01552165, 0.0475291, 0.00064992
0.76271856, -0.33985412, -0.55021822
0.40060988, 0.36872298
0.01078931, 0.06725879, -0.01907974
-0.63023776, -0.29709768, -0.71727651
0.44096211, 0.32837063
0.01552178, 0.06725879, -0.01907974
0.63023776, -0.29709768, -0.71727651
0.44096211, 0.32837063
0.01552171, 0.07649423, 0.01814322
0.64931178, 0.35590684, 0.67207861
0.45985106, 0.40450126
0.01078931, 0.00967506, 0.03196634
-0.68486589, 0.0741905, 0.72484511
0.32318857, 0.43277305
0.01552178, 0.00967506, 0.03196634
0.68486589, 0.0741905, 0.72484511
0.32318857, 0.43277305
0.01078931, 0.13280766, -0.01907974
0.73354292, -0.07708976, -0.67522204
0.19911426, 0.78273368
0.01078925, 0.13881813, -0.01313687
0.90450758, 0.30149236, 0.30149236
0.21140718, 0.79488844
0.01078937, 0.10304268, 0.02150979
0.90450758, 0.30149236, 0.30149236
0.13823724, 0.86574978
0.04789107, 0.19684686, 0.03362808
0.77636033, 0.63023776, 0.0
0.66733831, 0.56138015
0.0338641, 0.13881813, -0.00023602
0.54896694, -0.63023776, -0.54896694
0.5486545, 0.49211943
0.0338641, 0.19684686, -0.00023602
0.54896694, 0.63023776, -0.54896694
0.66733831, 0.49211943
0.0338641, 0.19684686, 0.06749217
0.54896694, 0.63023776, 0.54896694
0.66733831, 0.63064104
0.04789106, 0.13881813, 0.03362809
0.77636033, -0.63023776, 0.0
0.5486545, 0.56138027
0.0, 0.19684686, 0.08151914
0.0, 0.63023776, 0.77636033
0.66733831, 0.70560843
0.03386409, 0.13881813, 0.06749218
0.54896694, -0.63023776, 0.54896694
0.5486545, 0.63064104
0.01078932, 0.19595532, -0.0236957
0.60686058, 0.41227454, -0.67949462
0.32826754, 0.77329296
0.0, 0.20480354, -0.00670265
0.0, 0.97131258, -0.23770867
0.34636441, 0.78483468
0.01078932, 0.20480354, -0.00670265
0.65730768, 0.73198646, -0.17914365
0.34636435, 0.80804807
0.0, 0.13572378, 0.02150979
0.0, -0.70708334, 0.70708334
0.20151353, 0.86971015
0.01078937, 0.13572378, 0.02150979
0.90450758, -0.30149236, 0.30149236
0.20507836, 0.86574978
0.0, 0.20480354, 0.00817759
0.0, 0.89345986, 0.44911039
0.3527995, 0.83848202
0.01078933, 0.20480354, 0.00817759
0.6186102, 0.70198673, 0.352855
0.34636435, 0.83848202
0.03386409, 0.13881813, 0.06749218
0.54896694, -0.63023776, 0.54896694
0.50621581, 0.63060874
0.0, 0.13881813, -0.01426299
0.0, -0.63023776, -0.77636033
0.4369874, 0.46347642
0.04789106, 0.13881813, 0.03362809
0.77636033, -0.63023776, 0.0
0.53489131, 0.56138039
0.0, 0.04937994, 0.08714802
0.0, -0.81011385, 0.58623004
0.00662911, 0.9999969
0.01078937, 0.0675144, 0.03205021
0.84597307, -0.51869261, 0.12347789
0.06557262, 0.8873077
0.01078937, 0.04937994, 0.08714802
0.56242561, -0.66982025, 0.48472548
0.02848297, 0.9999969
0.0, 0.13881813, -0.01426299
0.0, -0.63023776, -0.77636033
0.5486545, 0.41715217
0.0, 0.19684686, -0.01426299
0.0, 0.63023776, -0.77636033
0.66733831, 0.41715217
0.0, 0.19684686, -0.01426299
0.0, 0.63023776, -0.77636033
0.78205556, 0.46347642
0.0338641, 0.19684686, 0.06749217
0.54896694, 0.63023776, 0.54896694
0.71282691, 0.63060874
0.04789107, 0.19684686, 0.03362808
0.77636033, 0.63023776, 0.0
0.68415159, 0.56138027
0.0, 0.19948806, 0.04333709
0.0, 0.70708334, 0.70708334
0.34182999, 0.08961612
0.01078937, 0.19684686, 0.04333709
0.57734919, -0.57734919, 0.57734919
0.33009103, 0.08961612
0.01078937, 0.19948806, 0.04333709
0.57734919, 0.57734919, 0.57734919
0.33549288, 0.08961612
0.0, 0.15275292, -0.0236957
0.0, -0.11346782, -0.99353009
0.23990741, 0.75113702
0.01078932, 0.15275292, -0.0236957
0.68242437, -0.08291879, -0.72621846
0.23990741, 0.77329296
0.0, 0.08578415, 0.087148
0.0, 0.63454086, 0.77285075
0.11812532, 0.9999969
0.01078937, 0.08578415, 0.087148
0.58833581, 0.51310772, 0.62492752
0.10293895, 0.9999969
0.0, 0.09491743, 0.0411242
0.0, 0.69866025, 0.71541488
0.13695717, 0.90586632
0.01078937, 0.09491743, 0.0411242
0.85888243, 0.35779899, 0.36640522
0.12161887, 0.90586632
0.0, 0.07380438, -0.01907974
0.0, -0.38267159, -0.92385632
0.07843721, 0.76215726
0.01078931, 0.07380438, -0.01907974
0.63023776, -0.29709768, -0.71727651
0.07843721, 0.78273368
0.0, 0.10304274, 0.03971111
0.0, 0.76528215, 0.64366591
0.15190995, 0.90297621
0.01078937, 0.10304274, 0.03971111
0.58693194, 0.61958677, 0.52113408
0.13823718, 0.90297621
0.0, 0.05883688, -0.0041122
0.0, -0.92385632, -0.38267159
0.0255608, 0.81334615
0.01078934, 0.05883688, -0.0041122
0.63023776, -0.71727651, -0.29709768
0.04782483, 0.81334615
0.0, 0.13572378, 0.04599625
0.0, -0.70708334, 0.70708334
0.20151353, 0.91583097
0.01078937, 0.13572378, 0.04599625
0.57734919, -0.57734919, 0.57734919
0.20507836, 0.91583097
0.0, 0.10304268, 0.02150979
0.0, 0.70708334, 0.70708334
0.15190995, 0.86971015
0.0, 0.05883688, 0.02337265
0.0, -0.92385632, 0.38267159
0.02586389, 0.86955982
0.01078937, 0.05883688, 0.02337265
0.63023776, -0.71727651, 0.29709768
0.04782483, 0.86955982
0.01078934, 0.19948806, 0.01212867
0.82341993, 0.50697351, 0.25482956
0.33549288, 0.84656298
0.0, 0.19948806, 0.04333709
0.0, 0.70708334, 0.70708334
0.34182999, 0.91039228
0.01078937, 0.19948806, 0.04333709
0.57734919, 0.57734919, 0.57734919
0.33549288, 0.91039228
0.0, 0.13881816, 0.04599625
0.0, 0.70708334, 0.70708334
0.21803212, 0.91583097
0.01078937, 0.13881816, 0.04599625
0.57734919, 0.57734919, 0.57734919
0.21140718, 0.91583097
0.0, 0.0675144, 0.03205021
0.0, -0.972808, 0.23157445
0.04474011, 0.8873077
0.0, 0.19948806, 0.01212867
0.0, 0.89345986, 0.44911039
0.34182999, 0.84656298
0.0, 0.19684686, 0.04333709
0.0, -0.70708334, 0.70708334
0.32290366, 0.91039228
0.01078925, 0.19684686, -0.01313686
0.90450758, -0.30149236, 0.30149236
0.33009103, 0.79488844
0.01078937, 0.19684686, 0.04333709
0.57734919, -0.57734919, 0.57734919
0.33009103, 0.91039228
0.0, 0.19684686, -0.01313686
0.0, -0.70708334, 0.70708334
0.32290366, 0.80119532
0.00311374, 0.38580418, 0.0048663
0.22745445, 0.80419326, 0.54911953
0.74636221, 0.83170952
0.0, 0.48544562, 0.0048663
0.0, 0.70708334, 0.70708334
0.95017362, 0.8372872
0.0, 0.38580418, 0.0048663
0.0, 0.70708334, 0.70708334
0.74636221, 0.83787216
0.00751714, 0.38580418, 0.0004629
0.54911953, 0.80416274, 0.22742394
0.74636221, 0.8227035
0.00311374, 0.48544562, 0.0048663
0.29709768, 0.63026828, 0.717246
0.9501549, 0.83170958
0.00751714, 0.38580418, -0.00576446
0.54911953, 0.80416274, -0.22745445
0.74636221, 0.809967
0.00751714, 0.48544562, 0.0004629
0.71727651, 0.63023776, 0.29709768
0.9501549, 0.8227035
0.00311374, 0.38580418, -0.01016786
0.22745445, 0.80416274, -0.54911953
0.74636221, 0.80096085
0.00751714, 0.48544562, -0.00576446
0.71727651, 0.63023776, -0.29709768
0.9501549, 0.809967
0.0, 0.38580418, -0.01016786
0.0, 0.70708334, -0.70708334
0.74636221, 0.79466785
0.00311374, 0.48544562, -0.01016786
0.29709768, 0.63026828, -0.717246
0.9501549, 0.80096085
0.00978214, 0.38580418, -0.00670265
0.71727651, 0.63023776, -0.29709768
0.7341693, 0.80804813
0.00311374, 0.38580418, -0.01016786
0.22745445, 0.80416274, -0.54911953
0.7341693, 0.80096084
0.00751714, 0.38580418, -0.00576446
0.54911953, 0.80416274, -0.22745445
0.7341693, 0.80996698
0.00751714, 0.48544562, 0.0004629
0.71727651, 0.63023776, 0.29709768
0.9608165, 0.82333848
0.0, 0.48544562, -0.01016786
0.0, 0.70708334, -0.70708334
0.97619081, 0.80159584
0.0, 0.48544562, 0.0048663
0.0, 0.70708334, 0.70708334
0.97619081, 0.83234456
0.0, 0.38580418, 0.0071313
0.0, 0.70708334, 0.70708334
0.7341693, 0.84584683
0.00311374, 0.38580418, 0.0048663
0.22745445, 0.80419326, 0.54911953
0.7341693, 0.8317095
0.0, 0.38580418, 0.0048663
0.0, 0.70708334, 0.70708334
0.7341693, 0.83787215
0.00405193, 0.38580418, 0.0071313
0.29709768, 0.63023776, 0.71727651
0.7341693, 0.83634204
0.00751714, 0.38580418, 0.0004629
0.54911953, 0.80416274, 0.22742394
0.7341693, 0.82270348
0.00978214, 0.38580418, 0.00140109
0.71727651, 0.63023776, 0.29709768
0.7341693, 0.82462227
0.0, 0.38580418, -0.01243286
0.0, 0.70708334, -0.70708334
0.7341693, 0.7879976
0.0, 0.38580418, -0.01016786
0.0, 0.70708334, -0.70708334
0.7341693, 0.79466784
0.00978214, 0.20480354, 0.00140109
0.92385632, 0.0, 0.38267159
0.36397639, 0.82462227
0.00405193, 0.20181958, -0.01243288
0.33381146, 0.0, -0.94262522
0.35787335, 0.79632825
0.00405193, 0.38580418, -0.01243287
0.29709768, 0.63023776, -0.71727651
0.7341693, 0.79632831
0.00405193, 0.20480354, 0.0071313
0.38267159, 0.0, 0.92385632
0.36397639, 0.83634204
0.00978214, 0.20480354, -0.00670265
0.90707111, 0.0, -0.4209418
0.36397639, 0.80804807
0.0, 0.20480354, 0.0071313
0.0, 0.0, 1.0
0.36406216, 0.84584683
0.00824018, 0.27685338, 0.00140109
0.72908717, -0.68077642, -0.07010102
0.51133692, 0.8544272
0.00824018, 0.3034966, 0.06726946
0.57734919, 0.57734919, 0.57734919
0.56582922, 0.98914506
0.00824018, 0.27007043, 0.06726946
0.5721305, -0.60890532, 0.54942471
0.49746415, 0.98914506
0.0, 0.27007043, 0.06726946
0.0, -0.74242377, 0.6699118
0.47867617, 0.98914506
0.00824018, 0.3034966, 0.00140109
0.70708334, 0.70708334, 0.0
0.56582922, 0.8544272
0.0, 0.3034966, 0.06726946
0.0, 0.70708334, 0.70708334
0.58284301, 0.98914506
0.0, 0.27685338, 0.00140109
0.0, -0.99472028, -0.10242012
0.49130788, 0.8544272
0.01078931, -0.12869219, -0.00268556
-0.2173223, 0.87090671, -0.44071779
0.0401918, 0.3619011
0.0, -0.11745807, 0.07838656
0.0, 0.77211827, 0.63542587
0.0631685, 0.52771443
0.01078931, -0.11745807, 0.07838656
-0.07309183, 0.99703968, -0.02322458
0.0631685, 0.52771443
0.01552165, 0.01232465, 0.01236392
0.74492627, -0.10666219, -0.65852839
0.32860759, 0.39268106
0.01552178, -0.11745807, 0.07838656
0.5854671, 0.56306648, 0.58320874
0.0631685, 0.52771443
0.0, -0.1269258, 0.07891648
0.0, -0.64552748, 0.76369518
0.0408763, 0.53470892
0.01552178, -0.1269258, 0.07891648
0.58030945, -0.52571183, 0.62193668
0.04380456, 0.52879828
0.0, -0.13588668, -0.00120445
0.0, -0.80907619, -0.58766443
0.01918015, 0.3612563
0.01078919, 0.0475291, 0.00064992
-0.76271856, -0.3398236, -0.55021822
0.40060988, 0.36872298
0.01078925, 0.07649423, 0.01814322
-0.64931178, 0.35593736, 0.67207861
0.45985106, 0.40450126
0.01078931, -0.11321877, 0.03196634
-0.89367354, 0.30249947, 0.33136997
0.071839, 0.43277305
0.01552178, 0.09364769, -0.01907974
0.63023776, 0.29709768, -0.71727651
0.4949342, 0.32837063
0.01078931, 0.09684119, -0.01588625
-0.63023776, 0.71727651, -0.29709768
0.5014658, 0.33490223
0.01552178, 0.09684119, -0.01588625
0.63023776, 0.71727651, -0.29709768
0.5014658, 0.33490223
0.01078931, 0.09684119, -0.00159042
-0.62898648, 0.71590322, 0.30295724
0.5014658, 0.36414081
0.01078931, -0.11321877, 0.01236392
-0.80236214, 0.22455519, -0.55296487
0.071839, 0.39268118
0.01552178, -0.11321877, 0.01236392
0.80236214, 0.22455519, -0.55296487
0.071839, 0.39268118
0.00563178, 0.11211893, 0.04326174
0.79250467, 0.20801416, -0.57322913
0.15680045, 0.91023815
0.00563178, 0.13572378, 0.04599625
0.70708334, 0.0, 0.70708334
0.20507842, 0.91583097
0.00563178, 0.11022599, 0.04599625
0.63582265, -0.27143162, 0.7224952
0.15292883, 0.91583097
0.01552178, -0.11321877, 0.03196634
0.89367354, 0.30249947, 0.33136997
0.071839, 0.43277305
0.01078931, 0.09364769, -0.01907974
-0.63023776, 0.29709768, -0.71727651
0.4949342, 0.32837063
0.01552178, 0.09684119, -0.00159042
0.62898648, 0.71590322, 0.30295724
0.5014658, 0.36414081
0.01078919, 0.01232465, 0.01236392
-0.74492627, -0.10666219, -0.65852839
0.32860759, 0.39268106
-0.00696038, 0.21754287, 0.02053376
-0.39381084, 0.49906918, -0.77187413
0.93824822, 0.52462584
0.00913732, 0.21754287, 0.04670765
0.84337902, 0.39436018, 0.36490983
0.93292457, 0.59543484
-0.00478343, 0.21754287, 0.01942307
0.1994995, 0.39436018, -0.89703053
0.93292457, 0.53278726
0.0, 0.10304274, 0.03971111
0.0, -0.65846735, 0.75258642
0.13018852, 0.91460085
0.00563178, 0.10304274, 0.03971111
0.8245796, -0.37250891, 0.42573321
0.13823718, 0.90297621
0.0, 0.11022599, 0.04599625
0.0, -0.3516953, 0.93609422
0.14955419, 0.92665118
0.00563178, 0.10304274, 0.03567518
0.48643452, 0.56031984, -0.67033905
0.13823718, 0.89472169
0.0, 0.11211893, 0.04326174
0.0, 0.34110537, -0.94000059
0.16082978, 0.89971256
0.0, 0.13572378, 0.04326174
0.0, 0.0, -1.0
0.20519465, 0.90057254
0.00563178, 0.13572378, 0.04326174
0.70708334, 0.0, -0.70708334
0.20507842, 0.91023815
-0.00219972, 0.19948806, 0.02986462
-0.12945952, -0.95855588, -0.25376141
0.89599782, 0.55421168
0.00219972, 0.19948806, 0.03848748
0.12945952, -0.95855588, 0.25376141
0.89599782, 0.57401043
0.00696038, 0.21754287, 0.04781834
0.39381084, 0.49906918, 0.77187413
0.9361189, 0.60297853
0.0, 0.35440457, -0.02545679
0.0, -0.19711906, -0.9803766
0.67897302, 0.76023038
0.00222949, 0.36037886, -0.01243287
0.73552662, 0.66566974, -0.12588885
0.68915552, 0.7824281
0.00222949, 0.34278131, -0.01243287
0.47688222, -0.61363566, -0.62926114
0.65916258, 0.7824281
0.0, 0.34278131, -0.01243287
0.0, -0.746086, -0.66582233
0.65916258, 0.7824281
0.0, 0.36037886, -0.02545679
0.0, 0.53883481, -0.84237188
0.68915552, 0.76023038
0.0, 0.36037886, -0.01243287
0.0, 1.0, 0.0
0.68915552, 0.7824281
-0.01552178, -0.13588668, -0.00120445
-0.58229315, -0.65773493, -0.47773674
0.02547726, 0.36493033
-0.01552178, -0.12869219, -0.00268556
-0.6153447, 0.22104557, -0.75661486
0.0401918, 0.3619011
-0.01078931, 0.06725879, -0.01907974
0.63023776, -0.29709768, -0.71727651
0.44096211, 0.32837063
-0.01552165, 0.0475291, 0.00064992
-0.76271856, -0.33985412, -0.55021822
0.40060988, 0.36872298
-0.01552178, 0.06725879, -0.01907974
-0.63023776, -0.29709768, -0.71727651
0.44096211, 0.32837063
-0.01078931, 0.00967506, 0.03196634
0.68486589, 0.0741905, 0.72484511
0.32318857, 0.43277305
-0.01552171, 0.07649423, 0.01814322
-0.64931178, 0.35590684, 0.67207861
0.45985106, 0.40450126
-0.01552178, 0.00967506, 0.03196634
-0.68486589, 0.0741905, 0.72484511
0.32318857, 0.43277305
-0.01078925, 0.19684686, -0.01313686
-0.90450758, -0.30149236, 0.30149236
0.33009103, 0.20511997
-0.01078932, 0.15275292, -0.0236957
-0.68242437, -0.08291879, -0.72621846
0.23990741, 0.22671545
-0.01078925, 0.13881813, -0.01313687
-0.90450758, 0.30149236, 0.30149236
0.21140718, 0.20511997
-0.0338641, 0.13881813, -0.00023602
-0.54896694, -0.63023776, -0.54896694
0.5486545, 0.49211943
-0.04789107, 0.19684686, 0.03362808
-0.77636033, 0.63023776, 0.0
0.66733831, 0.56138015
-0.0338641, 0.19684686, -0.00023602
-0.54896694, 0.63023776, -0.54896694
0.66733831, 0.49211943
-0.04789106, 0.13881813, 0.03362809
-0.77636033, -0.63023776, 0.0
0.5486545, 0.56138027
-0.0338641, 0.19684686, 0.06749217
-0.54896694, 0.63023776, 0.54896694
0.66733831, 0.63064104
-0.03386409, 0.13881813, 0.06749218
-0.54896694, -0.63023776, 0.54896694
0.5486545, 0.63064104
-0.01078932, 0.19595532, -0.0236957
-0.60686058, 0.41227454, -0.67949462
0.32826754, 0.22671545
0.0, 0.20480354, -0.00670265
0.0, 0.97131258, -0.23770867
0.34636441, 0.21517372
0.0, 0.19595532, -0.0236957
0.0, 0.51872313, -0.85491502
0.32826754, 0.24887139
-0.01078937, 0.10304268, 0.02150979
-0.90450758, 0.30149236, 0.30149236
0.13823724, 0.13425863
0.0, 0.13572378, 0.02150979
0.0, -0.70708334, 0.70708334
0.20151353, 0.13029826
-0.01078937, 0.13572378, 0.02150979
-0.90450758, -0.30149236, 0.30149236
0.20507836, 0.13425863
-0.01078932, 0.20480354, -0.00670265
-0.65730768, 0.73198646, -0.17914365
0.34636435, 0.19196033
0.0, 0.20480354, 0.00817759
0.0, 0.89345986, 0.44911039
0.3527995, 0.16152638
-0.0338641, 0.13881813, -0.00023602
-0.54896694, -0.63023776, -0.54896694
0.36775887, 0.49215174
0.0, 0.13881813, 0.08151914
0.0, -0.63023776, 0.77636033
0.4369874, 0.65928411
-0.03386409, 0.13881813, 0.06749218
-0.54896694, -0.63023776, 0.54896694
0.36775899, 0.63060874
-0.01078937, 0.0675144, 0.03205021
-0.84597307, -0.51869261, 0.12347789
0.06557262, 0.1127007
0.0, 0.04937994, 0.08714802
0.0, -0.81011385, 0.58623004
0.00662911, 1.15e-05
-0.01078937, 0.04937994, 0.08714802
-0.56242561, -0.66982025, 0.48472548
0.02848297, 1.15e-05
-0.04789107, 0.19684686, 0.03362808
-0.77636033, 0.63023776, 0.0
0.87995929, 0.56138027
0.0, 0.19684686, 0.08151914
0.0, 0.63023776, 0.77636033
0.78205556, 0.65928411
-0.01078937, 0.19684686, 0.04333709
-0.57734919, -0.57734919, 0.57734919
0.33009103, 0.08961612
-0.01078937, 0.19948806, 0.04333709
-0.57734919, 0.57734919, 0.57734919
0.33549288, 0.08961612
0.0, 0.15275292, -0.0236957
0.0, -0.11346782, -0.99353009
0.23990741, 0.24887139
0.0, 0.08578415, 0.087148
0.0, 0.63454086, 0.77285075
0.11812532, 1.15e-05
-0.01078937, 0.08578415, 0.087148
-0.58833581, 0.51310772, 0.62492752
0.10293895, 1.15e-05
0.0, 0.09491743, 0.0411242
0.0, 0.69866025, 0.71541488
0.13695717, 0.09414208
-0.01078937, 0.09491743, 0.0411242
-0.85888243, 0.35779899, 0.36640522
0.12161887, 0.09414208
-0.01078931, 0.13280766, -0.01907974
-0.73354292, -0.07708976, -0.67522204
0.19911426, 0.21727473
0.0, 0.07380438, -0.01907974
0.0, -0.38267159, -0.92385632
0.07843721, 0.23785114
-0.01078931, 0.07380438, -0.01907974
-0.63023776, -0.29709768, -0.71727651
0.07843721, 0.21727473
0.0, 0.13280766, -0.01907974
0.0, -0.11346782, -0.99353009
0.19911426, 0.23785114
0.0, 0.10304274, 0.03971111
0.0, 0.76528215, 0.64366591
0.15190995, 0.09703219
-0.01078937, 0.10304274, 0.03971111
-0.58693194, 0.61958677, 0.52113408
0.13823718, 0.09703219
0.0, 0.05883688, -0.0041122
0.0, -0.92385632, -0.38267159
0.0255608, 0.18666226
-0.01078934, 0.05883688, -0.0041122
-0.63023776, -0.71727651, -0.29709768
0.04782483, 0.18666226
0.0, 0.13572378, 0.04599625
0.0, -0.70708334, 0.70708334
0.20151353, 0.08417743
-0.01078937, 0.13572378, 0.04599625
-0.57734919, -0.57734919, 0.57734919
0.20507836, 0.08417743
0.0, 0.10304268, 0.02150979
0.0, 0.70708334, 0.70708334
0.15190995, 0.13029826
0.0, 0.05883688, 0.02337265
0.0, -0.92385632, 0.38267159
0.02586389, 0.13044858
-0.01078937, 0.05883688, 0.02337265
-0.63023776, -0.71727651, 0.29709768
0.04782483, 0.13044858
-0.01078934, 0.19948806, 0.01212867
-0.82341993, 0.50697351, 0.25482956
0.33549288, 0.15344542
0.0, 0.19948806, 0.01212867
0.0, 0.89345986, 0.44911039
0.34182999, 0.15344542
0.0, 0.13881816, 0.04599625
0.0, 0.70708334, 0.70708334
0.21803212, 0.08417743
-0.01078937, 0.13881816, 0.04599625
-0.57734919, 0.57734919, 0.57734919
0.21140718, 0.08417743
0.0, 0.0675144, 0.03205021
0.0, -0.972808, 0.23157445
0.04474011, 0.1127007
-0.01078933, 0.20480354, 0.00817759
-0.6186102, 0.70198673, 0.352855
0.34636435, 0.16152638
0.0, 0.19684686, 0.04333709
0.0, -0.70708334, 0.70708334
0.32290366, 0.08961612
0.0, 0.19684686, -0.01313686
0.0, -0.70708334, 0.70708334
0.32290366, 0.19881308
0.0, 0.13881813, -0.01313687
0.0, 0.70708334, 0.70708334
0.21803212, 0.19881308
-0.00311374, 0.38580418, 0.0048663
-0.22745445, 0.80416274, 0.54911953
0.74636221, 0.83170952
-0.00311374, 0.48544562, 0.0048663
-0.29709768, 0.63026828, 0.717246
0.9501549, 0.83170958
-0.00751714, 0.38580418, 0.0004629
-0.54911953, 0.80416274, 0.22745445
0.74636221, 0.8227035
-0.00751714, 0.48544562, 0.0004629
-0.71727651, 0.63023776, 0.29709768
0.9501549, 0.8227035
-0.00751714, 0.38580418, -0.00576446
-0.54911953, 0.80416274, -0.22745445
0.74636221, 0.809967
-0.00751714, 0.48544562, -0.00576446
-0.71727651, 0.63023776, -0.29709768
0.9501549, 0.809967
-0.00311374, 0.38580418, -0.01016786
-0.22745445, 0.80416274, -0.54911953
0.74636221, 0.80096085
-0.00311374, 0.48544562, -0.01016786
-0.29709768, 0.63026828, -0.717246
0.9501549, 0.80096085
-0.00311374, 0.38580418, -0.01016786
-0.22745445, 0.80416274, -0.54911953
0.7341693, 0.19904757
-0.00978214, 0.38580418, -0.00670265
-0.71727651, 0.63023776, -0.29709768
0.7341693, 0.19196028
-0.00751714, 0.38580418, -0.00576446
-0.54911953, 0.80416274, -0.22745445
0.7341693, 0.19004142
-0.00751714, 0.48544562, -0.00576446
-0.71727651, 0.63023776, -0.29709768
0.9608165, 0.81060198
-0.00751714, 0.48544562, 0.0004629
-0.71727651, 0.63023776, 0.29709768
0.9608165, 0.82333848
-0.00311374, 0.38580418, 0.0048663
-0.22745445, 0.80416274, 0.54911953
0.7341693, 0.1682989
0.0, 0.38580418, 0.0071313
0.0, 0.70708334, 0.70708334
0.73611349, 0.15850163
0.0, 0.38580418, 0.0048663
0.0, 0.70708334, 0.70708334
0.73753893, 0.16213626
-0.00751714, 0.38580418, 0.0004629
-0.54911953, 0.80416274, 0.22745445
0.7341693, 0.17730492
-0.00405193, 0.38580418, 0.0071313
-0.29709768, 0.63023776, 0.71727651
0.7341693, 0.16366637
-0.00978214, 0.38580418, 0.00140109
-0.71727651, 0.63023776, 0.29709768
0.7341693, 0.17538613
0.0, 0.38580418, -0.01243286
0.0, 0.70708334, -0.70708334
0.7362138, 0.20902455
-0.00405193, 0.38580418, -0.01243287
-0.29709768, 0.63023776, -0.71727651
0.7341693, 0.2036801
-0.00978214, 0.20480354, 0.00140109
-0.92385632, 0.0, 0.38267159
0.36397639, 0.17538613
-0.00405193, 0.20181958, -0.01243288
-0.33381146, 0.0, -0.94262522
0.35787335, 0.20368016
-0.00405193, 0.20480354, 0.0071313
-0.38267159, 0.0, 0.92385632
0.36397639, 0.16366637
-0.00978214, 0.20480354, -0.00670265
-0.90707111, 0.0, -0.4209418
0.36397639, 0.19196033
0.0, 0.20480354, 0.0071313
0.0, 0.0, 1.0
0.36406216, 0.15416157
-0.00824018, 0.27685338, 0.00140109
-0.72908717, -0.68077642, -0.07010102
0.51133692, 0.8544272
-0.00824018, 0.3034966, 0.06726946
-0.57734919, 0.57734919, 0.57734919
0.56582922, 0.98914506
-0.00824018, 0.3034966, 0.00140109
-0.70708334, 0.70708334, 0.0
0.56582922, 0.8544272
-0.00824018, 0.27007043, 0.06726946
-0.5721305, -0.60890532, 0.54942471
0.49746415, 0.98914506
-0.01078931, -0.12869219, -0.00268556
0.2173223, 0.87090671, -0.44071779
0.0401918, 0.3619011
-0.01078931, -0.11745807, 0.07838656
0.07309183, 0.99703968, -0.02322458
0.0631685, 0.52771443
-0.01552165, 0.01232465, 0.01236392
-0.74492627, -0.10666219, -0.65852839
0.32860759, 0.39268106
-0.01552178, -0.11745807, 0.07838656
-0.5854671, 0.56306648, 0.58320874
0.0631685, 0.52771443
-0.01552178, -0.1269258, 0.07891648
-0.58030945, -0.52571183, 0.62193668
0.04380456, 0.52879828
-0.01078925, 0.07649423, 0.01814322
0.64931178, 0.35593736, 0.67207861
0.45985106, 0.40450126
-0.01078919, 0.0475291, 0.00064992
0.76271856, -0.3398236, -0.55021822
0.40060988, 0.36872298
-0.01078931, -0.11321877, 0.03196634
0.89367354, 0.30249947, 0.33136997
0.071839, 0.43277305
-0.01078931, -0.11321877, 0.01236392
0.80236214, 0.22455519, -0.55296487
0.071839, 0.39268118
-0.01078931, 0.09684119, -0.01588625
0.63023776, 0.71727651, -0.29709768
0.5014658, 0.33490223
-0.01552178, 0.09364769, -0.01907974
-0.63023776, 0.29709768, -0.71727651
0.4949342, 0.32837063
-0.01552178, 0.09684119, -0.01588625
-0.63023776, 0.71727651, -0.29709768
0.5014658, 0.33490223
-0.01078931, 0.09684119, -0.00159042
0.62898648, 0.71590322, 0.30295724
0.5014658, 0.36414081
-0.01552178, 0.09684119, -0.00159042
-0.62898648, 0.71590322, 0.30295724
0.5014658, 0.36414081
-0.01552178, -0.11321877, 0.01236392
-0.80236214, 0.22455519, -0.55296487
0.071839, 0.39268118
-0.00563178, 0.13572378, 0.04599625
-0.70708334, 0.0, 0.70708334
0.20507842, 0.08417743
-0.00563178, 0.13572378, 0.04326174
-0.70708334, 0.0, -0.70708334
0.20507842, 0.08977026
-0.00563178, 0.11211893, 0.04326174
-0.79250467, 0.20801416, -0.57322913
0.15680045, 0.08977026
-0.01552178, -0.11321877, 0.03196634
-0.89367354, 0.30249947, 0.33136997
0.071839, 0.43277305
-0.01078931, 0.09364769, -0.01907974
0.63023776, 0.29709768, -0.71727651
0.4949342, 0.32837063
0.00478343, 0.21754287, 0.04892903
-0.1994995, 0.39436018, 0.89703053
0.93292457, 0.59543484
-0.00913732, 0.21754287, 0.02164445
-0.84337902, 0.39436018, -0.36490983
0.93292457, 0.53278726
0.0, 0.10304274, 0.03971111
0.0, -0.65846735, 0.75258642
0.13018852, 0.08540756
-0.00563178, 0.11022599, 0.04599625
-0.63582265, -0.27143162, 0.7224952
0.15292883, 0.08417743
-0.00563178, 0.10304274, 0.03971111
-0.8245796, -0.37250891, 0.42573321
0.13823718, 0.09703219
0.0, 0.11022599, 0.04599625
0.0, -0.3516953, 0.93609422
0.14955419, 0.07335722
0.0, 0.11211893, 0.04326174
0.0, 0.34110537, -0.94000059
0.16082978, 0.10029584
-0.00563178, 0.10304274, 0.03567518
-0.48643452, 0.56031984, -0.67033905
0.13823718, 0.10528672
0.0, 0.13572378, 0.04326174
0.0, 0.0, -1.0
0.20519465, 0.09943587
-0.00222949, 0.36037886, -0.01243287
-0.73552662, 0.66566974, -0.12588885
0.68915552, 0.7824281
-0.00222949, 0.34278131, -0.01243287
-0.47688222, -0.61363566, -0.62926114
0.65916258, 0.7824281
0.01744917, 0.36037886, -0.00576446
0.80541396, 0.23899044, -0.54234445
0.68286139, 0.85287827
0.00978214, 0.35538906, 0.0004629
0.46095157, -0.70824307, 0.53465378
0.66816556, 0.87121889
0.00978214, 0.35538906, -0.00576446
0.46095157, -0.70824307, -0.53465378
0.66816556, 0.85287827
0.00978214, 0.36037886, -0.00576446
0.0, 0.70708334, -0.70708334
0.68286139, 0.85287827
0.01744917, 0.36037886, 0.0004629
0.80541396, 0.23899044, 0.54234445
0.68286139, 0.87121889
0.00978214, 0.36037886, 0.0004629
0.0, 0.70708334, 0.70708334
0.68286139, 0.87121889
0.0, 0.13881813, 0.08151914
0.0, -0.63023776, 0.77636033
0.5486545, 0.70560843
0.0, 0.19595532, -0.0236957
0.0, 0.51872313, -0.85491502
0.32826754, 0.75113702
0.0338641, 0.13881813, -0.00023602
0.54896694, -0.63023776, -0.54896694
0.50621593, 0.49215174
0.0338641, 0.19684686, -0.00023602
0.54896694, 0.63023776, -0.54896694
0.71282691, 0.49215174
0.0, 0.13280766, -0.01907974
0.0, -0.11346782, -0.99353009
0.19911426, 0.76215726
0.0, 0.13881813, -0.01313687
0.0, 0.70708334, 0.70708334
0.21803212, 0.80119532
0.0, 0.48544562, -0.01016786
0.0, 0.70708334, -0.70708334
0.95015574, 0.79469587
0.00311374, 0.48544562, 0.0048663
0.29709768, 0.63026828, 0.717246
0.96982253, 0.83234456
0.00751714, 0.48544562, -0.00576446
0.71727651, 0.63023776, -0.29709768
0.9608165, 0.81060198
0.00311374, 0.48544562, -0.01016786
0.29709768, 0.63026828, -0.717246
0.96982253, 0.80159584
0.0, 0.20181958, -0.01243288
0.0, 0.0, -1.0
0.35793909, 0.7879976
0.0, 0.3034966, 0.00140109
0.0, 1.0, 0.0
0.58284301, 0.8544272
0.0, -0.12869219, -0.00268556
0.0, 0.57698292, -0.81673634
0.04019198, 0.3619011
0.0, -0.11745807, 0.07838656
0.0, 0.77211827, 0.63542587
0.06449875, 0.53170806
0.0, 0.13572378, 0.04599625
0.0, 0.0, 1.0
0.20477438, 0.92802751
0.0, 0.10304274, 0.03567518
0.0, 0.64131594, -0.76723534
0.14434868, 0.88687539
-0.04789106, 0.13881813, 0.03362809
-0.77636033, -0.63023776, 0.0
0.33908355, 0.56138039
-0.0338641, 0.19684686, -0.00023602
-0.54896694, 0.63023776, -0.54896694
0.85128397, 0.49215174
-0.0338641, 0.19684686, 0.06749217
-0.54896694, 0.63023776, 0.54896694
0.85128397, 0.63060874
-0.00311374, 0.48544562, 0.0048663
-0.29709768, 0.63026828, 0.717246
0.96982253, 0.83234456
-0.00311374, 0.48544562, -0.01016786
-0.29709768, 0.63026828, -0.717246
0.96982253, 0.80159584
0.0, 0.38580418, -0.01016786
0.0, 0.70708334, -0.70708334
0.7374751, 0.20534056
0.0, 0.20181958, -0.01243288
0.0, 0.0, -1.0
0.35793909, 0.2120108
-0.01078919, 0.01232465, 0.01236392
0.74492627, -0.10666219, -0.65852839
0.32860759, 0.39268106
0.0, 0.13572378, 0.04599625
0.0, 0.0, 1.0
0.20477438, 0.07198089
0.0, 0.10304274, 0.03567518
0.0, 0.64131594, -0.76723534
0.14434868, 0.11313301
# Number of Faces:
394
# Face Data:
0, 1, 2
3, 4, 5
6, 7, 8
9, 10, 11
12, 13, 14
15, 16, 12
17, 18, 15
19, 20, 21
22, 11, 23
21, 24, 25
26, 27, 28
29, 30, 31
14, 32, 33
34, 35, 36
37, 38, 39
40, 19, 41
42, 31, 43
44, 43, 45
46, 9, 47
9, 40, 41
48, 45, 49
50, 47, 51
52, 23, 53
54, 49, 11
55, 51, 56
57, 58, 59
60, 53, 61
62, 56, 30
25, 63, 57
64, 65, 66
67, 10, 65
10, 60, 61
68, 69, 70
71, 72, 68
73, 74, 71
75, 76, 73
77, 78, 75
79, 80, 81
82, 83, 84
85, 86, 87
88, 89, 86
90, 81, 89
80, 91, 92
93, 79, 90
94, 91, 95
96, 90, 88
97, 95, 79
98, 88, 85
99, 100, 101
100, 102, 101
103, 104, 100
101, 105, 99
106, 107, 108
109, 3, 8
110, 111, 112
112, 113, 0
114, 115, 4
116, 106, 108
117, 118, 119
6, 120, 115
2, 121, 122
109, 114, 3
123, 124, 125
8, 116, 126
5, 127, 117
119, 120, 128
109, 121, 129
126, 108, 110
130, 131, 132
125, 133, 134
124, 135, 125
136, 137, 123
123, 138, 139
140, 131, 141
131, 142, 141
132, 140, 130
143, 144, 145
145, 146, 143
147, 148, 144
1, 149, 150
151, 152, 153
154, 155, 156
157, 158, 159
160, 161, 162
163, 164, 161
165, 17, 164
166, 167, 168
169, 170, 171
172, 173, 167
174, 175, 176
177, 178, 179
32, 162, 33
180, 181, 34
182, 37, 183
166, 184, 158
179, 185, 186
186, 187, 188
189, 190, 191
189, 184, 192
188, 193, 194
191, 195, 196
171, 197, 198
194, 199, 169
196, 200, 201
202, 37, 203
198, 204, 205
201, 206, 177
207, 203, 173
157, 208, 182
159, 209, 157
159, 204, 210
69, 211, 70
212, 213, 211
214, 215, 213
216, 217, 215
218, 77, 217
219, 220, 221
83, 222, 223
224, 225, 226
227, 228, 224
221, 229, 227
219, 230, 231
220, 232, 229
230, 233, 231
229, 234, 228
231, 235, 220
228, 236, 225
237, 238, 239
102, 238, 240
104, 239, 238
105, 240, 237
107, 241, 242
156, 152, 243
111, 244, 245
113, 245, 149
246, 154, 247
248, 241, 249
250, 251, 252
155, 253, 254
249, 150, 255
247, 243, 152
256, 257, 258
248, 156, 259
260, 153, 251
253, 252, 254
243, 249, 255
242, 259, 244
261, 130, 262
263, 264, 265
266, 256, 264
267, 268, 258
269, 258, 257
141, 262, 140
261, 141, 142
262, 130, 140
143, 270, 147
271, 143, 146
147, 270, 148
272, 273, 274
275, 276, 272
272, 274, 275
276, 277, 273
0, 113, 1
3, 114, 4
6, 115, 7
30, 56, 11
51, 47, 11
9, 41, 10
19, 21, 65
57, 59, 66
21, 57, 65
47, 9, 11
43, 31, 30
57, 66, 65
10, 61, 23
25, 57, 21
61, 53, 23
19, 65, 41
43, 30, 45
11, 49, 45
45, 30, 11
41, 65, 10
10, 23, 11
11, 56, 51
12, 16, 13
15, 18, 16
17, 278, 18
19, 279, 20
22, 54, 11
21, 20, 24
280, 28, 27
26, 175, 27
29, 62, 30
14, 13, 32
36, 281, 34
34, 181, 35
37, 208, 38
40, 279, 19
42, 29, 31
44, 42, 43
46, 282, 9
9, 282, 40
48, 44, 45
50, 46, 47
52, 22, 23
54, 48, 49
55, 50, 51
57, 63, 58
60, 52, 53
62, 55, 56
25, 24, 63
64, 67, 65
67, 283, 10
10, 283, 60
68, 72, 69
71, 74, 72
73, 76, 74
75, 78, 76
77, 284, 78
79, 95, 80
84, 285, 82
82, 286, 83
287, 83, 286
85, 88, 86
88, 90, 89
90, 79, 81
80, 95, 91
93, 97, 79
94, 288, 91
96, 93, 90
97, 94, 95
98, 96, 88
99, 103, 100
100, 104, 102
103, 289, 104
101, 102, 105
106, 290, 107
126, 110, 112
112, 0, 126
0, 122, 126
6, 8, 3
0, 2, 122
126, 122, 8
119, 128, 117
5, 117, 128
3, 5, 6
8, 122, 109
5, 128, 6
110, 291, 111
112, 111, 113
127, 4, 120
129, 121, 7
118, 127, 120
121, 116, 7
120, 4, 115
114, 129, 7
7, 115, 114
116, 121, 106
117, 127, 118
6, 128, 120
2, 106, 121
109, 129, 114
134, 136, 123
123, 139, 124
125, 134, 123
8, 7, 116
5, 4, 127
119, 118, 120
109, 122, 121
126, 116, 108
130, 142, 131
125, 135, 133
124, 292, 135
136, 293, 137
123, 137, 138
140, 132, 131
143, 147, 144
1, 113, 149
151, 247, 152
154, 246, 155
196, 201, 169
177, 179, 186
188, 194, 169
177, 186, 188
191, 196, 169
166, 158, 157
189, 191, 169
177, 188, 169
171, 198, 205
201, 177, 169
171, 205, 159
189, 169, 159
207, 172, 202
182, 183, 202
202, 172, 157
169, 171, 159
157, 182, 202
189, 159, 158
157, 172, 166
160, 163, 161
163, 165, 164
165, 278, 17
166, 172, 167
169, 199, 170
172, 207, 173
176, 294, 174
174, 27, 175
177, 206, 178
32, 160, 162
34, 295, 180
180, 296, 181
182, 208, 37
166, 168, 184
179, 178, 185
186, 185, 187
189, 192, 190
189, 158, 184
188, 187, 193
191, 190, 195
171, 170, 197
194, 193, 199
196, 195, 200
202, 183, 37
198, 197, 204
201, 200, 206
207, 202, 203
157, 209, 208
159, 210, 209
159, 205, 204
69, 212, 211
212, 214, 213
214, 216, 215
216, 218, 217
218, 284, 77
219, 231, 220
223, 297, 84
84, 83, 223
298, 222, 83
224, 228, 225
227, 229, 228
221, 220, 229
219, 299, 230
220, 235, 232
230, 300, 233
229, 232, 234
231, 233, 235
228, 234, 236
237, 240, 238
102, 104, 238
104, 289, 239
105, 102, 240
107, 290, 241
245, 244, 259
259, 156, 255
155, 254, 153
252, 251, 254
251, 153, 254
149, 245, 259
255, 150, 149
255, 149, 259
155, 153, 152
243, 255, 156
155, 152, 156
111, 291, 244
113, 111, 245
247, 151, 246
260, 250, 253
253, 246, 151
154, 248, 249
154, 249, 301
260, 253, 151
154, 301, 247
248, 242, 241
250, 260, 251
155, 246, 253
249, 241, 150
247, 301, 243
258, 268, 265
264, 256, 258
258, 265, 264
248, 154, 156
260, 151, 153
253, 250, 252
243, 301, 249
242, 248, 259
261, 142, 130
263, 266, 264
266, 302, 256
267, 303, 268
269, 267, 258
141, 261, 262
143, 271, 270
272, 276, 273
275, 277, 276
