# Project Zomboid Skinned Mesh
# File Version:
1.0
# Model Name:
Cube.009
# Vertex Stride Element Count:
3
# Vertex Stride Size (in bytes):
76
# Vertex Stride Data:
# (Int)    Offset
# (String) Type
0
VertexArray
12
NormalArray
24
TextureCoordArray
# Vertex Count:
236
# Vertex Buffer:
0.01397022, 0.18641697, 0.0098071
0.60158086, 0.66658527, 0.44013795
0.70211238, 0.74123901
0.0, 0.18641697, -0.02868246
0.0, 0.70708334, -0.70708334
0.70211244, 0.65091079
0.0, 0.18641697, 0.0098071
0.0, 0.83446759, 0.55101168
0.70211238, 0.75687158
0.01397022, 0.14911883, 0.02573644
0.67021698, 0.16922514, 0.72258675
0.64057255, 0.76752168
0.01397022, 0.09594463, 0.00208884
0.79384744, -0.39512315, -0.46220282
0.55283791, 0.72850448
0.01397022, 0.13193788, -0.02868246
0.63679922, -0.26700643, -0.72325814
0.61222482, 0.6777333
0.0, 0.10203408, 0.02839945
0.0, 0.05645924, 0.99838251
0.56325424, 0.79767185
0.0, 0.14911883, 0.02573644
0.0, 0.2280343, 0.97363198
0.64057255, 0.79485565
0.0, 0.13193788, -0.02868246
0.0, -0.34632406, -0.93807793
0.61222482, 0.65091079
0.01397022, 0.02660595, 0.05414226
0.83352154, -0.09823908, 0.54362619
0.29139501, 0.88430566
0.01397022, 0.02338769, 0.01029775
0.62968838, 0.24823755, -0.73607594
0.28608522, 0.81196451
0.01397022, 0.03873651, 0.02379469
0.84344006, 0.0957976, -0.52858061
0.31140977, 0.83423376
0.01397022, 0.18641697, -0.02868246
0.57734919, 0.57734919, -0.57734919
0.70211238, 0.6777333
0.00763429, 0.18641697, -0.00282893
0.92385632, 0.0, -0.38267159
0.11415887, 0.21913266
0.00763429, 0.42815441, 0.00349551
0.71727651, 0.63023776, 0.29709768
0.50762463, 0.22956753
0.00763429, 0.18641697, 0.00349551
0.92385632, 0.0, 0.38267159
0.11415887, 0.22956753
0.0034996, 0.46166843, -0.01000828
0.38267159, 0.0, 0.92385632
0.56830913, 0.17807734
0.0, 0.66848308, -0.01000828
0.0, 0.0, 1.0
0.90953922, 0.18403453
0.0, 0.46166843, -0.01000828
0.0, 0.0, 1.0
0.56830597, 0.18403357
0.00844877, 0.46166843, -0.0149575
0.92385632, 0.0, 0.38267159
0.56830913, 0.16652995
0.0034996, 0.66848308, -0.01000828
0.38267159, 0.0, 0.92385632
0.90954238, 0.17807823
0.00844877, 0.46166843, -0.0219567
0.92385632, 0.0, -0.38267159
0.56830913, 0.15498155
0.00844877, 0.66848308, -0.0149575
0.92385632, 0.0, 0.38267159
0.90954238, 0.16652995
0.0034996, 0.46166843, -0.02690583
0.38267159, 0.0, -0.92385632
0.56830913, 0.14343423
0.00844877, 0.66848308, -0.0219567
0.92385632, 0.0, -0.38267159
0.90954238, 0.15498155
0.00844877, 0.66848308, -0.0149575
0.0, 1.0, 0.0
0.92751479, 0.16754681
0.00844877, 0.66848308, -0.0219567
0.0, 1.0, 0.0
0.92751479, 0.15599853
0.0, 0.66848308, -0.01000828
0.0, 0.99996948, 0.0
0.94145477, 0.1757127
0.00316222, 0.18641697, 0.0079676
0.38267159, 0.0, 0.92385632
0.11418998, 0.24169469
0.0, 0.42815441, 0.0079676
0.0, 0.70708334, 0.70708334
0.50762463, 0.24907339
0.0, 0.18641697, 0.0079676
0.0, 0.0, 1.0
0.1142031, 0.24907339
0.00763428, 0.42815441, -0.00282893
0.71727651, 0.63023776, -0.29709768
0.50762463, 0.21913266
0.00804677, 0.10221611, 0.05087442
0.78279978, 0.19019136, 0.5924558
0.56318539, 0.85164565
0.00804677, 0.06905012, 0.0746161
0.58580279, -0.07089449, 0.80730611
0.50846338, 0.89081824
0.0080467, 0.06980531, 0.06938296
0.88592184, 0.03573718, -0.46238592
0.50970936, 0.88218379
0.0, 0.18641697, -0.00730102
0.0, 0.0, -1.0
0.11425155, 0.19860232
0.00316222, 0.42815441, -0.00730102
0.29709768, 0.63023776, -0.71727651
0.50762463, 0.20679659
0.00316222, 0.18641697, -0.00730102
0.38267159, 0.0, -0.92385632
0.11418426, 0.20695472
0.0, 0.46166843, -0.02690583
0.0, 0.0, -1.0
0.56831217, 0.13747793
0.0034996, 0.66848308, -0.02690583
0.38267159, 0.0, -0.92385632
0.90954232, 0.14343327
0.00316222, 0.42815441, 0.0079676
0.29709768, 0.63023776, 0.71727651
0.50762463, 0.24185151
0.0, 0.04201083, 0.06667761
0.0, 0.02920621, 0.99957275
0.3182652, 0.92746603
0.01397022, 0.04201083, 0.06667761
0.58540606, 0.02368236, 0.81035799
0.31681231, 0.90498841
0.0, 0.02660595, 0.05414226
0.0, 0.31974241, 0.94747764
0.29139504, 0.91171421
0.01397022, -0.10712202, 0.09927126
0.56132692, -0.48930326, 0.66743982
0.07075083, 0.9587661
0.01397022, 0.06688161, 0.04389869
0.74553668, 0.36432996, 0.55803096
0.35784757, 0.86740434
0.0, 0.06688161, 0.04389869
0.0, 0.54667807, 0.83733636
0.37032971, 0.88946694
0.01397022, 0.10203408, 0.02839945
0.74581134, 0.26874599, 0.60951567
0.41584748, 0.84183139
0.0, 0.10203408, 0.02839945
0.0, 0.40342417, 0.91500592
0.42583054, 0.86201364
0.0, 0.09594463, 0.00208884
0.0, -0.35471663, -0.93493456
0.39762333, 0.77686936
0.01397022, 0.09594463, 0.00208884
0.67461163, -0.26184881, -0.69014555
0.40580019, 0.79842037
0.01397022, -0.10553493, 0.01943198
0.58226264, -0.58928192, -0.56004518
0.0733695, 0.82703543
0.0, 0.02338769, 0.01029775
0.0, 0.31955931, -0.94753867
0.29467916, 0.78734654
0.0, 0.03873651, 0.02379469
0.0, 0.66032898, -0.75093842
0.31140977, 0.81150961
0.00804662, 0.10491945, 0.04622526
0.87664419, 0.2991119, -0.37681204
0.56764585, 0.84397477
0.00804662, 0.09925587, 0.0478614
0.86840421, -0.47349468, -0.14716025
0.55830115, 0.84667432
0.00804662, 0.09497677, 0.03565329
0.91567737, -0.15634632, 0.37022004
0.55124098, 0.82653153
0.0, -0.10553493, 0.01943198
0.0, -0.72484511, -0.68889433
0.07144786, 0.79564774
0.0080467, 0.0705605, 0.04698038
0.74059266, 0.36671042, 0.56300545
0.51095533, 0.84522069
0.0, 0.05822642, 0.05780412
0.0, 0.99945068, 0.03253273
0.50483125, 0.86159098
0.00804685, 0.05822642, 0.05780412
0.91204566, 0.40980256, 0.01333659
0.49060482, 0.86307925
0.00804677, 0.12523277, 0.05087442
0.60676903, 0.41273233, 0.679281
0.60116172, 0.85164565
0.0, 0.13828163, 0.02573644
0.0, 0.88753927, 0.46070743
0.63505709, 0.81782615
0.0, 0.12523277, 0.05087442
0.0, 0.51924193, 0.85460985
0.60810661, 0.86134988
0.0, 0.10221611, 0.05087442
0.0, 0.30564287, 0.95211643
0.56814218, 0.8669098
0.0, 0.0705605, 0.04698038
0.0, 0.54576248, 0.8379162
0.51927269, 0.84964067
0.0, 0.06980531, 0.06938296
0.0, 0.07705924, -0.99700916
0.51606536, 0.86892807
0.0, 0.09925587, 0.0478614
0.0, -0.95492417, -0.29673147
0.54200178, 0.85183418
0.0, 0.06905012, 0.0746161
0.0, -0.08749656, 0.99615467
0.50804508, 0.90452349
0.0, 0.05292033, 0.05812377
0.0, -0.71489608, 0.69917905
0.46975958, 0.87794632
0.00804677, 0.05292033, 0.05812377
0.69930112, -0.51103246, 0.49977112
0.48185, 0.86360675
0.0, 0.10189898, 0.03326195
0.0, 0.93508714, 0.35435042
0.57378733, 0.82477468
0.0, 0.10491945, 0.04622526
0.0, 0.62169254, -0.78322703
0.57660705, 0.83458328
0.0, 0.12253992, 0.04622526
0.0, -0.5238502, -0.85177159
0.59141481, 0.83475596
0.00804677, 0.12253992, 0.04622526
0.84588152, -0.27939695, -0.45426801
0.59671849, 0.84397477
0.0, 0.13289653, 0.02573644
0.0, -0.89245278, -0.45109409
0.60524148, 0.80636281
0.0080468, 0.13289653, 0.02573644
0.79213846, -0.54466385, -0.27530748
0.61380649, 0.81016934
0.0, 0.09497677, 0.03565329
0.0, -0.38908046, 0.92117071
0.54454845, 0.83848429
0.01126236, 0.36572367, -0.00016512
0.63142794, 0.30179754, 0.71428573
0.81197399, 0.95327294
0.01126245, 0.18641697, -0.02079477
0.70708334, 0.0, -0.70708334
0.51612747, 0.91923511
0.01126236, 0.36572367, -0.02079477
0.63023776, 0.29709768, -0.71727651
0.81197399, 0.91923511
0.0080467, 0.10189898, 0.03326195
0.8562578, 0.48301646, 0.18305002
0.56266207, 0.822586
0.0, 0.11249824, 0.02573644
0.0, 0.57890558, 0.81536299
0.58382881, 0.81592774
0.01126244, 0.37195337, -0.00639478
0.63023776, 0.71727651, 0.29709768
0.82225257, 0.9429943
0.00499891, 0.36572367, -0.00016512
0.0, 0.44123662, 0.89736623
0.81642383, 0.9631173
0.00499891, 0.36572367, -0.02079477
0.0, 0.43592638, -0.89996034
0.81639069, 0.90925348
0.01126244, 0.37195337, -0.01456512
0.63023776, 0.71727651, -0.29709768
0.82225257, 0.92951375
0.0, 0.37195337, -0.00639478
0.0, 1.0, 0.0
0.84083498, 0.9429943
0.00499899, 0.18641697, 0.00237211
0.0, 0.01413007, 0.99987793
0.51633394, 0.96933246
0.01126245, 0.18641697, 0.00237211
0.70387888, 0.01004059, 0.71022677
0.51612747, 0.95745927
0.0, 0.37195337, -0.01456512
0.0, 0.70708334, -0.70708334
0.83591777, 0.91230488
0.0, 0.03873651, 0.02379469
0.0, -0.49525437, 0.8687399
0.47268644, 0.90738732
0.01397022, 0.03873651, 0.02379469
0.0, -0.92855614, -0.37116611
0.49286771, 0.90738732
0.01397022, 0.02660595, 0.05414226
0.0, -0.92855614, -0.37116611
0.49286771, 0.95745927
0.0, 0.18641697, -0.02690583
0.0, 0.0, -1.0
0.11419141, 0.13550496
0.0034996, 0.18641697, -0.02690583
0.38267159, 0.0, -0.92385632
0.11415887, 0.14343166
0.00844877, 0.18641697, -0.0219567
0.92385632, 0.0, -0.38267159
0.11415887, 0.15498155
0.00844877, 0.18641697, -0.0149575
0.92385632, 0.0, 0.38267159
0.11415887, 0.16652995
0.0034996, 0.18641697, -0.01000828
0.38267159, 0.0, 0.92385632
0.11415893, 0.17807984
0.0, 0.46166843, -0.01000828
0.0, 0.0, 1.0
0.5682767, 0.18600488
0.0, 0.18641697, -0.01000828
0.0, 0.0, 1.0
0.1141265, 0.18600655
0.0, 0.46166843, -0.01000828
0.0, 0.99996948, 0.0
0.70420909, 0.0862844
0.00844877, 0.46166843, -0.0149575
0.0, 1.0, 0.0
0.69026911, 0.07811868
0.00844877, 0.46166843, -0.0219567
0.0, 1.0, 0.0
0.69026911, 0.06657022
-0.01397022, 0.18641697, 0.0098071
-0.60158086, 0.66658527, 0.44013795
0.70211238, 0.56058249
0.0, 0.18641697, 0.0098071
0.0, 0.83446759, 0.55101168
0.70211238, 0.54495001
-0.01397022, 0.14911883, 0.02573644
-0.67021698, 0.16922514, 0.72258675
0.64057255, 0.53429982
-0.01397022, 0.09594463, 0.00208884
-0.79384744, -0.39512315, -0.46220282
0.55283791, 0.57331708
-0.01397022, 0.10203408, 0.02839945
-0.74260688, 0.03781243, 0.66863
0.56288517, 0.52990609
0.0, 0.10203408, 0.02839945
0.0, 0.05645924, 0.99838251
0.56325424, 0.50414971
0.0, 0.14911883, 0.02573644
0.0, 0.2280343, 0.97363198
0.64843094, 0.50696588
-0.01397022, 0.13193788, -0.02868246
-0.63679922, -0.26700643, -0.72325814
0.61222482, 0.62408823
-0.01397022, 0.02338769, 0.01029775
-0.62968838, 0.24823755, -0.73607594
0.28608522, 0.48985696
-0.01397022, 0.02660595, 0.05414226
-0.83352154, -0.09823908, 0.54362619
0.29139501, 0.41751587
-0.01397022, 0.03873651, 0.02379469
-0.84344006, 0.0957976, -0.52858061
0.31140977, 0.46758777
-0.01397022, 0.18641697, -0.02868246
-0.57734919, 0.57734919, -0.57734919
0.70211238, 0.62408823
-0.00763429, 0.42815441, 0.00349551
-0.71727651, 0.63023776, 0.29709768
0.50762463, 0.22945869
-0.00763429, 0.18641697, -0.00282893
-0.92385632, 0.0, -0.38267159
0.11415887, 0.21902382
-0.00763429, 0.18641697, 0.00349551
-0.92385632, 0.0, 0.38267159
0.11415887, 0.22945869
-0.0034996, 0.46166843, -0.01000828
-0.38267159, 0.0, 0.92385632
0.56830919, 0.17807823
-0.0034996, 0.66848308, -0.01000828
-0.38267159, 0.0, 0.92385632
0.90954238, 0.17807734
-0.00844877, 0.46166843, -0.0149575
-0.92385632, 0.0, 0.38267159
0.56830913, 0.16652995
-0.00844877, 0.66848308, -0.0149575
-0.92385632, 0.0, 0.38267159
0.90954238, 0.16652995
-0.00844877, 0.46166843, -0.0219567
-0.92385632, 0.0, -0.38267159
0.56830913, 0.15498155
-0.00844877, 0.66848308, -0.0219567
-0.92385632, 0.0, -0.38267159
0.90954238, 0.15498155
-0.0034996, 0.46166843, -0.02690583
-0.38267159, 0.0, -0.92385632
0.56830907, 0.14343327
0.0, 0.66848308, -0.02690583
0.0, 1.0, 0.0
0.94145477, 0.14783251
-0.00844877, 0.66848308, -0.0219567
0.0, 1.0, 0.0
0.95539474, 0.15599853
-0.00316222, 0.18641697, 0.0079676
-0.38267159, 0.0, 0.92385632
0.11418998, 0.24169469
0.0, 0.42815441, -0.00730102
0.0, 0.70708334, -0.70708334
0.50762463, 0.19841886
-0.00763428, 0.42815441, -0.00282893
-0.71727651, 0.63023776, -0.29709768
0.50762463, 0.21902382
-0.0080467, 0.06980531, 0.06938296
-0.88592184, 0.03573718, -0.46238592
0.50970936, 0.41486013
-0.00804677, 0.06905012, 0.0746161
-0.58580279, -0.07089449, 0.80730611
0.50846338, 0.40622574
-0.00804677, 0.10221611, 0.05087442
-0.78279978, 0.19019136, 0.5924558
0.56318539, 0.44539827
-0.00316222, 0.42815441, -0.00730102
-0.29709768, 0.63023776, -0.71727651
0.50762463, 0.20679659
0.0, 0.18641697, -0.00730102
0.0, 0.0, -1.0
0.11423248, 0.19841886
-0.00316222, 0.18641697, -0.00730102
-0.38267159, 0.0, -0.92385632
0.1141665, 0.20679659
-0.0034996, 0.66848308, -0.02690583
-0.38267159, 0.0, -0.92385632
0.90954238, 0.14343423
-0.00316222, 0.42815441, 0.0079676
-0.29709768, 0.63023776, 0.71727651
0.50762463, 0.24185151
0.0, 0.04201083, 0.06667761
0.0, 0.02920621, 0.99957275
0.3182652, 0.37435549
-0.01397022, 0.04201083, 0.06667761
-0.58540606, 0.02368236, 0.81035799
0.31681231, 0.39683324
-0.01397022, -0.10712202, 0.09927126
-0.56132692, -0.48930326, 0.66743982
0.07075083, 0.34305549
0.0, 0.02660595, 0.05414226
0.0, -0.17783135, 0.98403883
0.29139504, 0.39058495
-0.01397022, 0.06688161, 0.04389869
-0.74553668, 0.36432996, 0.55803096
0.35784757, 0.43441725
0.0, 0.06688161, 0.04389869
0.0, 0.54667807, 0.83733636
0.37032971, 0.41235471
-0.01397022, 0.10203408, 0.02839945
-0.74581134, 0.26874599, 0.60951567
0.41584748, 0.4599902
0.0, 0.10203408, 0.02839945
0.0, 0.40342417, 0.91500592
0.42583054, 0.43980795
0.0, 0.09594463, 0.00208884
0.0, -0.35471663, -0.93493456
0.39762336, 0.5249522
-0.01397022, 0.09594463, 0.00208884
-0.67461163, -0.26184881, -0.69014555
0.40580019, 0.50340122
-0.01397022, -0.10553493, 0.01943198
-0.58226264, -0.58928192, -0.56004518
0.0733695, 0.47478604
0.0, 0.02338769, 0.01029775
0.0, 0.31955931, -0.94753867
0.29467916, 0.51447514
0.0, 0.03873651, 0.02379469
0.0, 0.66032898, -0.75093842
0.31140977, 0.49031192
-0.00804662, 0.09497677, 0.03565329
-0.91567737, -0.15634632, 0.37022004
0.55124098, 0.47051233
-0.00804662, 0.09925587, 0.0478614
-0.86840421, -0.47349468, -0.14716025
0.55830115, 0.45036954
-0.00804662, 0.10491945, 0.04622526
-0.87664419, 0.2991119, -0.37681204
0.56764585, 0.45306909
0.0, -0.10553493, 0.01943198
0.0, -0.72484511, -0.68889433
0.07144774, 0.5061737
0.0, 0.05822642, 0.05780412
0.0, 0.99945068, 0.03253273
0.50483125, 0.43545294
-0.0080467, 0.0705605, 0.04698038
-0.74059266, 0.36671042, 0.56300545
0.51095533, 0.45182323
-0.00804685, 0.05822642, 0.05780412
-0.91204566, 0.40980256, 0.01333659
0.49060482, 0.43396461
-0.00804677, 0.12523277, 0.05087442
-0.60676903, 0.41273233, 0.679281
0.60116172, 0.44539827
0.0, 0.13828163, 0.02573644
0.0, 0.88753927, 0.46070743
0.63505703, 0.47921771
-0.0080468, 0.13828163, 0.02573644
-0.57078767, 0.72875148, 0.37827691
0.62269157, 0.48687458
0.0, 0.10221611, 0.05087442
0.0, 0.30564287, 0.95211643
0.56814218, 0.43013406
0.0, 0.0705605, 0.04698038
0.0, 0.54576248, 0.8379162
0.51927269, 0.44740325
0.0, 0.06980531, 0.06938296
0.0, 0.07705924, -0.99700916
0.51606548, 0.42811579
0.0, 0.06905012, 0.0746161
0.0, -0.08749656, 0.99615467
0.50804508, 0.39252043
0.0, 0.05292033, 0.05812377
0.0, -0.71489608, 0.69917905
0.46975958, 0.41909754
-0.00804677, 0.05292033, 0.05812377
-0.69930112, -0.51103246, 0.49977112
0.48185, 0.43343723
0.0, 0.10189898, 0.03326195
0.0, 0.93508714, 0.35435042
0.57378733, 0.47226924
-0.0080467, 0.10189898, 0.03326195
-0.8562578, 0.48301646, 0.18305002
0.56266207, 0.47445792
0.0, 0.12253992, 0.04622526
0.0, -0.5238502, -0.85177159
0.59141481, 0.46228796
-0.00804677, 0.12253992, 0.04622526
-0.84588152, -0.27939695, -0.45426801
0.59671849, 0.45306909
0.0, 0.13289653, 0.02573644
0.0, -0.89245278, -0.45109409
0.60524148, 0.49068111
-0.0080468, 0.13289653, 0.02573644
-0.79213846, -0.54466385, -0.27530748
0.61380649, 0.48687458
0.0, 0.09925587, 0.0478614
0.0, -0.95492417, -0.29673147
0.54200178, 0.44520968
-0.01126236, 0.36572367, -0.02079477
-0.63023776, 0.29709768, -0.71727651
0.81197399, 0.91923511
-0.01126236, 0.36572367, -0.00016512
-0.63142794, 0.30179754, 0.71428573
0.81197399, 0.95327294
-0.01126244, 0.37195337, -0.00639478
-0.63023776, 0.71727651, 0.29709768
0.82225257, 0.9429943
0.0, 0.11249824, 0.02573644
0.0, 0.57890558, 0.81536299
0.58382881, 0.48111624
-0.0080468, 0.11249824, 0.02573644
-0.36579487, 0.53877378, 0.75884277
0.58015043, 0.48687458
-0.00499891, 0.36572367, -0.00016512
0.0, 0.44123662, 0.89736623
0.81644267, 0.96309429
-0.00499899, 0.18641697, -0.02079477
0.0, 0.0, -1.0
0.51614428, 0.90874779
-0.01126245, 0.18641697, -0.02079477
-0.70708334, 0.0, -0.70708334
0.51612747, 0.91923511
-0.01126244, 0.37195337, -0.01456512
-0.63023776, 0.71727651, -0.29709768
0.82225257, 0.92951375
-0.00499899, 0.18641697, 0.00237211
0.0, 0.01413007, 0.99987793
0.51633048, 0.96933055
-0.01126245, 0.18641697, 0.00237211
-0.70387888, 0.01004059, 0.71022677
0.51612747, 0.95745927
-0.00499891, 0.36572367, -0.02079477
0.0, 0.43592638, -0.89996034
0.81636864, 0.90922737
-0.01397022, 0.02660595, 0.05414226
0.0, -0.92855614, -0.37116611
0.45250517, 0.95745927
-0.01397022, 0.03873651, 0.02379469
0.0, -0.92855614, -0.37116611
0.45250517, 0.90738732
-0.0034996, 0.18641697, -0.02690583
-0.38267159, 0.0, -0.92385632
0.11415893, 0.14343327
-0.00844877, 0.18641697, -0.0219567
-0.92385632, 0.0, -0.38267159
0.11415887, 0.15498155
-0.00844877, 0.18641697, -0.0149575
-0.92385632, 0.0, 0.38267159
0.11415887, 0.16652995
-0.0034996, 0.18641697, -0.01000828
-0.38267159, 0.0, 0.92385632
0.11415881, 0.17807823
-0.00844877, 0.46166843, -0.0219567
0.0, 1.0, 0.0
0.71814907, 0.06657022
0.0, 0.46166843, -0.02690583
0.0, 1.0, 0.0
0.70420909, 0.05840439
0.00844877, 0.43451375, -0.0149575
0.74169135, 0.64278084, 0.19150364
0.52422619, 0.18383783
0.00312322, 0.42815441, 0.00566643
0.63191628, -0.75765252, 0.16315195
0.50762463, 0.23601604
0.00844877, 0.42815441, -0.0149575
0.74169135, -0.64278084, 0.19150364
0.50762463, 0.18383783
-0.00844877, 0.43451375, -0.0149575
-0.74169135, 0.64278084, 0.19150364
0.52422619, 0.18383783
0.00312322, 0.43451375, 0.00566643
0.63191628, 0.75765252, 0.16315195
0.52422619, 0.23601604
-0.00844877, 0.42815441, -0.0149575
-0.74169135, -0.64278084, 0.19150364
0.50762463, 0.18383783
-0.00312322, 0.42815441, 0.00566643
-0.63191628, -0.75765252, 0.16315195
0.50762463, 0.23601604
-0.00312322, 0.43451375, 0.00566643
-0.63191628, 0.75765252, 0.16315195
0.52422619, 0.23601604
0.01397022, 0.10203408, 0.02839945
0.74260688, 0.03781243, 0.66863
0.56288517, 0.7719155
0.0, 0.09594463, 0.00208884
0.0, -0.64980012, -0.76006347
0.55283791, 0.70004359
0.0034996, 0.66848308, -0.01000828
0.0, 0.99996948, 0.0
0.93568069, 0.1757127
0.0034996, 0.66848308, -0.02690583
0.0, 1.0, 0.0
0.93568069, 0.14783251
0.0, 0.66848308, -0.02690583
0.0, 0.0, -1.0
0.90954542, 0.1374771
0.0, 0.02660595, 0.05414226
0.0, -0.63115329, 0.77562791
0.29139504, 0.91123658
0.0, -0.10712202, 0.09927126
0.0, -0.5912351, 0.80648214
0.06751025, 0.98577189
0.0, 0.03873651, 0.02379469
0.0, -0.35471663, -0.93493456
0.31140977, 0.81268275
0.00804677, 0.06760027, 0.04471245
1.0, 0.0, 0.0
0.50607121, 0.84147865
0.0080468, 0.10964666, 0.02573644
1.0, 0.0, 0.0
0.57544547, 0.81016934
0.0080468, 0.11249824, 0.02573644
0.36579487, 0.53877378, 0.75884277
0.58015043, 0.81016934
0.0080468, 0.13828163, 0.02573644
0.57078767, 0.72875148, 0.37827691
0.62269157, 0.81016934
0.0, 0.37195337, -0.00639478
0.0, 0.70708334, 0.70708334
0.83582121, 0.96009219
0.00499899, 0.18641697, -0.02079477
0.0, 0.0, -1.0
0.51614517, 0.90874732
0.0, 0.37195337, -0.01456512
0.0, 1.0, 0.0
0.84083498, 0.92951375
0.0, 0.02660595, 0.05414226
0.0, -0.49525437, 0.8687399
0.47268644, 0.95745927
0.0, 0.46166843, -0.02690583
0.0, 0.0, -1.0
0.56834173, 0.13550663
0.0034996, 0.46166843, -0.02690583
0.0, 1.0, 0.0
0.69843501, 0.05840439
0.0034996, 0.46166843, -0.01000828
0.0, 0.99996948, 0.0
0.69843501, 0.0862844
0.0, 0.09594463, 0.00208884
0.0, -0.64980012, -0.76006347
0.55283791, 0.60177794
-0.0034996, 0.66848308, -0.01000828
0.0, 0.99996948, 0.0
0.94722885, 0.1757127
-0.00844877, 0.66848308, -0.0149575
0.0, 1.0, 0.0
0.95539474, 0.16754681
-0.0034996, 0.66848308, -0.02690583
0.0, 1.0, 0.0
0.94722885, 0.14783251
0.0, -0.10712202, 0.09927126
0.0, -0.5912351, 0.80648214
0.06751031, 0.3160497
0.0, 0.03873651, 0.02379469
0.0, -0.35471663, -0.93493456
0.31140977, 0.48913878
-0.0080468, 0.10964666, 0.02573644
-1.0, 0.0, 0.0
0.57544547, 0.48687458
-0.00804677, 0.06760027, 0.04471245
-1.0, 0.0, 0.0
0.50607121, 0.45556527
0.0, 0.12523277, 0.05087442
0.0, 0.51924193, 0.85460985
0.60810661, 0.43569398
0.0, 0.09497677, 0.03565329
0.0, -0.38908046, 0.92117071
0.54454845, 0.45855963
0.0, 0.10491945, 0.04622526
0.0, 0.62169254, -0.78322703
0.57660705, 0.4624607
-0.0034996, 0.46166843, -0.02690583
0.0, 1.0, 0.0
0.70998317, 0.05840439
-0.00844877, 0.46166843, -0.0149575
0.0, 1.0, 0.0
0.71814907, 0.07811868
-0.0034996, 0.46166843, -0.01000828
0.0, 0.99996948, 0.0
0.70998317, 0.0862844
# Number of Faces:
288
# Face Data:
0, 1, 2
3, 4, 5
6, 3, 7
4, 8, 5
9, 10, 11
5, 1, 12
7, 0, 2
0, 5, 12
13, 14, 15
16, 17, 18
19, 20, 16
21, 22, 19
23, 24, 21
25, 26, 27
28, 29, 30
14, 31, 29
32, 33, 34
35, 36, 37
38, 39, 23
37, 31, 13
15, 40, 28
41, 9, 42
43, 44, 9
11, 45, 42
41, 45, 46
46, 47, 48
11, 49, 50
45, 50, 47
10, 44, 51
9, 11, 42
11, 52, 53
54, 55, 56
10, 57, 52
44, 57, 51
58, 59, 60
61, 62, 63
61, 64, 32
56, 65, 58
55, 66, 67
32, 68, 33
34, 59, 66
33, 69, 70
54, 71, 72
54, 73, 74
74, 75, 76
56, 67, 77
78, 79, 80
81, 82, 71
83, 84, 78
79, 85, 80
86, 87, 83
78, 88, 89
86, 85, 90
91, 92, 93
94, 23, 95
95, 21, 96
96, 19, 97
97, 16, 98
98, 99, 100
101, 102, 103
1, 104, 105
106, 107, 108
106, 109, 110
8, 107, 111
112, 113, 114
1, 111, 115
104, 110, 105
104, 111, 106
116, 117, 118
17, 119, 18
120, 121, 119
122, 123, 121
124, 125, 123
126, 127, 27
29, 128, 30
129, 130, 29
131, 132, 133
134, 135, 136
137, 38, 125
130, 136, 117
138, 118, 128
113, 139, 140
141, 142, 113
114, 140, 143
143, 139, 144
145, 144, 146
147, 114, 148
148, 143, 145
112, 149, 141
113, 140, 114
150, 114, 151
152, 153, 154
155, 112, 150
155, 141, 149
156, 157, 158
159, 160, 161
162, 159, 133
163, 152, 157
153, 164, 131
165, 133, 132
131, 156, 158
166, 132, 167
154, 168, 169
170, 154, 171
172, 171, 173
152, 174, 153
175, 176, 177
169, 178, 179
180, 177, 176
175, 181, 182
87, 183, 177
184, 176, 185
183, 186, 175
187, 188, 91
125, 94, 189
123, 189, 190
121, 190, 191
119, 191, 192
99, 192, 100
193, 101, 194
195, 196, 197
198, 199, 195
196, 200, 197
198, 201, 202
0, 12, 1
3, 203, 4
6, 203, 3
4, 204, 8
9, 44, 10
5, 8, 1
7, 3, 0
0, 3, 5
13, 31, 14
16, 20, 17
19, 22, 20
21, 24, 22
23, 39, 24
126, 27, 26
205, 25, 27
26, 206, 126
28, 40, 29
129, 29, 31
40, 14, 29
31, 36, 129
55, 61, 32
33, 70, 60
34, 55, 32
33, 60, 34
35, 129, 36
38, 207, 39
37, 36, 31
15, 14, 40
41, 208, 9
43, 209, 44
41, 42, 45
46, 45, 47
11, 210, 49
45, 11, 50
11, 10, 52
211, 212, 56
212, 213, 81
60, 70, 211
58, 60, 211
74, 76, 214
56, 58, 211
74, 214, 61
56, 212, 81
54, 74, 61
56, 81, 54
54, 61, 55
10, 51, 57
44, 209, 57
58, 65, 59
61, 214, 62
61, 63, 64
56, 77, 65
55, 34, 66
32, 64, 68
34, 60, 59
33, 68, 69
54, 81, 71
54, 72, 73
74, 73, 75
56, 55, 67
80, 86, 83
83, 78, 80
89, 79, 78
81, 213, 82
83, 215, 84
79, 216, 85
86, 217, 87
78, 84, 88
86, 80, 85
93, 218, 218
91, 91, 92
93, 218, 91
94, 219, 23
95, 23, 21
96, 21, 19
97, 19, 16
98, 16, 99
103, 220, 194
194, 101, 103
221, 102, 101
1, 115, 104
106, 111, 107
106, 108, 109
8, 222, 107
112, 141, 113
1, 8, 111
104, 106, 110
104, 115, 111
116, 130, 117
17, 120, 119
120, 122, 121
122, 124, 123
124, 137, 125
223, 27, 224
126, 225, 127
127, 224, 27
29, 138, 128
138, 29, 116
129, 134, 130
130, 116, 29
133, 159, 153
131, 158, 132
133, 153, 131
158, 167, 132
134, 129, 135
137, 207, 38
130, 134, 136
138, 116, 118
113, 142, 139
141, 226, 142
143, 140, 139
145, 143, 144
147, 227, 114
148, 114, 143
150, 112, 114
179, 228, 169
229, 167, 158
229, 158, 157
169, 228, 152
229, 157, 152
159, 161, 171
161, 173, 171
228, 229, 152
159, 171, 154
154, 169, 152
153, 159, 154
155, 149, 112
155, 226, 141
156, 163, 157
159, 230, 160
162, 230, 159
163, 231, 152
153, 174, 164
165, 162, 133
131, 164, 156
166, 165, 132
154, 232, 168
170, 232, 154
172, 170, 171
152, 231, 174
177, 183, 175
175, 182, 176
185, 176, 182
169, 168, 178
180, 215, 177
175, 186, 181
87, 217, 183
184, 180, 176
183, 90, 186
218, 218, 187
188, 91, 91
91, 218, 187
125, 219, 94
123, 125, 189
121, 123, 190
119, 121, 191
99, 119, 192
194, 233, 193
193, 234, 101
235, 101, 234
195, 199, 196
198, 202, 199
196, 201, 200
198, 200, 201
