# Project Zomboid Skinned Mesh
# File Version:
1.0
# Model Name:
Cube.005
# Vertex Stride Element Count:
3
# Vertex Stride Size (in bytes):
76
# Vertex Stride Data:
# (Int)    Offset
# (String) Type
0
VertexArray
12
NormalArray
24
TextureCoordArray
# Vertex Count:
204
# Vertex Buffer:
0.0, 0.05659559, -0.00325096
0.0, 0.82378614, 0.56685078
0.2264394, 0.80069368
0.00670406, 0.04776607, 0.00958088
0.7983337, 0.58601642, 0.13864559
0.17853139, 0.82722485
0.00670406, 0.05659559, -0.00325096
0.92495501, 0.3130894, 0.21543016
0.2062532, 0.78693703
0.0, 0.06235085, -0.00494885
0.0, 0.24753563, 0.96887112
0.39560601, 0.860744
0.00670406, 0.05659559, -0.00325096
0.0, 0.28293711, 0.95910519
0.37276816, 0.8356096
0.00670406, 0.06235085, -0.00494885
0.39683217, 0.2272103, 0.88930935
0.3914642, 0.83283503
0.00670406, 0.06235085, -0.00494885
0.99996948, 0.0, 0.0
0.22432289, 0.78160615
0.00670406, 0.05601056, -0.02212805
0.87942135, -0.11288796, -0.46241647
0.20441642, 0.72766906
0.00670406, 0.06235085, -0.02212805
1.0, 0.0, 0.0
0.22432289, 0.72766906
0.00670406, 0.05601056, -0.02212805
0.47724846, -0.66197699, -0.5778985
0.37017465, 0.79499649
0.0, 0.06394283, -0.03121419
0.0, -0.88720357, -0.4613483
0.36895275, 0.76080436
0.00670406, 0.06394283, -0.03121419
0.7642445, -0.57216102, -0.29752496
0.39146414, 0.77155276
0.00670406, 0.03554996, -0.01713193
0.62410355, -0.48530534, -0.6123234
0.1401768, 0.74335536
0.0, 0.05601056, -0.02212805
0.0, -0.23718986, -0.97143465
0.19891275, 0.70768771
0.00670406, 0.08028713, -0.04973181
0.90450758, 0.30149236, 0.30149236
0.43860388, 0.70937371
0.00670405, 0.07576858, -0.05341064
0.62559891, -0.31900999, -0.71190524
0.43117332, 0.70060495
0.0067041, 0.11118025, -0.04973181
0.90450758, -0.30149236, 0.30149236
0.53312117, 0.70937371
0.0, 0.04776607, 0.00958088
0.0, 0.97311318, 0.23020111
0.2034505, 0.83037864
0.00670406, 0.05077098, 0.03120704
0.57042146, 0.61943418, 0.53932309
0.18796581, 0.89512394
0.00670406, 0.01100001, 0.03120704
0.55656606, -0.70805997, 0.43455306
0.06309796, 0.89512415
0.0, 0.03554996, -0.01713193
0.0, -0.6211127, -0.78368479
0.12353392, 0.73507527
0.00670406, 0.11644378, -0.01667286
0.61674857, 0.50184637, 0.60640275
0.5463714, 0.81005754
0.0, 0.11644378, -0.01667286
0.0, 0.63753164, 0.77037871
0.56619906, 0.83121125
0.00670406, 0.12266693, -0.03132743
0.66484571, 0.73195595, 0.14896084
0.56210661, 0.77117242
0.0, 0.12266693, -0.03132743
0.0, 0.97988832, 0.19943845
0.59363627, 0.77639639
0.00670408, 0.12266693, -0.05341064
0.57734919, 0.57734919, -0.57734919
0.56210661, 0.70060495
0.0, 0.12266693, -0.05341064
0.0, 0.70708334, -0.70708334
0.56210661, 0.67229846
0.0, 0.06698038, -0.04355503
0.0, -0.88476211, -0.46598712
0.38032296, 0.71583417
0.00670406, 0.06698038, -0.04355503
0.65663624, -0.66725671, -0.35145116
0.40166399, 0.73011425
0.0, 0.07576858, -0.05341064
0.0, -0.40891752, -0.91253394
0.43117335, 0.67229846
0.00413692, 0.08991009, 0.00141133
0.8793298, -0.36310923, -0.3080233
0.49762622, 0.90994743
0.00413689, 0.09316759, -0.0135525
0.65550709, 0.75374615, 0.04620502
0.5149647, 0.85650119
0.00413689, 0.09210892, 0.00371167
0.59010589, 0.59935302, 0.54081851
0.50500959, 0.91767139
0.00225166, 0.12266693, -0.03926843
0.38267159, 0.0, 0.92385632
0.0305407, 0.28273553
0.0, 0.18755002, -0.03926843
0.0, 0.0, 1.0
0.30539557, 0.29029608
0.0, 0.12266693, -0.03926843
0.0, 0.0, 1.0
0.03054073, 0.2902962
0.00543598, 0.12266693, -0.04245276
0.92385632, 0.0, 0.38267159
0.0305407, 0.26761407
0.00225166, 0.18755002, -0.03926843
0.38267159, 0.0, 0.92385632
0.30539557, 0.28273541
0.00543598, 0.12266693, -0.04695608
0.92385632, 0.0, -0.38267159
0.0305407, 0.25249261
0.00543598, 0.18755002, -0.04245276
0.92385632, 0.0, 0.38267159
0.30539557, 0.26761407
0.0, 0.12266693, -0.05014041
0.0, 0.0, -1.0
0.0305407, 0.22981036
0.00225166, 0.18755002, -0.05014041
0.38267159, 0.0, -0.92385632
0.30539557, 0.23737115
0.00225166, 0.12266693, -0.05014041
0.38267159, 0.0, -0.92385632
0.0305407, 0.23737115
0.00543598, 0.18755002, -0.04695608
0.92385632, 0.0, -0.38267159
0.30539557, 0.25249261
0.0, 0.07403645, 0.00669897
0.0, -0.30503249, 0.95233011
0.43875584, 0.93925755
0.00413689, 0.06235085, -0.00494885
0.55803096, -0.58580279, 0.58769494
0.41246656, 0.87157249
0.00413689, 0.07403645, 0.00669897
0.61735892, -0.23993652, 0.74913788
0.44414729, 0.9243244
0.0, 0.09316759, -0.0135525
0.0, 0.99810785, 0.06118961
0.53312123, 0.860744
0.0, 0.09210892, 0.00371167
0.0, 0.74242377, 0.6699118
0.51370382, 0.92830586
0.00223771, 0.06680165, -0.04587031
0.83953369, -0.11328471, -0.53132725
0.10624558, 0.57423255
0.00223771, 0.07430449, -0.04934527
0.70696127, 0.34351635, -0.61821347
0.13143894, 0.56256407
0.00223771, 0.06261927, -0.03907091
0.78951383, -0.56880397, 0.23038423
0.09220204, 0.59706378
0.0, 0.06680165, -0.04587031
0.0, -0.20850246, -0.97799617
0.10372251, 0.56472018
0.00223771, 0.07202448, -0.05061219
0.59648424, -0.09207434, -0.79729605
0.12378299, 0.55831018
0.0, 0.05251363, -0.05055816
0.0, -0.83471173, -0.55064547
0.048419, 0.55141833
0.00223771, 0.05251363, -0.05055816
0.54155093, -0.70171207, -0.46290475
0.0582688, 0.55849162
0.0, 0.06261927, -0.03907091
0.0, -0.92684716, 0.37540817
0.08239391, 0.60094267
0.0, 0.07202448, -0.05061219
0.0, -0.11471908, -0.99337751
0.12346699, 0.55139109
0.0, 0.07430449, -0.04934527
0.0, 0.48570207, -0.87411118
0.13358068, 0.55388755
0.00223771, 0.06309567, -0.0292022
0.33365887, -0.94155705, 0.04544206
0.09380144, 0.63020134
0.0, 0.18755002, -0.05877146
0.0, 0.54118472, -0.84087652
0.27622828, 0.21161872
0.00225166, 0.16463944, -0.05014041
0.27439192, -0.38853115, -0.87960446
0.25985345, 0.22409457
0.0, 0.18258855, -0.05877146
0.0, -0.06256294, -0.9980163
0.26484004, 0.21161872
0.00543598, 0.18755002, -0.04695608
0.0, 1.0, 0.0
0.30856165, 0.30940765
0.0, 0.18755002, -0.03926843
0.0, 1.0, 0.0
0.32681486, 0.33522153
0.00543598, 0.18755002, -0.04245276
0.0, 1.0, 0.0
0.30856165, 0.32452911
0.0, 0.16463944, -0.05014041
0.0, -0.43333232, -0.90121156
0.25737306, 0.22237223
0.00225166, 0.18755002, -0.05014041
0.7417829, 0.64207894, -0.19351786
0.28291246, 0.22409457
0.0, 0.18755002, -0.05014041
0.0, 1.0, 0.0
0.28521338, 0.2221272
0.01130824, 0.10959073, -0.04260273
0.68623918, 0.60997343, -0.3961913
0.25793454, 0.42271978
0.0, 0.08164297, -0.04913156
0.0, 0.0, -1.0
0.17330711, 0.37887442
0.0, 0.10959073, -0.04913156
0.0, 0.0, -1.0
0.25793454, 0.37887436
0.01130824, 0.10959073, -0.02954508
0.68623918, 0.60997343, 0.3961913
0.25793454, 0.46656519
0.01130824, 0.08164297, -0.04260273
0.68623918, -0.60997343, -0.3961913
0.17330711, 0.42271978
0.0, 0.10959073, -0.02301627
0.0, 0.0, 1.0
0.25793454, 0.51041058
0.01130824, 0.08164297, -0.02954508
0.68623918, -0.60997343, 0.3961913
0.17330711, 0.46656519
0.0, 0.08164297, -0.02301627
0.0, -1.0, 0.0
0.13533591, 0.4884879
0.0, 0.08164297, -0.04913156
0.0, -1.0, 0.0
0.13533591, 0.40079707
0.0, 0.10959073, -0.02301627
0.0, 1.0, 0.0
0.29590574, 0.48848778
0.0, 0.10959073, -0.04913156
0.0, 1.0, 0.0
0.29590568, 0.40079707
0.0, 0.11118025, -0.04973181
0.0, 0.0, 0.99996948
0.5137648, 0.7265206
0.00670406, 0.11118025, -0.02259264
0.90450758, -0.30149236, -0.30149236
0.53312117, 0.8005024
0.0, 0.11118025, -0.04973181
0.0, -0.99996948, 0.0
0.51387221, 0.72758794
0.00670401, 0.08028713, -0.02259264
0.90450758, 0.30149236, -0.30149236
0.43860388, 0.8005024
0.00670406, 0.06235085, -0.02212805
1.0, 0.0, 0.0
0.39146414, 0.79499649
0.0, 0.08028713, -0.02259264
0.0, 0.0, -0.99996948
0.46057013, 0.78119564
0.0, 0.08028713, -0.04973181
0.0, 1.0, 0.0
0.4580512, 0.73307499
0.00413689, 0.07533896, 0.00414701
0.88018435, 0.22730187, -0.4166387
0.44852087, 0.91575558
0.00413689, 0.07069131, -0.0072801
0.73134553, 0.63173312, -0.25693533
0.42217466, 0.87014499
0.0, 0.07069131, -0.0072801
0.0, 0.92629778, -0.37675101
0.43123063, 0.86525869
0.0, 0.08991009, 0.00141133
0.0, -0.76256597, -0.64687032
0.4886668, 0.90169274
0.00413689, 0.09022687, -0.01312011
0.74199653, -0.67021698, -0.01458785
0.50509024, 0.85795316
0.0, 0.05077098, 0.03120704
0.0, 0.7541734, 0.65663624
0.20113237, 0.91093884
0.0, 0.01100001, 0.03120704
0.0, -0.85229039, 0.52305675
0.0429445, 0.90997371
-0.00670406, 0.04776607, 0.00958088
-0.7983337, 0.58601642, 0.13864559
0.17853136, 0.82722485
-0.00670406, 0.05659559, -0.00325096
-0.92495501, 0.3130894, 0.21543016
0.2062532, 0.78693703
-0.00670406, 0.05659559, -0.00325096
0.0, 0.28293711, 0.95910519
0.37276834, 0.50898716
0.0, 0.06235085, -0.00494885
0.0, 0.24753563, 0.96887112
0.39560607, 0.48385286
-0.00670406, 0.06235085, -0.00494885
-0.39683217, 0.2272103, 0.88930935
0.39146429, 0.5117617
-0.00670406, 0.06235085, -0.00494885
-0.99996948, 0.0, 0.0
0.22432289, 0.78160609
-0.00670406, 0.05601056, -0.02212805
-0.87942135, -0.11288796, -0.46241647
0.20441642, 0.72766906
0.0, 0.06394283, -0.03121419
0.0, -0.88720357, -0.4613483
0.36895284, 0.58379236
-0.00670406, 0.05601056, -0.02212805
-0.47724846, -0.66197699, -0.5778985
0.37017474, 0.54960027
-0.00670406, 0.06394283, -0.03121419
-0.7642445, -0.57216102, -0.29752496
0.39146423, 0.57304397
-0.00670406, 0.03554996, -0.01713193
-0.62410355, -0.48530534, -0.6123234
0.14017677, 0.74335536
-0.00670408, 0.12266693, -0.05341064
-0.57734919, 0.57734919, -0.57734919
0.56210661, 0.64399186
-0.00670405, 0.07576858, -0.05341064
-0.62559891, -0.31900999, -0.71190524
0.43117335, 0.64399186
-0.0067041, 0.11118025, -0.04973181
-0.90450758, -0.30149236, 0.30149236
0.53312153, 0.63522312
-0.00670406, 0.05077098, 0.03120704
-0.57042146, 0.61943418, 0.53932309
0.18796581, 0.89512388
-0.00670406, 0.01100001, 0.03120704
-0.55656606, -0.70805997, 0.43455306
0.06309793, 0.89512409
-0.00670406, 0.11644378, -0.01667286
-0.61674857, 0.50184637, 0.60640275
0.54637146, 0.53453919
0.0, 0.11644378, -0.01667286
0.0, 0.63753164, 0.77037871
0.56619906, 0.51338556
-0.00670406, 0.12266693, -0.03132743
-0.66484571, 0.73195595, 0.14896084
0.56210667, 0.57342431
0.0, 0.12266693, -0.03132743
0.0, 0.97988832, 0.19943845
0.59363639, 0.56820038
0.0, 0.06698038, -0.04355503
0.0, -0.88476211, -0.46598712
0.38032302, 0.62876257
-0.00670406, 0.06698038, -0.04355503
-0.65663624, -0.66725671, -0.35145116
0.40166402, 0.61448249
-0.00413689, 0.09316759, -0.0135525
-0.65550709, 0.75374615, 0.04620502
0.5149647, 0.48869139
-0.00413692, 0.08991009, 0.00141133
-0.8793298, -0.36310923, -0.3080233
0.49762622, 0.4352451
-0.00413689, 0.09210892, 0.00371167
-0.59010589, 0.59935302, 0.54081851
0.50500959, 0.42752123
-0.00225166, 0.12266693, -0.03926843
-0.38267159, 0.0, 0.92385632
0.03054073, 0.28273535
-0.00225166, 0.18755002, -0.03926843
-0.38267159, 0.0, 0.92385632
0.30539563, 0.28273541
-0.00543598, 0.12266693, -0.04245276
-0.92385632, 0.0, 0.38267159
0.03054073, 0.26761395
-0.00543598, 0.18755002, -0.04245276
-0.92385632, 0.0, 0.38267159
0.30539563, 0.26761395
-0.00543598, 0.12266693, -0.04695608
-0.92385632, 0.0, -0.38267159
0.03054073, 0.25249249
-0.00225166, 0.18755002, -0.05014041
-0.38267159, 0.0, -0.92385632
0.30539563, 0.23737103
-0.00225166, 0.12266693, -0.05014041
-0.38267159, 0.0, -0.92385632
0.03054073, 0.23737115
-0.00543598, 0.18755002, -0.04695608
-0.92385632, 0.0, -0.38267159
0.30539563, 0.25249249
-0.00413689, 0.06235085, -0.00494885
-0.55803096, -0.58580279, 0.58769494
0.41246656, 0.47362012
0.0, 0.07403645, 0.00669897
0.0, -0.30503249, 0.95233011
0.43875587, 0.40593511
-0.00413689, 0.07403645, 0.00669897
-0.61735892, -0.23993652, 0.74913788
0.44414729, 0.42086822
0.0, 0.09316759, -0.0135525
0.0, 0.99810785, 0.06118961
0.53312123, 0.48444861
0.0, 0.09210892, 0.00371167
0.0, 0.74242377, 0.6699118
0.51370382, 0.41688675
-0.00223771, 0.06261927, -0.03907091
-0.78951383, -0.56880397, 0.23038423
0.09220204, 0.59706378
-0.00223771, 0.07430449, -0.04934527
-0.70696127, 0.34351635, -0.61821347
0.13143894, 0.56256407
-0.00223771, 0.06680165, -0.04587031
-0.83953369, -0.11328471, -0.53132725
0.10624558, 0.57423255
-0.00223771, 0.07202448, -0.05061219
-0.59648424, -0.09207434, -0.79729605
0.12378299, 0.55831018
-0.00223771, 0.05251363, -0.05055816
-0.54155093, -0.70171207, -0.46290475
0.0582688, 0.55849162
-0.00223771, 0.06309567, -0.0292022
-0.33365887, -0.94155705, 0.04544206
0.09380144, 0.63020134
-0.00225166, 0.16463944, -0.05014041
-0.27439192, -0.38853115, -0.87960446
0.25985345, 0.22409457
-0.00225166, 0.18755002, -0.05014041
-0.7417829, 0.64207894, -0.19351786
0.28291246, 0.22409457
0.0, 0.18755002, -0.05014041
0.0, 1.0, 0.0
0.3268148, 0.29871517
-0.00543598, 0.18755002, -0.04695608
0.0, 1.0, 0.0
0.34506789, 0.30940765
-0.01130824, 0.10959073, -0.04260273
-0.68623918, 0.60997343, -0.3961913
0.25793451, 0.42271978
-0.01130824, 0.08164297, -0.04260273
-0.68623918, -0.60997343, -0.3961913
0.17330709, 0.42271978
-0.01130824, 0.10959073, -0.02954508
-0.68623918, 0.60997343, 0.3961913
0.25793451, 0.46656519
-0.01130824, 0.08164297, -0.02954508
-0.68623918, -0.60997343, 0.3961913
0.17330709, 0.46656519
-0.00670406, 0.08028713, -0.04973181
-0.90450758, 0.30149236, 0.30149236
0.43860397, 0.63522312
0.0, 0.11118025, -0.04973181
0.0, 0.0, 0.99996948
0.5137648, 0.61807719
-0.00670406, 0.11118025, -0.02259264
-0.90450758, -0.30149236, -0.30149236
0.53312153, 0.54409435
0.0, 0.11118025, -0.04973181
0.0, -0.99996948, 0.0
0.51387221, 0.61700979
0.0, 0.11118025, -0.02259264
0.0, -1.0, 0.0
0.5162189, 0.56498489
-0.00670401, 0.08028713, -0.02259264
-0.90450758, 0.30149236, -0.30149236
0.43860394, 0.54409438
0.0, 0.11118025, -0.02259264
0.0, 0.0, -1.0
0.51654392, 0.56484315
0.0, 0.08028713, -0.02259264
0.0, 0.0, -1.0
0.46057045, 0.56340054
0.0, 0.08028713, -0.04973181
0.0, 1.0, 0.0
0.45804891, 0.61151913
-0.00413689, 0.07533896, 0.00414701
-0.88018435, 0.22730187, -0.4166387
0.4485209, 0.42943698
0.0, 0.07069131, -0.0072801
0.0, 0.92629778, -0.37675101
0.43123069, 0.47993392
-0.00413689, 0.07069131, -0.0072801
-0.73134553, 0.63173312, -0.25693533
0.42217466, 0.47504759
-0.00413689, 0.09022687, -0.01312011
-0.74199653, -0.67021698, -0.01458785
0.5050903, 0.48723942
0.0, 0.08991009, 0.00141133
0.0, -0.76256597, -0.64687032
0.4886668, 0.44349986
0.0, 0.07533896, 0.00414701
0.0, 0.47892696, -0.87783438
0.45378339, 0.43966973
-0.00670406, 0.06235085, -0.02212805
-1.0, 0.0, 0.0
0.39146426, 0.54960027
0.01000167, 0.11118025, -0.0390825
0.9798578, 0.0, -0.19968261
0.00326028, 0.31706876
0.00739765, 0.18755002, -0.03466693
0.19486068, 0.57609791, 0.79378641
0.24531929, 0.33189547
0.00739765, 0.11118025, -0.03466693
0.23841059, 0.0, 0.97112948
0.00326028, 0.33189553
0.00543598, 0.11118025, -0.04245273
0.59385967, 0.0, -0.80452895
0.00326031, 0.29619092
0.01000167, 0.18755002, -0.0390825
0.79610586, 0.58293402, -0.16223639
0.24531929, 0.31706876
0.0, 0.18755002, -0.03926843
0.0, 1.0, 0.0
0.26258552, 0.33250076
0.0, 0.18755002, -0.03926843
-0.5281533, 0.0, 0.8491165
0.24531929, 0.35034066
0.0, 0.11118025, -0.03926843
-0.5281533, 0.0, 0.8491165
0.00326031, 0.35034084
0.0, 0.05659559, -0.00325096
0.0, 0.28293711, 0.95910519
0.37691, 0.86351855
0.0, 0.05601056, -0.02212805
0.0, -0.75331891, -0.65764338
0.35361797, 0.78409575
0.0, 0.18755002, -0.05014041
0.0, 0.0, -1.0
0.30539557, 0.22981048
0.0, 0.06235085, -0.00494885
0.0, -0.70595413, 0.70824307
0.39920267, 0.88050142
0.0, 0.06309567, -0.0292022
0.0, -0.99880975, 0.04818873
0.08694157, 0.63123128
0.00225166, 0.18755002, -0.03926843
0.0, 1.0, 0.0
0.3192541, 0.33522153
0.00225166, 0.18755002, -0.05014041
0.0, 1.0, 0.0
0.3192541, 0.29871517
0.0, 0.08164297, -0.02301627
0.0, 0.0, 1.0
0.17330709, 0.51041055
0.0, 0.08028713, -0.04973181
0.0, 0.0, 1.0
0.45919469, 0.73346862
0.0, 0.11118025, -0.02259264
0.0, -1.0, 0.0
0.5162186, 0.77961144
0.0, 0.11118025, -0.02259264
0.0, 0.0, -1.0
0.51654375, 0.77975297
0.0, 0.08028713, -0.02259264
0.0, 1.0, 0.0
0.45992535, 0.77975363
0.0, 0.07533896, 0.00414701
0.0, 0.47892696, -0.87783438
0.45378336, 0.90552289
0.0, 0.09022687, -0.01312011
0.0, -0.99975586, -0.02179022
0.49320582, 0.85675281
0.0, 0.05659559, -0.00325096
0.0, 0.28293711, 0.95910519
0.37691012, 0.48107827
-0.00670406, 0.06235085, -0.02212805
-1.0, 0.0, 0.0
0.22432289, 0.727669
0.0, 0.05601056, -0.02212805
0.0, -0.75331891, -0.65764338
0.35361806, 0.56050101
0.0, 0.06235085, -0.00494885
0.0, -0.70595413, 0.70824307
0.39920264, 0.46469116
-0.00543598, 0.18755002, -0.04245276
0.0, 1.0, 0.0
0.34506792, 0.32452911
-0.00225166, 0.18755002, -0.03926843
0.0, 1.0, 0.0
0.3343755, 0.33522153
-0.00225166, 0.18755002, -0.05014041
0.0, 1.0, 0.0
0.3343755, 0.29871517
0.0, 0.08028713, -0.04973181
0.0, 0.0, 1.0
0.45919204, 0.61112598
0.0, 0.08028713, -0.02259264
0.0, 1.0, 0.0
0.45992547, 0.56484231
0.0, 0.09022687, -0.01312011
0.0, -0.99975586, -0.02179022
0.49320582, 0.4884398
0.00543598, 0.18755002, -0.04245276
0.59385967, 0.0, -0.80452895
0.24531929, 0.29619092
0.00543598, 0.18755002, -0.04245276
0.0, 1.0, 0.0
0.26167256, 0.30634564
-0.00534395, 0.07249538, -0.05735068
-0.56968904, -0.53492844, -0.62388986
0.30829746, 0.68759677
0.00534394, 0.0980114, -0.05341064
0.17535935, 0.15021211, -0.97296059
0.38329387, 0.65655094
0.00534394, 0.07249538, -0.05735068
0.56968904, -0.53492844, -0.62388986
0.30829746, 0.656551
-0.00534394, 0.0980114, -0.05341064
-0.17535935, 0.15021211, -0.97296059
0.38329387, 0.68759674
-0.00534394, 0.07249538, -0.05016243
-0.67680901, -0.73613697, 0.0
0.31148392, 0.70823237
-0.00534394, 0.07249538, -0.05016243
-0.67680901, -0.73613697, 0.0
0.28741729, 0.68759677
0.00534394, 0.07249538, -0.05016243
0.67680901, -0.73613697, 0.0
0.28741729, 0.656551
0.00534394, 0.07249538, -0.05016243
0.67680901, -0.73613697, 0.0
0.31148386, 0.63591543
# Number of Faces:
240
# Face Data:
0, 1, 2
3, 4, 5
6, 7, 8
9, 10, 11
1, 7, 2
12, 13, 7
14, 15, 16
17, 18, 1
1, 19, 12
19, 20, 12
3, 21, 22
22, 23, 24
24, 25, 26
27, 15, 28
10, 28, 11
25, 29, 26
30, 31, 32
33, 34, 35
36, 37, 33
38, 39, 36
40, 41, 42
42, 43, 38
44, 45, 46
32, 47, 48
44, 32, 48
49, 50, 51
52, 53, 49
54, 49, 55
56, 55, 51
50, 57, 58
59, 56, 51
60, 61, 62
63, 64, 65
61, 66, 62
67, 60, 68
69, 70, 71
72, 73, 69
74, 75, 72
73, 76, 77
78, 69, 79
80, 14, 16
81, 82, 16
83, 84, 11
85, 81, 83
86, 83, 14
30, 46, 87
87, 45, 88
89, 87, 88
90, 91, 30
87, 90, 30
19, 92, 93
9, 11, 84
94, 0, 95
96, 97, 98
99, 100, 95
101, 102, 103
100, 94, 95
13, 104, 100
105, 106, 107
108, 17, 94
94, 109, 108
20, 109, 104
110, 97, 111
112, 111, 113
105, 113, 26
106, 114, 115
115, 101, 103
29, 105, 26
116, 117, 118
34, 119, 35
120, 121, 119
122, 123, 121
124, 40, 125
126, 125, 123
127, 128, 129
130, 118, 131
118, 128, 131
132, 133, 134
135, 52, 134
134, 54, 136
136, 56, 132
57, 133, 58
56, 137, 132
60, 138, 139
64, 140, 141
138, 62, 66
139, 68, 60
70, 142, 71
143, 144, 142
145, 74, 144
143, 76, 145
142, 78, 79
146, 147, 107
148, 149, 150
151, 110, 148
151, 152, 153
151, 154, 146
117, 129, 118
155, 127, 129
155, 156, 157
158, 159, 117
155, 159, 160
92, 109, 93
102, 161, 103
162, 163, 164
165, 166, 162
166, 167, 163
164, 168, 169
0, 17, 1
3, 170, 4
6, 2, 7
9, 171, 10
1, 12, 7
12, 20, 13
23, 21, 81
23, 81, 16
11, 28, 83
14, 83, 28
25, 23, 16
14, 28, 15
25, 16, 15
17, 92, 18
1, 18, 19
19, 93, 20
3, 5, 21
22, 21, 23
24, 23, 25
27, 29, 15
10, 27, 28
25, 15, 29
30, 91, 31
33, 37, 34
36, 39, 37
38, 43, 39
40, 172, 41
42, 41, 43
44, 173, 45
32, 31, 47
44, 46, 32
51, 55, 49
49, 53, 50
50, 59, 51
52, 57, 53
54, 52, 49
56, 54, 55
50, 53, 57
59, 174, 56
60, 67, 61
175, 65, 64
63, 176, 140
140, 64, 63
69, 73, 70
72, 75, 73
74, 177, 75
73, 75, 76
78, 72, 69
80, 178, 14
81, 179, 82
83, 81, 21
5, 84, 83
83, 21, 5
85, 180, 81
86, 181, 83
30, 32, 46
87, 46, 45
89, 182, 87
90, 183, 91
87, 182, 90
19, 18, 92
94, 17, 0
96, 184, 97
99, 185, 100
101, 186, 102
100, 104, 94
13, 20, 104
148, 110, 112
106, 115, 146
103, 151, 115
107, 148, 112
115, 151, 146
107, 112, 105
106, 146, 107
108, 92, 17
94, 104, 109
20, 93, 109
110, 98, 97
112, 110, 111
105, 112, 113
106, 29, 114
115, 114, 101
29, 106, 105
116, 158, 117
34, 120, 119
120, 122, 121
122, 126, 123
124, 172, 40
126, 124, 125
127, 187, 128
130, 116, 118
118, 129, 128
134, 136, 132
132, 137, 133
133, 135, 134
135, 57, 52
134, 52, 54
136, 54, 56
57, 135, 133
56, 174, 137
60, 62, 138
141, 188, 64
189, 64, 188
140, 190, 141
70, 143, 142
143, 145, 144
145, 177, 74
143, 77, 76
142, 144, 78
146, 191, 147
148, 107, 149
151, 103, 161
98, 110, 151
151, 161, 98
151, 148, 152
151, 192, 154
117, 155, 129
155, 157, 127
155, 160, 156
158, 193, 159
155, 117, 159
92, 108, 109
162, 166, 163
165, 194, 166
166, 195, 167
164, 163, 168
196, 197, 198
199, 196, 200
201, 198, 202
198, 197, 203
196, 199, 197
201, 196, 198
