# Project Zomboid Skinned Mesh
# File Version:
1.0
# Model Name:
Cube
# Vertex Stride Element Count:
3
# Vertex Stride Size (in bytes):
76
# Vertex Stride Data:
# (Int)    Offset
# (String) Type
0
VertexArray
12
NormalArray
24
TextureCoordArray
# Vertex Count:
271
# Vertex Buffer:
0.01311039, 0.14063044, -0.01773686
0.57734919, 0.57734919, 0.57734919
0.57438219, 0.73489416
0.01311039, 0.14063044, -0.0365886
0.70708334, 0.70708334, 0.0
0.57438219, 0.66968811
0.0, 0.14063044, -0.01773686
0.0, 0.70708334, 0.70708334
0.61514235, 0.73489416
0.01311039, -0.00375428, -0.01773686
0.57734919, -0.57734919, 0.57734919
0.07497136, 0.73489416
0.01311039, 0.01686302, -0.0576011
0.80483413, 0.22846156, -0.54771566
0.14628421, 0.59700799
0.0131104, 0.03766653, -0.0365886
1.0, 0.0, 0.0
0.21824127, 0.66968805
0.0, 0.14063044, -0.01773686
0.0, 0.70708334, 0.70708334
0.57438219, 0.78013438
0.0, -0.00375428, -0.01773686
0.0, -0.70708334, 0.70708334
0.07497136, 0.78013438
0.0, -0.00375428, -0.01773686
0.0, -0.70708334, 0.70708334
0.02361679, 0.73489416
0.01311039, -0.00375428, -0.0603715
0.57734919, -0.57734919, -0.57734919
0.07497136, 0.58742559
0.00956018, 0.03038808, 0.0409063
0.57167274, -0.61162144, 0.54686117
0.19306594, 0.99032819
0.0, 0.03581339, -0.00746155
0.0, -0.95699942, 0.28998688
0.17661218, 0.82302904
0.00956018, 0.03581339, -0.00746155
0.80764186, -0.56428725, 0.17099521
0.21183148, 0.82302904
0.0, 0.03038808, 0.0409063
0.0, -0.74547565, 0.66652423
0.15902036, 0.99999607
0.00956018, 0.06827854, 0.0409063
0.57734919, 0.57734919, 0.57734919
0.32412487, 0.99032819
0.0, 0.06827854, 0.0409063
0.0, 0.70708334, 0.70708334
0.35440013, 0.99999607
0.00956018, 0.06827854, -0.01773686
0.70708334, 0.70708334, 0.0
0.32412487, 0.78748786
0.0, 0.06827854, -0.01773686
0.0, 1.0, 0.0
0.35440013, 0.78870392
0.0, 0.02715602, -0.01773686
0.0, -0.76473284, 0.64430678
0.15167019, 0.78748786
0.00956018, 0.02715602, -0.01773686
0.48475599, -0.66884363, 0.56352431
0.18188648, 0.78748786
0.00782124, 0.06676803, 0.0409063
0.70708334, 0.70708334, 0.0
0.96854687, 0.7422812
0.00782124, 0.04491116, 0.10532162
0.57734919, -0.57734919, 0.57734919
0.89294636, 0.96508668
0.00782124, 0.04491116, 0.0409063
0.70708334, -0.70708334, 0.0
0.89294636, 0.7422812
0.0, 0.04491116, 0.0409063
0.0, -1.0, 0.0
0.86797476, 0.74236348
0.00782124, 0.06676803, 0.10532162
0.57734919, 0.57734919, 0.57734919
0.96854687, 0.96508668
0.0, 0.04491116, 0.10532162
0.0, -0.70708334, 0.70708334
0.86797476, 0.99321249
0.0, 0.06676803, 0.10532162
0.0, 0.70708334, 0.70708334
0.99131674, 0.99321249
0.00814281, 0.14063044, -0.04221537
0.92385632, 0.0, -0.38267159
0.61960447, 0.6502257
0.00814281, 0.14640206, -0.03546969
0.71727651, 0.63023776, 0.29709768
0.63956785, 0.67355826
0.00814281, 0.14063044, -0.03546969
0.92385632, 0.0, 0.38267159
0.61960447, 0.67355829
0.00491916, 0.17197874, -0.04088012
0.71727651, 0.63023776, -0.29709768
0.72803473, 0.65484425
0.00203758, 0.14640206, -0.04376165
0.22745445, 0.80416274, -0.54911953
0.63956785, 0.64487723
0.00203758, 0.17197874, -0.04376165
0.29709768, 0.63023776, -0.71727651
0.72803473, 0.64487723
0.00491916, 0.17197874, -0.03680495
0.71727651, 0.63023776, 0.29709768
0.72803479, 0.66893983
0.00491916, 0.14640206, -0.04088012
0.54911953, 0.80416274, -0.22745445
0.63956785, 0.65484431
0.00203758, 0.17197874, -0.03392335
0.29709768, 0.63023776, 0.71727651
0.72803473, 0.67890683
0.00491916, 0.14640206, -0.03680495
0.54911953, 0.80416274, 0.22745445
0.63956785, 0.6689398
0.00337286, 0.14640206, -0.0306997
0.29709768, 0.63023776, 0.71727651
0.63956785, 0.6900571
0.00203758, 0.14640206, -0.03392335
0.22745445, 0.80416274, 0.54911953
0.63956785, 0.67890683
0.00337286, 0.14640206, -0.04698531
0.29709768, 0.63023776, -0.71727651
0.63956785, 0.63372689
0.00814281, 0.14640206, -0.04221537
0.71727651, 0.63023776, -0.29709768
0.63956785, 0.6502257
0.0, 0.14640206, -0.04376165
0.0, 0.70708334, -0.70708334
0.63956785, 0.63943231
0.0, 0.17197874, -0.04376165
0.0, 0.70708334, -0.70708334
0.72793734, 0.63943231
0.0, 0.17197874, -0.03392335
0.0, 0.70708334, 0.70708334
0.75968224, 0.6788986
0.00491916, 0.17197874, -0.03680495
0.71727651, 0.63023776, 0.29709768
0.74266809, 0.66893983
0.00491916, 0.17197874, -0.04088012
0.71727651, 0.63023776, -0.29709768
0.7426632, 0.65484765
0.00337286, 0.14063044, -0.0306997
0.38267159, 0.0, 0.92385632
0.61960447, 0.6900571
0.0, 0.14640206, -0.0306997
0.0, 0.70708334, 0.70708334
0.63956785, 0.7015782
0.0, 0.14063044, -0.0306997
0.0, 0.0, 1.0
0.61960447, 0.7015782
0.0, 0.17197874, -0.03392335
0.0, 0.70708334, 0.70708334
0.72805214, 0.68464211
0.0, 0.14063044, -0.04698531
0.0, 0.0, -1.0
0.61960447, 0.62086624
0.0, 0.14640206, -0.04698531
0.0, 0.70708334, -0.70708334
0.63956785, 0.62086624
0.01220161, -0.01545723, -0.07233921
0.62349313, -0.20303965, -0.75496691
0.64920473, 0.75594354
0.01220161, -0.01643239, -0.06715503
0.92565691, 0.24790186, 0.28577533
0.645832, 0.77387512
0.01220161, -0.02097434, -0.06771871
0.62114322, -0.71419418, -0.32255012
0.63012189, 0.77192521
0.0, -0.00375428, -0.0603715
0.0, -1.0, 0.0
0.04747448, 0.50557262
0.00389158, -0.00375428, -0.06993882
0.02847377, -0.57908869, -0.81475264
0.07497136, 0.50284943
0.01311039, -0.00375428, -0.0603715
0.64101076, -0.45558029, -0.6176641
0.07497136, 0.53594175
0.0, -0.00054781, -0.0603715
0.0, 1.0, 0.0
0.11243613, 0.50610885
0.00389158, -0.00054781, -0.06993882
0.02847377, 0.57908869, -0.81475264
0.0860621, 0.50284943
0.0, -0.00054781, -0.06642783
0.0, 0.89223915, -0.45149082
0.08752953, 0.49163818
0.00656069, 0.06827854, 8.05e-06
0.68871123, 0.0568865, -0.72276986
0.32412487, 0.84886557
0.0, 0.09613299, 0.00220126
0.0, -0.63093966, -0.77581102
0.41420379, 0.84922582
0.00656069, 0.09613299, 0.00220126
0.89883113, -0.27649769, -0.34000671
0.42047033, 0.85645169
0.00656069, 0.06827854, 0.00288871
0.72618794, -0.06076235, 0.68474382
0.32412487, 0.8588295
0.00656069, 0.09861966, 0.00558212
0.58070618, 0.50257879, 0.64040041
0.42907143, 0.8681457
0.0, 0.06827854, 0.00288871
0.0, -0.08841212, 0.99606311
0.32357591, 0.86570257
0.0, 0.09867249, -0.01773686
0.0, -0.99197364, -0.12634663
0.42208883, 0.79055315
0.00656069, 0.09867249, -0.01773686
0.73393965, -0.67372662, -0.08578753
0.42925414, 0.78748786
0.00769474, 0.13426161, -0.06641411
0.64275032, -0.24063845, -0.72728658
0.55235302, 0.51504096
0.00769474, 0.14063044, -0.0576011
0.70708334, 0.70708334, 0.0
0.57438219, 0.54552418
0.00769474, 0.12789276, -0.06168142
0.61857969, -0.70195621, -0.35291603
0.53032386, 0.53141087
0.00656069, 0.10217881, -0.01773686
0.67040008, 0.73345137, 0.11194189
0.44138217, 0.78748786
0.0, 0.09861966, 0.00558212
0.0, 0.61735892, 0.78664511
0.43622831, 0.87375027
0.00769474, 0.14063044, -0.06641411
0.57734919, 0.57734919, -0.57734919
0.57438219, 0.51504093
0.00541996, 0.14063044, -0.0576011
-0.70708334, 0.70708334, 0.0
0.57438219, 0.54552418
0.00769474, 0.12789276, -0.0576011
0.70708334, -0.70708334, 0.0
0.53032386, 0.54552418
0.00541996, 0.12789276, -0.06168142
-0.61857969, -0.70195621, -0.35291603
0.53032386, 0.53141087
0.00541996, 0.14063044, -0.06641411
-0.57734919, 0.57734919, -0.57734919
0.57438219, 0.51504093
0.00541996, 0.13426161, -0.06641411
-0.64275032, -0.24063845, -0.72728658
0.55235302, 0.51504096
0.0, -0.00375428, -0.06642783
0.0, -0.89223915, -0.45149082
0.07425524, 0.49105185
0.01311039, -0.00054781, -0.0603715
0.64101076, 0.45558029, -0.6176641
0.0860621, 0.53594169
0.0, 0.01412018, -0.0603715
0.0, 0.38499099, -0.92291027
0.13679709, 0.54509187
0.01311039, 0.01412018, -0.0603715
0.62984097, 0.29902035, -0.71681875
0.1367971, 0.58742571
0.01311039, 0.14063044, -0.0576011
0.57734919, 0.57734919, -0.57734919
0.57438219, 0.59700805
0.0, 0.14063044, -0.0576011
0.0, 0.70708334, -0.70708334
0.57438219, 0.55294812
0.0, 0.01686302, -0.0576011
0.0, 0.38499099, -0.92291027
0.14628419, 0.55294812
0.0, 0.07962427, -0.06168142
0.0, 0.93066192, -0.36582538
0.37670618, 0.51668534
0.0024738, 0.07962428, -0.0576011
0.38267159, 0.92385632, 0.0
0.36336851, 0.54552418
0.0024738, 0.07962428, -0.0648194
-0.04904325, 0.71031833, -0.70213932
0.36336851, 0.52055711
0.0024738, 0.06767973, -0.0576011
0.38267159, -0.92385632, 0.0
0.32205361, 0.54552418
0.0, 0.06767973, -0.06168142
0.0, -0.93066192, -0.36582538
0.31101263, 0.51588014
0.0024738, 0.06767973, -0.0648194
-0.04904325, -0.71031833, -0.70213932
0.32205361, 0.52055708
0.00597228, 0.07612579, -0.0648194
0.71727651, 0.29709768, -0.63023776
0.35126764, 0.52055711
0.00597228, 0.07117821, -0.0576011
0.92385632, -0.38267159, 0.0
0.33415449, 0.54552418
0.00597228, 0.07117821, -0.0648194
0.71727651, -0.29709768, -0.63023776
0.33415449, 0.52055711
0.00597228, 0.07612579, -0.0576011
0.92385632, 0.38267159, 0.0
0.35126764, 0.54552418
0.01220161, 0.01862747, -0.06642783
0.72692037, 0.0588702, -0.68416393
0.76710004, 0.77639043
0.01220161, 0.03675884, -0.06132572
0.69353312, 0.3772698, 0.61369669
0.82981449, 0.79403806
0.01220161, 0.01858979, -0.06132572
0.6890164, -0.0596942, 0.72225106
0.76696974, 0.79403806
0.01220161, -0.01956053, -0.01156479
0.71269876, -0.70122379, 0.0176397
0.63501191, 0.96615559
0.01220161, -0.01513956, -0.01156479
0.70180362, 0.71214944, -0.01654103
0.65030372, 0.96615559
0.00639422, -0.01545723, -0.07233921
-0.62349313, -0.20303965, -0.75496691
0.64920473, 0.75594354
0.00639422, -0.02097434, -0.06771871
-0.62114322, -0.71419418, -0.32255012
0.63012189, 0.77192521
0.00639422, -0.01643239, -0.06715503
-0.92565691, 0.24790186, 0.28577533
0.645832, 0.77387512
0.00639422, 0.01862747, -0.06642783
-0.72692037, 0.0588702, -0.68416393
0.76710004, 0.77639043
0.00639422, 0.03361917, -0.06132572
-0.47468489, -0.2710349, 0.83736688
0.81895483, 0.79403806
0.00639422, 0.03361917, -0.06642783
-0.47468489, -0.2710349, -0.83736688
0.81895483, 0.77639043
0.01311039, -0.00796205, -0.02652893
0.57734919, 0.57734919, -0.57734919
0.93947136, 0.57873571
0.0, -0.00796205, -0.00364272
0.0, 0.70708334, 0.70708334
0.95886528, 0.65789658
0.01311039, -0.00796205, -0.00364272
0.57734919, 0.57734919, 0.57734919
0.93947136, 0.65789658
0.0, -0.01527804, -0.02652893
0.0, -0.53630179, -0.84398937
0.89132524, 0.54032111
0.01311039, -0.01527804, -0.02652893
0.60399181, -0.42741174, -0.67265844
0.91416609, 0.57873571
0.0, -0.02319913, -0.0096452
0.0, -0.99536121, 0.09604175
0.83696115, 0.63713467
0.01311039, -0.02319913, -0.0096452
0.60835594, -0.78997159, 0.07620472
0.88676798, 0.63713467
0.0, -0.00796205, -0.00364272
0.0, 0.70708334, 0.70708334
0.92626274, 0.69680595
0.01311039, -0.01881273, -0.00364272
0.61796927, -0.35593736, 0.70097965
0.90194023, 0.65789658
0.0, -0.01881273, -0.00364272
0.0, -0.4527421, 0.89162874
0.88201046, 0.69680595
0.00639422, -0.01956053, -0.01156479
-0.71269876, -0.70122379, 0.0176397
0.63501191, 0.96615559
0.00639422, -0.01513956, -0.01156479
-0.70180362, 0.71214944, -0.01654103
0.65030372, 0.96615559
0.0029118, 0.04277092, -0.06132572
0.21558276, 0.72997224, 0.64854884
0.85060972, 0.79403806
0.0, 0.03739316, -0.06132572
0.0, -0.54078799, 0.84112066
0.83017939, 0.79375613
0.01220161, 0.03675884, -0.06642783
0.69353312, 0.3772698, -0.61369669
0.82981449, 0.77639043
0.00639422, 0.01858979, -0.06132572
-0.6890164, -0.0596942, 0.72225106
0.76696974, 0.79403806
0.0, 0.03739316, -0.06642783
0.0, -0.54078799, -0.84112066
0.83017939, 0.77667236
0.0029118, 0.04277092, -0.06642783
0.21558276, 0.72997224, -0.64854884
0.85060972, 0.77639043
0.0, 0.04277092, -0.06132572
0.0, 0.70708334, 0.70708334
0.85278934, 0.79630589
0.0, 0.04277092, -0.06642783
0.0, 0.70708334, -0.70708334
0.85278934, 0.77412254
0.01151369, 0.09837648, -0.02589047
0.70708334, 0.0, -0.70708334
0.84804916, 0.97569364
0.01151369, -0.00827182, -0.02023324
0.70708334, 0.0, 0.70708334
0.47916442, 0.99526143
0.01151369, -0.00827182, -0.02589047
0.70708334, 0.0, -0.70708334
0.47916442, 0.97569364
0.00603892, -0.00827182, -0.02023324
-0.70708334, 0.0, 0.70708334
0.47916442, 0.99526143
0.00603892, 0.09837648, -0.02589047
-0.70708334, 0.0, -0.70708334
0.84804916, 0.97569358
0.00603892, -0.00827182, -0.02589047
-0.70708334, 0.0, -0.70708334
0.47916442, 0.97569358
0.01151369, 0.09837648, -0.02023324
0.70708334, 0.0, 0.70708334
0.84804916, 0.99526143
0.0, 0.14063044, -0.0576011
0.0, 0.70708334, -0.70708334
0.61514235, 0.40299118
-0.01311039, 0.14063044, -0.0365886
-0.70708334, 0.70708334, 0.0
0.57438219, 0.33031118
0.0, 0.14063044, -0.01773686
0.0, 0.70708334, 0.70708334
0.61514235, 0.26510513
-0.01311039, 0.01686302, -0.0576011
-0.80483413, 0.22846156, -0.54771566
0.14628421, 0.40299129
-0.01311039, -0.00375428, -0.0603715
-0.57734919, -0.57734919, -0.57734919
0.07497136, 0.4125737
-0.01311039, -0.00375428, -0.01773686
-0.57734919, -0.57734919, 0.57734919
0.07497136, 0.26510513
0.0, 0.14063044, -0.01773686
0.0, 0.70708334, 0.70708334
0.57438219, 0.21986485
0.0, -0.00375428, -0.01773686
0.0, -0.70708334, 0.70708334
0.07497136, 0.21986485
0.0, -0.00375428, -0.01773686
0.0, -0.70708334, 0.70708334
0.02361679, 0.26510513
0.0, 0.03581339, -0.00746155
0.0, -0.95699942, 0.28998688
0.17661218, 0.17697024
-0.00956018, 0.03038808, 0.0409063
-0.57167274, -0.61162144, 0.54686117
0.19306594, 0.00967109
-0.00956018, 0.03581339, -0.00746155
-0.80764186, -0.56428725, 0.17099521
0.21183148, 0.17697024
-0.00956018, 0.06827854, 0.0409063
-0.57734919, 0.57734919, 0.57734919
0.32412487, 0.00967109
0.0, 0.03038808, 0.0409063
0.0, -0.74547565, 0.66652423
0.15902036, 3.16e-06
0.0, 0.06827854, 0.0409063
0.0, 0.70708334, 0.70708334
0.35440013, 3.16e-06
-0.00956018, 0.06827854, -0.01773686
-0.70708334, 0.70708334, 0.0
0.32412487, 0.21251142
0.0, 0.06827854, -0.01773686
0.0, 1.0, 0.0
0.35440013, 0.21129537
0.0, 0.02715602, -0.01773686
0.0, -0.76473284, 0.64430678
0.15167019, 0.21251142
-0.00956018, 0.02715602, -0.01773686
-0.48475599, -0.66884363, 0.56352431
0.18188648, 0.21251142
-0.00782124, 0.04491116, 0.10532162
-0.57734919, -0.57734919, 0.57734919
0.89294636, 0.96508668
-0.00782124, 0.06676803, 0.0409063
-0.70708334, 0.70708334, 0.0
0.96854687, 0.7422812
-0.00782124, 0.04491116, 0.0409063
-0.70708334, -0.70708334, 0.0
0.89294636, 0.7422812
-0.00782124, 0.06676803, 0.10532162
-0.57734919, 0.57734919, 0.57734919
0.96854687, 0.96508668
-0.00814281, 0.14640206, -0.03546969
-0.71727651, 0.63023776, 0.29709768
0.63956785, 0.67355826
-0.00814281, 0.14063044, -0.04221537
-0.92385632, 0.0, -0.38267159
0.61960447, 0.6502257
-0.00814281, 0.14063044, -0.03546969
-0.92385632, 0.0, 0.38267159
0.61960447, 0.67355829
-0.00203758, 0.14640206, -0.04376165
-0.22745445, 0.80416274, -0.54911953
0.63956785, 0.64487723
-0.00491916, 0.17197874, -0.04088012
-0.71727651, 0.63023776, -0.29709768
0.72803473, 0.65484425
-0.00203758, 0.17197874, -0.04376165
-0.29709768, 0.63026828, -0.71727651
0.72803473, 0.64487723
-0.00491916, 0.14640206, -0.04088012
-0.54911953, 0.80416274, -0.22745445
0.63956785, 0.65484431
-0.00491916, 0.17197874, -0.03680495
-0.71727651, 0.63023776, 0.29709768
0.72803479, 0.66893983
-0.00491916, 0.14640206, -0.03680495
-0.54911953, 0.80416274, 0.22745445
0.63956785, 0.6689398
-0.00203758, 0.17197874, -0.03392335
-0.29709768, 0.63023776, 0.71727651
0.72803473, 0.67890683
-0.00337286, 0.14640206, -0.0306997
-0.29709768, 0.63023776, 0.71727651
0.63956785, 0.6900571
-0.00203758, 0.14640206, -0.03392335
-0.22745445, 0.80416274, 0.54911953
0.63956785, 0.67890683
-0.00337286, 0.14640206, -0.04698531
-0.29709768, 0.63023776, -0.71727651
0.63956785, 0.63372689
-0.00814281, 0.14640206, -0.04221537
-0.71727651, 0.63023776, -0.29709768
0.63956785, 0.6502257
-0.00491916, 0.17197874, -0.04088012
-0.71727651, 0.63023776, -0.29709768
0.7426632, 0.65484765
0.0, 0.17197874, -0.04376165
0.0, 0.70708334, -0.70708334
0.75967056, 0.6448772
-0.00337286, 0.14063044, -0.0306997
-0.38267159, 0.0, 0.92385632
0.61960447, 0.6900571
-0.01220161, -0.01545723, -0.07233921
-0.62349313, -0.20303965, -0.75496691
0.64920473, 0.75594354
-0.01220161, -0.02097434, -0.06771871
-0.62114322, -0.71419418, -0.32255012
0.63012189, 0.77192521
-0.01220161, -0.01643239, -0.06715503
-0.92565691, 0.24790186, 0.28577533
0.645832, 0.77387512
-0.00389158, -0.00375428, -0.06993882
-0.02847377, -0.57908869, -0.81475264
0.07497136, 0.50284943
-0.00389158, -0.00054781, -0.06993882
-0.02847377, 0.57908869, -0.81475264
0.0860621, 0.50284943
-0.01311039, -0.00054781, -0.0603715
-0.64101076, 0.45558029, -0.6176641
0.0860621, 0.53594169
0.0, 0.09613299, 0.00220126
0.0, -0.63093966, -0.77581102
0.41420379, 0.15077341
-0.00656069, 0.06827854, 8.05e-06
-0.68871123, 0.0568865, -0.72276986
0.32412487, 0.15113366
-0.00656069, 0.09613299, 0.00220126
-0.89883113, -0.27649769, -0.34000671
0.42047033, 0.14354753
-0.00656069, 0.06827854, 0.00288871
-0.72618794, -0.06076235, 0.68474382
0.32412487, 0.14116979
-0.00656069, 0.09861966, 0.00558212
-0.58070618, 0.50257879, 0.64040041
0.42907143, 0.13185358
0.0, 0.06827854, 0.00288871
0.0, -0.08841212, 0.99606311
0.32357591, 0.13429666
0.0, 0.09867249, -0.01773686
0.0, -0.99197364, -0.12634663
0.42208883, 0.20944607
-0.00656069, 0.09867249, -0.01773686
-0.73393965, -0.67372662, -0.08578753
0.42925414, 0.21251142
-0.00769474, 0.14063044, -0.0576011
-0.70708334, 0.70708334, 0.0
0.57438219, 0.54552418
-0.00769474, 0.14063044, -0.06641411
-0.57734919, 0.57734919, -0.57734919
0.57438219, 0.51504093
-0.00769474, 0.13426161, -0.06641411
-0.64275032, -0.24063845, -0.72728658
0.55235302, 0.51504096
0.0, 0.09861966, 0.00558212
0.0, 0.61735892, 0.78664511
0.43622831, 0.12624896
-0.00656069, 0.10217881, -0.01773686
-0.67040008, 0.73345137, 0.11194189
0.44138217, 0.21251142
-0.00541996, 0.14063044, -0.0576011
0.70708334, 0.70708334, 0.0
0.57438219, 0.54552418
-0.00541996, 0.12789276, -0.06168142
0.61857969, -0.70195621, -0.35291603
0.53032386, 0.53141087
-0.00769474, 0.12789276, -0.0576011
-0.70708334, -0.70708334, 0.0
0.53032386, 0.54552418
-0.00769474, 0.12789276, -0.06168142
-0.61857969, -0.70195621, -0.35291603
0.53032386, 0.53141087
-0.00541996, 0.14063044, -0.06641411
0.57734919, 0.57734919, -0.57734919
0.57438219, 0.51504093
-0.00541996, 0.13426161, -0.06641411
0.64275032, -0.24063845, -0.72728658
0.55235302, 0.51504096
-0.01311039, -0.00375428, -0.0603715
-0.64101076, -0.45558029, -0.6176641
0.07497136, 0.53594175
0.0, 0.01412018, -0.0603715
0.0, 0.38499099, -0.92291027
0.13679709, 0.45490742
-0.01311039, 0.01412018, -0.0603715
-0.62984097, 0.29902035, -0.71681875
0.1367971, 0.41257358
-0.01311039, 0.14063044, -0.0576011
-0.57734919, 0.57734919, -0.57734919
0.57438219, 0.40299118
-0.0131104, 0.03766653, -0.0365886
-1.0, 0.0, 0.0
0.21824127, 0.33031118
0.0, 0.14063044, -0.0576011
0.0, 0.70708334, -0.70708334
0.57438219, 0.44705117
0.0, 0.01686302, -0.0576011
0.0, 0.38499099, -0.92291027
0.14628419, 0.44705117
-0.0024738, 0.07962428, -0.0576011
-0.38267159, 0.92385632, 0.0
0.36336851, 0.54552418
0.0, 0.07962427, -0.0576011
0.0, 1.0, 0.0
0.37973842, 0.54368582
-0.0024738, 0.06767973, -0.0576011
-0.38267159, -0.92385632, 0.0
0.32205361, 0.54552418
-0.0024738, 0.06767973, -0.0648194
0.04904325, -0.71031833, -0.70213932
0.32205361, 0.52055708
-0.00597228, 0.07612579, -0.0648194
-0.71727651, 0.29709768, -0.63023776
0.35126764, 0.52055711
-0.0024738, 0.07962428, -0.0648194
0.04904325, 0.71031833, -0.70213932
0.36336851, 0.52055711
-0.00597228, 0.07117821, -0.0576011
-0.92385632, -0.38267159, 0.0
0.33415449, 0.54552418
-0.00597228, 0.07117821, -0.0648194
-0.71727651, -0.29709768, -0.63023776
0.33415449, 0.52055711
-0.00597228, 0.07612579, -0.0576011
-0.92385632, 0.38267159, 0.0
0.35126764, 0.54552418
-0.01220161, 0.01862747, -0.06642783
-0.72692037, 0.0588702, -0.68416393
0.76710004, 0.77639043
-0.01220161, 0.03675884, -0.06132572
-0.69353312, 0.3772698, 0.61369669
0.82981449, 0.79403806
-0.01220161, 0.03675884, -0.06642783
-0.69353312, 0.3772698, -0.61369669
0.82981449, 0.77639043
-0.01220161, -0.01956053, -0.01156479
-0.71269876, -0.70122379, 0.0176397
0.63501191, 0.96615559
-0.01220161, -0.01513956, -0.01156479
-0.70180362, 0.71214944, -0.01654103
0.65030372, 0.96615559
-0.00639422, -0.01545723, -0.07233921
0.62349313, -0.20303965, -0.75496691
0.64920473, 0.75594354
-0.00639422, -0.01643239, -0.06715503
0.92565691, 0.24790186, 0.28577533
0.645832, 0.77387512
-0.00639422, -0.02097434, -0.06771871
0.62114322, -0.71419418, -0.32255012
0.63012189, 0.77192521
-0.00639422, 0.01862747, -0.06642783
0.72692037, 0.0588702, -0.68416393
0.76710004, 0.77639043
-0.00639422, 0.03361917, -0.06132572
0.47468489, -0.2710349, 0.83736688
0.81895483, 0.79403806
-0.00639422, 0.01858979, -0.06132572
0.6890164, -0.0596942, 0.72225106
0.76696974, 0.79403806
-0.01311039, -0.00796205, -0.02652893
-0.57734919, 0.57734919, -0.57734919
0.9394713, 0.57873571
-0.01311039, -0.00796205, -0.00364272
-0.57734919, 0.57734919, 0.57734919
0.93947136, 0.65789658
-0.01311039, -0.01527804, -0.02652893
-0.60399181, -0.42741174, -0.67265844
0.91416609, 0.57873571
-0.01311039, -0.02319913, -0.0096452
-0.60835594, -0.78997159, 0.07620472
0.88676798, 0.63713467
-0.01311039, -0.01881273, -0.00364272
-0.61796927, -0.35593736, 0.70097965
0.90194017, 0.65789658
-0.00639422, -0.01956053, -0.01156479
0.71269876, -0.70122379, 0.0176397
0.63501191, 0.96615559
-0.00639422, -0.01513956, -0.01156479
0.70180362, 0.71214944, -0.01654103
0.65030372, 0.96615559
-0.0029118, 0.04277092, -0.06132572
-0.21558276, 0.72997224, 0.64854884
0.85060972, 0.79403806
-0.00639422, 0.03361917, -0.06642783
0.47468489, -0.2710349, -0.83736688
0.81895483, 0.77639043
-0.01220161, 0.01858979, -0.06132572
-0.6890164, -0.0596942, 0.72225106
0.76696974, 0.79403806
-0.0029118, 0.04277092, -0.06642783
-0.21558276, 0.72997224, -0.64854884
0.85060972, 0.77639043
-0.01151369, -0.00827182, -0.02023324
-0.70708334, 0.0, 0.70708334
0.47916442, 0.99526143
-0.01151369, 0.09837648, -0.02589047
-0.70708334, 0.0, -0.70708334
0.84804916, 0.97569364
-0.01151369, -0.00827182, -0.02589047
-0.70708334, 0.0, -0.70708334
0.47916442, 0.97569364
-0.00603892, 0.09837648, -0.02589047
0.70708334, 0.0, -0.70708334
0.84804916, 0.97569358
-0.00603892, -0.00827182, -0.02023324
0.70708334, 0.0, 0.70708334
0.47916442, 0.99526143
-0.00603892, -0.00827182, -0.02589047
0.70708334, 0.0, -0.70708334
0.47916442, 0.97569358
-0.01151369, 0.09837648, -0.02023324
-0.70708334, 0.0, 0.70708334
0.84804916, 0.99526143
0.0, 0.14063044, -0.0576011
0.0, 0.70708334, -0.70708334
0.61514235, 0.59700805
0.0, -0.00375428, -0.0603715
0.0, -0.70708334, -0.70708334
0.02361679, 0.58742559
0.0, 0.06676803, 0.0409063
0.0, 1.0, 0.0
0.99131674, 0.74247286
0.00337286, 0.14063044, -0.04698531
0.38267159, 0.0, -0.92385632
0.61960447, 0.63372689
0.00203758, 0.17197874, -0.04376165
0.29709768, 0.63023776, -0.71727651
0.75262445, 0.64487958
0.00203758, 0.17197874, -0.03392335
0.29709768, 0.63023776, 0.71727651
0.75263613, 0.67890102
0.0, 0.14640206, -0.03392335
0.0, 0.70708334, 0.70708334
0.63956785, 0.68464211
0.0, 0.06827854, 8.05e-06
0.0, 0.07849361, -0.99688709
0.32457432, 0.84080881
0.0, 0.10217881, -0.01773686
0.0, 0.98852503, 0.15085299
0.44897729, 0.78953415
0.00541996, 0.12789276, -0.0576011
-0.70708334, -0.70708334, 0.0
0.53032374, 0.54552418
0.0, -0.00375428, -0.0603715
0.0, -0.70708334, -0.70708334
0.07497136, 0.54509187
0.0, 0.06767973, -0.0576011
0.0, -1.0, 0.0
0.30594409, 0.54245123
0.0, -0.00796205, -0.02652893
0.0, 0.70708334, -0.70708334
0.95886528, 0.57873565
0.0, -0.00796205, -0.02652893
0.0, 0.70708334, -0.70708334
0.91910422, 0.54032111
0.00603892, 0.09837648, -0.02023324
-0.70708334, 0.0, 0.70708334
0.84804916, 0.99526143
-0.01311039, 0.14063044, -0.01773686
-0.57734919, 0.57734919, 0.57734919
0.57438219, 0.26510513
0.0, -0.00375428, -0.0603715
0.0, -0.70708334, -0.70708334
0.02361679, 0.4125737
-0.00337286, 0.14063044, -0.04698531
-0.38267159, 0.0, -0.92385632
0.61960447, 0.63372689
-0.00203758, 0.17197874, -0.04376165
-0.29709768, 0.63026828, -0.71727651
0.75262445, 0.64487958
-0.00491916, 0.17197874, -0.03680495
-0.71727651, 0.63023776, 0.29709768
0.74266809, 0.66893983
-0.00203758, 0.17197874, -0.03392335
-0.29709768, 0.63023776, 0.71727651
0.75263613, 0.67890102
0.0, 0.06827854, 8.05e-06
0.0, 0.07849361, -0.99688709
0.32457432, 0.15919042
0.0, 0.10217881, -0.01773686
0.0, 0.98852503, 0.15085299
0.44897729, 0.21046507
-0.00541996, 0.12789276, -0.0576011
0.70708334, -0.70708334, 0.0
0.53032374, 0.54552418
0.0, -0.00375428, -0.0603715
0.0, -0.70708334, -0.70708334
0.07497136, 0.45490742
-0.00603892, 0.09837648, -0.02023324
0.70708334, 0.0, 0.70708334
0.84804916, 0.99526143
# Number of Faces:
364
# Face Data:
0, 1, 2
3, 4, 5
3, 6, 7
8, 9, 3
10, 11, 12
13, 14, 15
15, 16, 17
14, 10, 12
12, 18, 19
20, 21, 22
21, 23, 22
24, 25, 21
20, 26, 24
27, 28, 29
30, 31, 32
33, 34, 30
35, 36, 33
37, 29, 28
38, 28, 36
34, 39, 31
36, 40, 34
27, 39, 40
32, 41, 42
43, 44, 45
46, 47, 48
49, 38, 35
39, 50, 51
38, 47, 37
51, 31, 39
52, 53, 54
55, 56, 57
58, 59, 60
61, 62, 63
64, 61, 63
65, 66, 64
63, 67, 68
69, 70, 71
72, 73, 65
74, 75, 70
76, 77, 71
69, 78, 74
71, 79, 69
80, 59, 56
56, 81, 57
9, 82, 83
84, 5, 4
85, 4, 86
4, 82, 86
87, 88, 89
90, 91, 92
88, 93, 89
94, 92, 95
96, 95, 93
87, 92, 91
97, 98, 99
53, 97, 99
100, 53, 101
102, 103, 104
105, 106, 107
108, 109, 110
111, 108, 112
113, 112, 114
115, 116, 110
117, 114, 116
104, 105, 102
104, 118, 119
106, 120, 121
52, 105, 97
122, 120, 98
97, 107, 122
99, 106, 123
118, 54, 100
104, 101, 53
99, 104, 53
54, 102, 52
106, 124, 107
107, 125, 122
125, 126, 120
124, 127, 125
120, 126, 121
93, 92, 89
75, 78, 79
112, 108, 110
128, 129, 130
131, 132, 133
130, 132, 128
134, 131, 129
135, 136, 137
138, 139, 140
141, 140, 142
139, 143, 140
144, 145, 146
147, 148, 149
150, 149, 151
150, 146, 147
152, 146, 153
154, 155, 156
23, 154, 156
25, 157, 154
26, 155, 157
158, 159, 160
161, 162, 163
164, 165, 162
166, 167, 165
160, 168, 158
169, 158, 168
164, 170, 171
166, 171, 158
170, 159, 171
41, 163, 42
172, 43, 173
47, 174, 48
169, 49, 167
50, 170, 51
47, 169, 168
161, 51, 170
175, 176, 177
55, 178, 80
58, 179, 180
181, 182, 183
183, 184, 185
186, 185, 184
187, 183, 188
189, 190, 191
192, 193, 185
194, 190, 189
195, 196, 197
198, 191, 190
199, 197, 191
179, 80, 178
180, 178, 200
201, 139, 202
203, 204, 136
138, 205, 206
201, 138, 206
87, 207, 208
91, 209, 210
211, 207, 212
210, 213, 214
214, 215, 211
87, 210, 212
216, 217, 218
177, 216, 175
177, 219, 220
221, 222, 223
224, 225, 226
109, 227, 228
227, 111, 229
229, 113, 230
231, 115, 228
230, 117, 231
222, 224, 226
232, 222, 233
225, 234, 217
224, 175, 216
234, 218, 217
235, 216, 218
236, 225, 217
176, 232, 219
220, 222, 177
222, 236, 177
221, 176, 175
124, 225, 235
237, 235, 218
126, 237, 234
124, 237, 127
234, 121, 126
210, 211, 212
199, 194, 195
228, 229, 230
238, 239, 240
241, 242, 243
241, 240, 239
242, 244, 238
245, 2, 1
1, 84, 245
1, 0, 5
3, 9, 4
9, 83, 4
5, 0, 3
3, 0, 6
8, 246, 9
10, 13, 11
13, 10, 14
15, 14, 16
16, 14, 12
12, 19, 16
12, 11, 18
20, 24, 21
21, 25, 23
24, 26, 25
20, 247, 26
27, 40, 28
30, 34, 31
33, 36, 34
35, 38, 36
37, 46, 29
38, 37, 28
34, 40, 39
36, 28, 40
27, 248, 39
32, 31, 41
45, 249, 173
173, 43, 45
250, 44, 43
46, 37, 47
49, 251, 38
39, 248, 50
38, 251, 47
51, 41, 31
55, 80, 56
58, 81, 59
61, 252, 62
63, 68, 72
65, 64, 63
63, 72, 65
65, 73, 66
63, 62, 67
76, 71, 70
69, 74, 70
72, 253, 73
74, 78, 75
76, 254, 77
69, 79, 78
71, 77, 79
80, 60, 59
56, 59, 81
9, 255, 82
84, 1, 5
85, 84, 4
4, 83, 82
87, 208, 88
90, 256, 91
88, 96, 93
94, 90, 92
96, 94, 95
87, 89, 92
97, 122, 98
53, 52, 97
100, 54, 53
105, 123, 106
108, 257, 109
111, 258, 108
113, 111, 112
115, 117, 116
117, 113, 114
104, 123, 105
104, 103, 118
106, 98, 120
52, 102, 105
122, 125, 120
97, 105, 107
99, 98, 106
118, 103, 54
104, 119, 101
99, 123, 104
54, 103, 102
106, 121, 124
107, 124, 125
125, 127, 126
93, 95, 92
79, 77, 75
254, 75, 77
110, 116, 114
114, 112, 110
128, 134, 129
131, 259, 132
130, 133, 132
134, 259, 131
260, 137, 136
135, 203, 136
140, 260, 204
260, 136, 204
202, 139, 138
140, 204, 138
141, 260, 140
139, 261, 143
144, 148, 145
147, 145, 148
150, 147, 149
150, 153, 146
146, 145, 147
152, 144, 146
154, 157, 155
23, 25, 154
25, 26, 157
26, 247, 155
158, 171, 159
161, 164, 162
164, 166, 165
166, 169, 167
160, 174, 168
169, 166, 158
164, 161, 170
166, 164, 171
170, 262, 159
41, 161, 163
173, 263, 172
172, 264, 43
265, 43, 264
47, 168, 174
169, 251, 49
50, 262, 170
47, 251, 169
161, 41, 51
55, 200, 178
58, 60, 179
181, 266, 182
193, 188, 183
183, 182, 184
185, 193, 183
186, 192, 185
187, 181, 183
191, 197, 189
196, 189, 197
192, 267, 193
194, 198, 190
195, 268, 196
198, 199, 191
199, 195, 197
179, 60, 80
180, 179, 178
201, 269, 139
203, 138, 204
138, 203, 205
201, 202, 138
87, 212, 207
91, 256, 209
211, 215, 207
210, 209, 213
214, 213, 215
87, 91, 210
216, 236, 217
177, 236, 216
177, 176, 219
224, 235, 225
109, 257, 227
227, 258, 111
229, 111, 113
231, 117, 115
230, 113, 117
222, 221, 224
232, 223, 222
225, 121, 234
224, 221, 175
234, 237, 218
235, 224, 216
236, 226, 225
176, 223, 232
220, 233, 222
222, 226, 236
221, 223, 176
124, 121, 225
237, 124, 235
126, 127, 237
210, 214, 211
268, 195, 194
199, 198, 194
230, 231, 228
228, 227, 229
238, 244, 239
241, 270, 242
241, 243, 240
242, 270, 244
