# Project Zomboid Skinned Mesh
# File Version:
1.0
# Model Name:
Cube.015
# Vertex Stride Element Count:
3
# Vertex Stride Size (in bytes):
76
# Vertex Stride Data:
# (Int)    Offset
# (String) Type
0
VertexArray
12
NormalArray
24
TextureCoordArray
# Vertex Count:
332
# Vertex Buffer:
0.00938241, 0.13284144, 0.05218152
0.88177127, 0.00338755, 0.47163305
0.41302264, 0.47023982
0.00938241, 0.09834355, 0.05218152
0.84499651, 0.27857295, 0.45643482
0.35258389, 0.47023982
0.00938238, 0.10349011, 0.05019612
0.90450758, 0.30149236, -0.30149236
0.36160052, 0.46676141
3e-08, 0.18610938, 0.01553789
0.0, 0.70708334, 0.70708334
0.50891173, 0.40668064
0.00831956, 0.18610938, 0.04284311
0.60032958, 0.65935242, 0.45255896
0.49249911, 0.4538793
0.00938242, 0.18610938, 0.01553789
0.90319526, 0.2985931, 0.30829799
0.49249911, 0.4060418
0.0093824, 0.07493556, 0.09771125
0.58580279, 0.3058565, 0.75048065
0.31157422, 0.55000573
0.0093824, 0.07487926, 0.04204109
0.77291179, -0.61110264, -0.17059846
0.31147563, 0.45247418
0.00938237, 0.06287518, -0.01843638
0.57734919, -0.57734919, -0.57734919
0.29044497, 0.34652072
4e-08, 0.07456115, -0.01843638
0.0, -0.48503068, -0.87447739
0.29980052, 0.33155972
0.00938238, 0.07456115, -0.01843638
0.83410138, -0.26752526, -0.48234504
0.31091833, 0.34652072
0.00938244, 0.1894787, -0.01843638
0.70708334, 0.70708334, 0.0
0.49840188, 0.34652072
4e-08, 0.1894787, -0.03695695
0.0, 0.74068421, -0.67183447
0.51410425, 0.30198425
4e-08, 0.1894787, -0.01843638
0.0, 1.0, 0.0
0.51735282, 0.3451454
0.00744476, 0.13440205, 0.05186025
-0.01263466, 0.18649861, 0.9823603
0.41575676, 0.75582762
3e-08, 0.13284144, 0.05218152
0.0, 0.10132145, 0.99484235
0.40929061, 0.74267346
0.00938241, 0.13284144, 0.05218152
-0.01330607, 0.18411817, 0.98278755
0.4130227, 0.75526471
0.00938243, 0.1894787, 0.01553789
0.70708334, 0.70708334, 0.0
0.49840188, 0.4060418
3e-08, 0.09834355, 0.05218152
0.0, 0.88933986, 0.4572283
0.36720252, 0.47775561
0.00938245, 0.0920592, -0.04647451
0.60548723, -0.35166478, -0.713889
0.34157383, 0.29739922
4e-08, 0.09205905, -0.04647451
0.0, -0.441908, -0.89703053
0.33444989, 0.27893418
3e-08, 0.07493556, 0.09771125
0.0, -0.31632435, 0.94863737
0.30637425, 0.56559902
0.0093824, 0.04684113, 0.08834257
0.56651509, -0.77343059, 0.2842494
0.26235425, 0.53359205
3e-08, 0.07487926, 0.04204109
0.0, -0.85537279, -0.51796013
0.29741526, 0.44395983
3e-08, 0.04684113, 0.08834257
0.0, -0.85537279, -0.51796013
0.24829388, 0.5250777
4e-08, 0.06287518, -0.01021222
0.0, -0.70708334, -0.70708334
0.27720451, 0.34500486
0.00938238, 0.06287518, -0.01021222
0.90450758, -0.30149236, -0.30149236
0.29044497, 0.36092895
3e-08, 0.07487926, 0.03043348
0.0, -0.87194431, 0.4895474
0.29976213, 0.4409833
0.00938239, 0.06287518, 0.02311304
0.81173134, -0.07348857, 0.57936341
0.29044497, 0.41931319
0.0093824, 0.07487926, 0.03043348
0.83544421, -0.47917113, 0.26902065
0.31147552, 0.4321382
3e-08, 0.07487926, 0.04204109
0.0, -0.99996948, 0.0
0.30171216, 0.45371562
3e-08, -0.09404693, 0.05777618
0.0, -0.92797631, 0.37256998
0.02469263, 0.50091571
0.00938239, -0.08655778, 0.06855708
0.5955382, -0.26349682, 0.75884277
0.05723107, 0.5060643
3e-08, -0.08655778, 0.06855708
0.0, -0.32801294, 0.94463944
0.05254665, 0.52253121
0.00938238, -0.09684703, -0.01021222
0.60927153, -0.39988402, -0.6847133
0.03920502, 0.36806422
3e-08, 0.06287518, 0.02311304
0.0, -0.12585834, 0.99203467
0.28759861, 0.43409801
0.00938241, 0.13284138, -0.01843638
0.70708334, 0.0, -0.70708334
0.41302252, 0.34652072
4e-08, 0.09636968, -0.01843638
0.0, 0.85988951, -0.51045257
0.36792207, 0.3378765
4e-08, 0.13284144, -0.01843638
0.0, 0.0, -1.0
0.41415119, 0.33826309
0.00938239, 0.09636968, -0.01843638
0.95574814, 0.25287637, -0.15012054
0.34912574, 0.34652072
4e-08, 0.10530123, -0.034811
0.0, 0.51045257, 0.85988951
0.37689221, 0.32243389
0.0093824, 0.18316895, -0.034811
0.90450758, -0.30149236, 0.30149236
0.4873476, 0.31783313
0.0093824, 0.10530123, -0.034811
0.84179205, 0.2755211, 0.46412548
0.36477351, 0.31783313
0.00938244, 0.18316895, -0.01843638
0.90450758, -0.30149236, -0.30149236
0.4873476, 0.34652072
4e-08, 0.18316895, -0.01843638
0.0, -0.70708334, -0.70708334
0.4720701, 0.33808213
4e-08, 0.18316895, -0.034811
0.0, -0.70708334, 0.70708334
0.46874309, 0.32458335
0.02065742, 0.20198546, 0.007326
0.72029787, -0.6261788, 0.29834896
0.60908175, 0.87633763
0.007761, 0.39353859, 0.01750609
0.29581591, 0.63432723, 0.71419418
0.9446736, 0.90972857
0.00855658, 0.20198543, 0.01942683
0.29834896, -0.6261788, 0.72029787
0.60908175, 0.90972857
0.01873669, 0.39353859, -0.00899157
0.71419418, 0.63432723, -0.29581591
0.9446736, 0.8463562
0.01873669, 0.39353859, 0.00653039
0.71419418, 0.63432723, 0.29581591
0.9446736, 0.87633763
0.02065742, 0.20198546, -0.00978717
0.72029787, -0.6261788, -0.29834896
0.60908175, 0.8463562
0.007761, 0.39353859, -0.01996724
0.29581591, 0.63432723, -0.71419418
0.9446736, 0.81527899
3e-08, 0.20198543, 0.01942683
0.0, -0.70354319, 0.7106235
0.60908175, 0.9270054
3e-08, 0.39353859, 0.01750609
0.0, 0.7106235, 0.70354319
0.9446736, 0.9270054
4e-08, 0.20198546, -0.02188799
0.0, -0.70354319, -0.7106235
0.60908175, 0.80058657
0.00855659, 0.20198546, -0.02188797
0.29834896, -0.6261788, -0.72029787
0.60908175, 0.81527899
0.01676846, 0.20198546, 0.00571515
0.54911953, -0.80416274, 0.22745445
0.60908175, 0.87633763
0.00694573, 0.20198543, 0.01553789
0.22745445, -0.80416274, 0.54911953
0.60908175, 0.90972857
0.00694573, 0.20198546, -0.01799903
0.22745445, -0.80416274, -0.54911953
0.60908175, 0.81527899
0.01676846, 0.20198546, -0.0081763
0.54911953, -0.80416274, -0.22745445
0.60908175, 0.8463562
0.00694573, 0.1894787, -0.01799903
0.36939603, -0.26117739, -0.89178139
0.58236641, 0.81527899
4e-08, 0.20198546, -0.01799903
0.0, -0.70708334, -0.70708334
0.60908175, 0.8009517
0.01676846, 0.1894787, -0.0081763
0.71727651, -0.63023776, -0.29709768
0.58236641, 0.8463562
0.01676846, 0.1894787, 0.00571515
0.71727651, -0.63023776, 0.29709768
0.58236641, 0.87633763
3e-08, 0.1894787, 0.01553789
0.0, 0.0, 1.0
0.58236641, 0.9270054
3e-08, 0.20198543, 0.01553789
0.0, -0.70708334, 0.70708334
0.60908175, 0.9270054
0.01445218, 0.39353859, -0.00721688
0.54911953, 0.80416274, -0.22745445
0.9446736, 0.8463562
0.0059863, 0.39353859, 0.01322158
0.22745445, 0.80416274, 0.54911953
0.9446736, 0.90972857
0.01445218, 0.39353859, 0.0047557
0.54911953, 0.80416274, 0.22745445
0.9446736, 0.87633763
4e-08, 0.39353859, -0.01996726
0.0, 0.7106235, -0.70354319
0.9446736, 0.8009517
0.0059863, 0.39353859, -0.01568275
0.22745445, 0.80416274, -0.54911953
0.9446736, 0.81527899
0.0059863, 0.39903566, 0.01322158
0.29709768, 0.63023776, 0.71727651
0.95430404, 0.90972857
3e-08, 0.39353859, 0.01322158
0.0, 0.70708334, 0.70708334
0.9446736, 0.9270054
0.0059863, 0.39903566, -0.01568275
0.29709768, 0.63023776, -0.71727651
0.95430404, 0.81527899
0.01445218, 0.39903566, 0.0047557
0.71727651, 0.63023776, 0.29709768
0.95430404, 0.87633763
4e-08, 0.39903566, -0.01568275
0.0, 0.70708334, -0.70708334
0.95430404, 0.8009517
4e-08, 0.39353859, -0.01568275
0.0, 0.70708334, -0.70708334
0.9446736, 0.8009517
0.01445218, 0.39903566, -0.00721688
0.71727651, 0.63023776, -0.29709768
0.95430404, 0.8463562
0.00288528, 0.39903566, 0.00573509
0.0, 1.0, 0.0
0.96774733, 0.90972857
3e-08, 0.39903566, 0.01322158
0.0, 0.70708334, 0.70708334
0.95430404, 0.9270054
0.00696567, 0.39903566, -0.00411586
0.0, 1.0, 0.0
0.96774733, 0.8463562
0.00696567, 0.39903566, 0.00165469
0.0, 1.0, 0.0
0.96774733, 0.87633763
0.00288528, 0.39903566, -0.00819626
0.0, 1.0, 0.0
0.96774733, 0.81527899
0.00288528, 0.51499021, 0.00573509
0.22745445, -0.80416274, 0.54911953
0.54379517, 0.203026
3e-08, 0.39903566, 0.00573509
0.0, 0.0, 1.0
0.34064871, 0.20808077
0.00288528, 0.39903566, 0.00573509
0.38267159, 0.0, 0.92385632
0.34064871, 0.203026
0.00288528, 0.51499021, -0.00819626
0.22745445, -0.80416274, -0.54911953
0.54379517, 0.17269677
0.00696567, 0.39903566, -0.00411586
0.92385632, 0.0, -0.38267159
0.34064871, 0.18280655
0.00288528, 0.39903566, -0.00819626
0.38267159, 0.0, -0.92385632
0.34064871, 0.17269677
0.00696567, 0.51499021, 0.00165469
0.54911953, -0.80416274, 0.22742394
0.54379517, 0.19291621
0.00696567, 0.39903566, 0.00165469
0.92385632, 0.0, 0.38267159
0.34064871, 0.19291621
4e-08, 0.51499021, -0.00819626
0.0, -0.70708334, -0.70708334
0.54379517, 0.16764218
4e-08, 0.39903566, -0.00819626
0.0, 0.0, -1.0
0.34064871, 0.16764206
3e-08, 0.51499021, 0.00694647
0.0, -0.70708334, 0.70708334
0.54379517, 0.20808059
3e-08, 0.51499021, 0.00573509
0.0, -0.70708334, 0.70708334
0.54379517, 0.20808059
0.00817705, 0.51499021, -0.00461764
0.71727651, -0.63023776, -0.29709768
0.54379517, 0.18280655
0.00696567, 0.51499021, -0.00411586
0.54911953, -0.80416274, -0.22742394
0.54379517, 0.18280655
0.00817705, 0.51499021, 0.00215646
0.71727651, -0.63023776, 0.29706717
0.54379517, 0.19291621
4e-08, 0.51499021, -0.00940762
0.0, -0.70708334, -0.70708334
0.54379517, 0.16764218
0.00338704, 0.54744077, 0.00694647
0.38267159, 0.0, 0.92385632
0.60064739, 0.203026
0.00338704, 0.51499021, 0.00694647
0.29709768, -0.63023776, 0.71727651
0.54379517, 0.203026
0.00338704, 0.54744077, -0.00940762
0.38267159, 0.0, -0.92385632
0.60064739, 0.17269677
0.00338704, 0.51499021, -0.00940762
0.29709768, -0.63023776, -0.71727651
0.54379517, 0.17269677
0.00817705, 0.54744077, 0.00215646
0.92385632, 0.0, 0.38267159
0.60064739, 0.19291621
4e-08, 0.54744077, -0.00940762
0.0, 0.0, -0.99996948
0.60064739, 0.16764218
0.00817705, 0.54744077, -0.00461764
0.92385632, 0.0, -0.38267159
0.60064739, 0.18280655
4e-08, 0.39903566, -0.01568275
0.0, -0.78630942, -0.61781669
0.24106306, 0.1321978
0.0059863, 0.42212307, -0.04506668
0.62065494, -0.34272286, -0.70516068
0.29211241, 0.0885939
0.0059863, 0.39903566, -0.01568275
0.84435558, -0.42124698, -0.33097324
0.25166446, 0.14007312
4e-08, 0.42212307, -0.04506668
0.0, -0.43711662, -0.89938045
0.28908318, 0.07299072
0.0059863, 0.43231744, -0.04506668
0.57734919, 0.57734919, -0.57734919
0.30997258, 0.0885939
4e-08, 0.43231744, -0.04506668
0.0, 0.70708334, -0.70708334
0.32256013, 0.07848662
0.0059863, 0.43231744, 0.01322158
0.57734919, 0.57734919, 0.57734919
0.30997258, 0.19071203
3e-08, 0.43231744, 0.01322158
0.0, 0.70708334, 0.70708334
0.31928724, 0.20594162
0.0059863, 0.42365706, 0.01322158
0.57734919, -0.57734919, 0.57731867
0.29479998, 0.19071203
0.00598625, 0.42738014, -0.03246373
0.90450758, -0.30149236, 0.30149236
0.30132252, 0.11067361
0.00598625, 0.42008975, -0.03246373
0.81762141, 0.24723044, 0.51991332
0.28854996, 0.11067361
0.00694573, 0.1894787, 0.01553789
0.36939603, -0.26117739, 0.89178139
0.58236641, 0.90972857
0.00744476, 0.18333624, 0.04341398
0.08777124, 0.17368084, 0.98086488
0.48764068, 0.7706251
0.00831956, 0.18610938, 0.04284311
0.08929716, 0.17371136, 0.98071229
0.49249917, 0.77162527
3e-08, 0.18610938, 0.04284311
0.0, 0.20160528, 0.97946101
0.50179899, 0.45924282
0.00744476, 0.18333624, 0.04341398
0.46375927, 0.64534438, 0.60695213
0.48764062, 0.4548794
0.00744476, 0.13440205, 0.07728383
0.70708334, -0.70708334, 0.0
0.42008424, 0.51421773
3e-08, 0.13440205, 0.05186025
0.0, -0.63179415, 0.77510911
0.40770829, 0.48037726
0.00744476, 0.13440205, 0.05186025
0.74257636, -0.6697287, 0.0
0.4157567, 0.46967691
0.00744476, 0.18333624, 0.07223304
0.70708334, 0.70708334, 0.0
0.49374795, 0.50536901
3e-08, 0.18333624, 0.07223304
0.0, 1.0, 0.0
0.50580347, 0.50315326
3e-08, 0.18333624, 0.04341398
0.0, 0.77510911, 0.63179415
0.50074422, 0.4616943
0.00744476, 0.13440205, 0.09981222
0.57277137, -0.55299538, 0.60502946
0.44175279, 0.58578962
3e-08, 0.13440214, 0.07728383
0.0, -1.0, 0.0
0.40613329, 0.51737809
3e-08, 0.18333624, 0.0954054
0.0, 0.73812068, 0.67464215
0.52729475, 0.57368857
4e-08, 0.42738014, -0.0149386
0.0, -0.70708334, -0.70708334
0.29609054, 0.13134819
0.00598625, 0.42738014, -0.0149386
0.90450758, -0.30149236, -0.30149236
0.30132252, 0.14137679
0.00598625, 0.4071089, -0.00956677
0.90450758, 0.30149236, 0.30149236
0.26580828, 0.15078789
0.00598625, 0.40582889, -0.0149386
0.9701224, 0.21906187, -0.10415968
0.26356608, 0.14137679
4e-08, 0.42008975, -0.03246373
0.0, 0.42942595, 0.90307319
0.28950113, 0.11897868
4e-08, 0.42738014, -0.03246373
0.0, -0.70708334, 0.70708334
0.29540747, 0.11812407
4e-08, 0.40582889, -0.0149386
0.0, 0.90307319, -0.42942595
0.27993244, 0.13363105
3e-08, 0.10349011, 0.05019612
0.0, 0.70708334, -0.70708334
0.37494099, 0.45777208
0.00938238, 0.12816641, 0.05019612
0.90450758, -0.30149236, -0.30149236
0.40483212, 0.46676141
0.00938238, 0.12816641, 0.03197575
0.90450758, -0.30149236, 0.30149236
0.40483212, 0.4348402
3e-08, 0.10349011, 0.03197575
0.0, 0.70708334, 0.70708334
0.37287641, 0.44403321
0.0093825, 0.10349011, 0.03197575
0.90450758, 0.30149236, 0.30149236
0.36160052, 0.4348402
3e-08, 0.12816641, 0.05019612
0.0, -0.70708334, -0.70708334
0.39174497, 0.45577568
3e-08, 0.13284144, 0.05218152
0.0, 0.10132145, 0.99484235
0.40929055, 0.482831
2e-08, 0.13440205, 0.09981222
0.0, -0.67464215, 0.73812068
0.43477201, 0.60239547
0.00744476, 0.18333624, 0.0954054
0.5822016, 0.60011595, 0.54850918
0.5122782, 0.56657529
3e-08, 0.39903566, 0.01322158
0.0, 0.0, 1.0
0.25582951, 0.20296174
0.0059863, 0.4071089, 0.01322158
0.57734919, 0.57734919, 0.57734919
0.26580828, 0.19071203
3e-08, 0.4071089, 0.01322158
0.0, 0.70708334, 0.70708334
0.27234977, 0.19734472
3e-08, 0.42365706, 0.01322158
0.0, -0.70708334, 0.70708334
0.28722399, 0.20115381
0.00598625, 0.42365718, -0.00956677
0.90450758, -0.30149236, 0.30149236
0.2948001, 0.15078789
4e-08, 0.42365718, -0.00956677
0.0, -0.70708334, 0.70708334
0.28753155, 0.15869564
4e-08, 0.4071089, -0.00956677
0.0, 0.70708334, 0.70708334
0.27458376, 0.15928513
0.00938238, -0.10304096, 0.0007678
0.6400342, -0.75609607, -0.13644825
0.02835358, 0.38730073
0.00938239, -0.09404693, 0.05777618
0.66008484, -0.69707328, 0.27988526
0.04411048, 0.48717666
4e-08, -0.09684703, -0.01021222
0.0, -0.50431836, -0.8634907
0.02794082, 0.35281378
3e-08, 0.1894787, 0.01553789
0.0, 0.0, 1.0
0.50914121, 0.40078676
0.00938243, 0.1894787, 0.01553789
0.0, 0.0, 1.0
0.49272847, 0.40014786
-0.00938244, 0.10349011, 0.03197575
-0.90450758, 0.30149236, 0.30149236
0.36160058, 0.79066433
-0.00938234, 0.07487926, 0.04204109
-0.77291179, -0.61110264, -0.17059846
0.31147569, 0.7730303
-0.00938235, 0.09834355, 0.05218152
-0.84499651, 0.27857295, 0.45643482
0.35258394, 0.75526471
-0.0083195, 0.18610938, 0.04284311
-0.60032958, 0.65935242, 0.45255896
0.49249917, 0.77162527
3e-08, 0.18610938, 0.01553789
0.0, 0.70708334, 0.70708334
0.50891179, 0.81882392
-0.00938236, 0.18610938, 0.01553789
-0.90319526, 0.2985931, 0.30829799
0.49249917, 0.81946276
-0.00938235, 0.07493556, 0.09771125
-0.58580279, 0.3058565, 0.75048065
0.31157434, 0.67549878
4e-08, 0.07456115, -0.01843638
0.0, -0.48503068, -0.87447739
0.29980057, 0.89394476
-0.0093823, 0.06287518, -0.01843638
-0.57734919, -0.57734919, -0.57734919
0.29044509, 0.87898387
-0.00938231, 0.07456115, -0.01843638
-0.83410138, -0.26752526, -0.48234504
0.31091839, 0.87898387
4e-08, 0.1894787, -0.03695695
0.0, 0.74068421, -0.67183447
0.51410431, 0.92352028
-0.00938237, 0.1894787, -0.01843638
-0.70708334, 0.70708334, 0.0
0.49840194, 0.8789839
4e-08, 0.1894787, -0.01843638
0.0, 1.0, 0.0
0.51735288, 0.88035916
-0.00744471, 0.13440205, 0.05186025
0.01263466, 0.18649861, 0.9823603
0.4157567, 0.46967691
-0.00938235, 0.13284144, 0.05218152
0.01330607, 0.18411817, 0.98278755
0.41302264, 0.47023982
-0.00938237, 0.18316895, -0.01843638
-0.90450758, -0.30149236, -0.30149236
0.48734766, 0.8789839
-0.00938234, 0.13284138, -0.01843638
-0.70708334, 0.0, -0.70708334
0.41302258, 0.87898387
3e-08, 0.09834355, 0.05218152
0.0, 0.88933986, 0.4572283
0.36720258, 0.74774891
-0.00938237, 0.0920592, -0.04647451
-0.60548723, -0.35166478, -0.713889
0.34157395, 0.92810525
-0.00938237, 0.1894787, -0.03695695
-0.58262885, 0.60194707, -0.54600668
0.49840194, 0.91143109
-0.00938234, 0.04684113, 0.08834257
-0.56651509, -0.77343059, 0.2842494
0.26235431, 0.69191241
3e-08, 0.07493556, 0.09771125
0.0, -0.31632435, 0.94863737
0.30637437, 0.65990549
3e-08, 0.07487926, 0.04204109
0.0, -0.85537279, -0.51796013
0.29741532, 0.7815447
3e-08, 0.04684113, 0.08834257
0.0, -0.85537279, -0.51796013
0.24829394, 0.70042682
4e-08, 0.06287518, -0.01021222
0.0, -0.70708334, -0.70708334
0.27720463, 0.88049956
-0.00938231, 0.06287518, -0.01021222
-0.90450758, -0.30149236, -0.30149236
0.29044509, 0.86457552
-0.00938233, 0.06287518, 0.02311304
-0.81173134, -0.07348857, 0.57936341
0.29044509, 0.80619134
3e-08, 0.07487926, 0.03043348
0.0, -0.87194431, 0.4895474
0.29976231, 0.78452118
-0.00938233, 0.07487926, 0.03043348
-0.83544421, -0.47917113, 0.26902065
0.31147563, 0.79336633
3e-08, 0.07487926, 0.04204109
0.0, -1.0, 0.0
0.30171233, 0.77178891
-0.00938233, -0.08655778, 0.06855708
-0.5955382, -0.26349682, 0.75884277
0.05723114, 0.71944016
3e-08, -0.09404693, 0.05777618
0.0, -0.92797631, 0.37256998
0.02469273, 0.72458881
3e-08, -0.08655778, 0.06855708
0.0, -0.32801294, 0.94463944
0.05254669, 0.70297337
-0.00938231, -0.09684703, -0.01021222
-0.60927153, -0.39988402, -0.6847133
0.03920515, 0.85744022
3e-08, 0.06287518, 0.02311304
0.0, -0.12585834, 0.99203467
0.28759873, 0.79140629
4e-08, 0.09636968, -0.01843638
0.0, 0.85988951, -0.51045257
0.36792213, 0.88762803
-0.00938233, 0.09636968, -0.01843638
-0.95574814, 0.25287637, -0.15012054
0.3491258, 0.87898387
-0.00938232, 0.10530123, -0.034811
-0.84179205, 0.2755211, 0.46412548
0.36477357, 0.90767147
4e-08, 0.09205905, -0.04647451
0.0, -0.441908, -0.89703053
0.33444995, 0.94657041
4e-08, 0.10530123, -0.034811
0.0, 0.51045257, 0.85988951
0.37689227, 0.90307064
-0.00938232, 0.18316895, -0.034811
-0.90450758, -0.30149236, 0.30149236
0.48734766, 0.9076715
4e-08, 0.13284144, -0.01843638
0.0, 0.0, -1.0
0.41415131, 0.88724138
4e-08, 0.18316895, -0.01843638
0.0, -0.70708334, -0.70708334
0.47207016, 0.88742234
4e-08, 0.18316895, -0.034811
0.0, -0.70708334, 0.70708334
0.46874315, 0.90092118
-0.00776094, 0.39353859, 0.01750609
-0.29581591, 0.63432723, 0.71419418
0.9446736, 0.68240643
-0.02065735, 0.20198546, 0.007326
-0.72029787, -0.6261788, 0.29834896
0.60908175, 0.71860301
-0.00855652, 0.20198543, 0.01942683
-0.29834896, -0.6261788, 0.72029787
0.60908175, 0.68240643
-0.01873662, 0.39353859, 0.00653039
-0.71419418, 0.63432723, 0.29581591
0.9446736, 0.71860301
-0.02065735, 0.20198546, -0.00978717
-0.72029787, -0.6261788, -0.29834896
0.60908175, 0.75170873
-0.01873662, 0.39353859, -0.00899157
-0.71419418, 0.63432723, -0.29581591
0.94465172, 0.75165318
-0.00855651, 0.20198546, -0.02188797
-0.29834896, -0.6261788, -0.72029787
0.60908175, 0.78530143
3e-08, 0.20198543, 0.01942683
0.0, -0.70354319, 0.7106235
0.60908175, 0.66264504
-0.00776094, 0.39353859, -0.01996724
-0.29581591, 0.63432723, -0.71419418
0.9446736, 0.78530143
-0.01676839, 0.20198546, 0.00571515
-0.54911953, -0.80416274, 0.22745445
0.60908175, 0.71860301
-0.00694566, 0.20198543, 0.01553789
-0.22745445, -0.80416274, 0.54911953
0.60908175, 0.68240643
3e-08, 0.20198543, 0.01553789
0.0, -0.70708334, 0.70708334
0.60908175, 0.66264504
-0.00694566, 0.20198546, -0.01799903
-0.22745445, -0.80416274, -0.54911953
0.60908175, 0.78530143
-0.01676839, 0.20198546, -0.0081763
-0.54911953, -0.80416274, -0.22745445
0.60908175, 0.75170873
-0.00694566, 0.1894787, -0.01799903
-0.36939603, -0.26117739, -0.89178139
0.58236641, 0.78530143
-0.01676839, 0.1894787, -0.0081763
-0.71727651, -0.63023776, -0.29709768
0.58236641, 0.75170873
-0.01676839, 0.1894787, 0.00571515
-0.71727651, -0.63023776, 0.29709768
0.58236641, 0.71860301
-0.00694566, 0.1894787, 0.01553789
-0.36939603, -0.26117739, 0.89178139
0.58236641, 0.68240643
3e-08, 0.1894787, 0.01553789
0.0, 0.0, 1.0
0.58236641, 0.66264504
-0.01445211, 0.39353859, -0.00721688
-0.54911953, 0.80416274, -0.22745445
0.9446736, 0.75165318
3e-08, 0.39353859, 0.01750609
0.0, 0.7106235, 0.70354319
0.9446736, 0.66264504
-0.00598624, 0.39353859, 0.01322158
-0.22745445, 0.80416274, 0.54911953
0.9446736, 0.68240643
-0.01445211, 0.39353859, 0.0047557
-0.54911953, 0.80416274, 0.22742394
0.9446736, 0.71860301
-0.00598623, 0.39353859, -0.01568275
-0.22745445, 0.80416274, -0.54911953
0.9446736, 0.78530143
3e-08, 0.39353859, 0.01322158
0.0, 0.70708334, 0.70708334
0.9446736, 0.66264504
-0.00598624, 0.39903566, 0.01322158
-0.29709768, 0.63023776, 0.71727651
0.95430404, 0.68240643
-0.00598623, 0.39903566, -0.01568275
-0.29709768, 0.63023776, -0.71727651
0.95430404, 0.78530143
-0.01445211, 0.39903566, 0.0047557
-0.71727651, 0.63023776, 0.29709768
0.95430404, 0.71860301
-0.01445211, 0.39903566, -0.00721688
-0.71727651, 0.63023776, -0.29709768
0.95430404, 0.75165318
3e-08, 0.39903566, 0.01322158
0.0, 0.70708334, 0.70708334
0.95430404, 0.66264504
-0.00288521, 0.39903566, 0.00573509
0.0, 1.0, 0.0
0.96774733, 0.68240643
-0.0069656, 0.39903566, -0.00411586
0.0, 1.0, 0.0
0.96774733, 0.75165318
-0.00288521, 0.39903566, -0.00819626
0.0, 1.0, 0.0
0.96774733, 0.78530143
-0.00696561, 0.39903566, 0.00165469
0.0, 1.0, 0.0
0.96774733, 0.71860301
4e-08, 0.39903566, -0.00819626
0.0, 1.0, 0.0
0.96774733, 0.8009517
3e-08, 0.39903566, 0.00573509
0.0, 0.0, 1.0
0.34064871, 0.12720352
-0.00288521, 0.51499021, 0.00573509
-0.22745445, -0.80416274, 0.54911953
0.54379517, 0.13225812
-0.00288521, 0.39903566, 0.00573509
-0.38267159, 0.0, 0.92385632
0.34064871, 0.13225812
-0.0069656, 0.39903566, -0.00411586
-0.92385632, 0.0, -0.38267159
0.34064871, 0.15247756
-0.00288521, 0.51499021, -0.00819626
-0.22745445, -0.80416274, -0.54911953
0.54379517, 0.16258734
-0.00288521, 0.39903566, -0.00819626
-0.38267159, 0.0, -0.92385632
0.34064871, 0.16258734
-0.00696561, 0.51499021, 0.00165469
-0.54911953, -0.80416274, 0.22745445
0.54379517, 0.1423679
-0.00696561, 0.39903566, 0.00165469
-0.92385632, 0.0, 0.38267159
0.34064871, 0.1423679
3e-08, 0.51499021, 0.00694647
0.0, -0.70708334, 0.70708334
0.54379517, 0.1272034
-0.00338698, 0.51499021, 0.00694647
-0.29709768, -0.63023776, 0.71727651
0.54379517, 0.13225812
-0.00817697, 0.51499021, -0.00461764
-0.71727651, -0.63023776, -0.29709768
0.54379517, 0.15247768
-0.00338698, 0.51499021, -0.00940762
-0.29709768, -0.63023776, -0.71727651
0.54379517, 0.16258734
-0.00817697, 0.51499021, 0.00215646
-0.71727651, -0.63023776, 0.29709768
0.54379517, 0.1423679
-0.0069656, 0.51499021, -0.00411586
-0.54911953, -0.80416274, -0.22745445
0.54379517, 0.15247768
-0.00338698, 0.54744077, 0.00694647
-0.38267159, 0.0, 0.92385632
0.60064739, 0.13225812
-0.00338698, 0.54744077, -0.00940762
-0.38267159, 0.0, -0.92385632
0.60064739, 0.16258734
-0.00817697, 0.54744077, 0.00215646
-0.92385632, 0.0, 0.38267159
0.60064739, 0.1423679
-0.00817697, 0.54744077, -0.00461764
-0.92385632, 0.0, -0.38267159
0.60064739, 0.15247768
-0.00598623, 0.42212307, -0.04506668
-0.62065494, -0.34272286, -0.70516068
0.29211241, 0.0885939
-0.00598623, 0.39903566, -0.01568275
-0.84435558, -0.42124698, -0.33097324
0.25166446, 0.14007312
-0.00598623, 0.43231744, -0.04506668
-0.57734919, 0.57734919, -0.57734919
0.30997258, 0.0885939
-0.00598624, 0.43231744, 0.01322158
-0.57734919, 0.57734919, 0.57734919
0.30997258, 0.19071203
-0.00598624, 0.42365706, 0.01322158
-0.57734919, -0.57734919, 0.57731867
0.29479998, 0.19071203
-0.00598618, 0.42008975, -0.03246373
-0.81762141, 0.24723044, 0.51991332
0.28854996, 0.11067361
-0.00598618, 0.42738014, -0.03246373
-0.90450758, -0.30149236, 0.30149236
0.30132252, 0.11067361
-0.00744471, 0.18333624, 0.04341398
-0.08777124, 0.17368084, 0.98086488
0.48764062, 0.4548794
-0.0083195, 0.18610938, 0.04284311
-0.08929716, 0.17371136, 0.98071229
0.49249911, 0.4538793
3e-08, 0.18610938, 0.04284311
0.0, 0.20160528, 0.97946101
0.50179964, 0.76626144
-0.00744471, 0.18333624, 0.04341398
-0.46375927, 0.64534438, 0.60695213
0.48764068, 0.7706251
3e-08, 0.18333624, 0.04341398
0.0, 0.77510911, 0.63179415
0.50074488, 0.76380973
3e-08, 0.13440205, 0.05186025
0.0, -0.63179415, 0.77510911
0.40770835, 0.74512714
-0.00744471, 0.13440205, 0.07728383
-0.70708334, -0.70708334, 0.0
0.4200843, 0.71128678
-0.00744471, 0.13440205, 0.05186025
-0.74257636, -0.6697287, 0.0
0.41575676, 0.75582762
-0.00744471, 0.18333624, 0.07223304
-0.70708334, 0.70708334, 0.0
0.49374801, 0.72013545
3e-08, 0.18333624, 0.07223304
0.0, 0.99996948, 0.0
0.50580364, 0.72235119
3e-08, 0.13440214, 0.07728383
0.0, -1.0, 0.0
0.40613341, 0.70812637
-0.00744471, 0.13440205, 0.09981222
-0.57277137, -0.55299538, 0.60505998
0.44175285, 0.6397149
-0.00744471, 0.18333624, 0.0954054
-0.5822016, 0.60011595, 0.54850918
0.51227826, 0.65892917
3e-08, 0.18333624, 0.0954054
0.0, 0.73812068, 0.67464215
0.52729499, 0.65181595
-0.00598618, 0.42738014, -0.0149386
-0.90450758, -0.30149236, -0.30149236
0.30132252, 0.14137679
-0.00598618, 0.40582889, -0.0149386
-0.9701224, 0.21906187, -0.10415968
0.26356608, 0.14137679
-0.00598618, 0.42365718, -0.00956677
-0.90450758, -0.30149236, 0.30149236
0.2948001, 0.15078789
-0.00938232, 0.12816641, 0.05019612
-0.90450758, -0.30149236, -0.30149236
0.40483218, 0.75874312
3e-08, 0.10349011, 0.05019612
0.0, 0.70708334, -0.70708334
0.37494105, 0.76773246
-0.00938232, 0.10349011, 0.05019612
-0.90450758, 0.30149236, -0.30149236
0.36160058, 0.75874312
-0.00938232, 0.12816641, 0.03197575
-0.90450758, -0.30149236, 0.30149236
0.40483218, 0.79066433
3e-08, 0.10349011, 0.03197575
0.0, 0.70708334, 0.70708334
0.37287647, 0.78147133
3e-08, 0.12816641, 0.03197575
0.0, -0.70708334, 0.70708334
0.39003211, 0.78036536
3e-08, 0.12816641, 0.05019612
0.0, -0.70708334, -0.70708334
0.39174503, 0.76972885
-0.00938235, 0.13284144, 0.05218152
-0.88177127, 0.00338755, 0.47163305
0.4130227, 0.75526471
2e-08, 0.13440205, 0.09981222
0.0, -0.67464215, 0.73812068
0.43477201, 0.62310898
-0.00598624, 0.4071089, 0.01322158
-0.57734919, 0.57734919, 0.57734919
0.26580828, 0.19071203
-0.00598618, 0.4071089, -0.00956677
-0.90450758, 0.30149236, 0.30149236
0.26580828, 0.15078789
-0.00938231, -0.10304096, 0.0007678
-0.6400342, -0.75609607, -0.13644825
0.02835364, 0.83820377
-0.00938233, -0.09404693, 0.05777618
-0.66008484, -0.69707328, 0.27988526
0.04411061, 0.73832786
3e-08, -0.10304096, 0.0007678
0.0, -0.98406935, -0.17761773
0.0096813, 0.84442423
-0.00938236, 0.1894787, 0.01553789
-0.70708334, 0.70708334, 0.0
0.49840194, 0.81946276
3e-08, 0.1894787, 0.01553789
0.0, 0.0, 1.0
0.50914127, 0.8247178
-0.00938236, 0.1894787, 0.01553789
0.0, 0.0, 1.0
0.49272853, 0.82535671
0.00817705, 0.54744077, 0.00215646
0.0, 1.0, 0.0
0.60087413, 0.18229395
0.00817705, 0.54744077, -0.00461764
0.0, 1.0, 0.0
0.60892266, 0.1742453
4e-08, 0.54744077, -0.00940762
0.0, 1.0, 0.0
0.62432939, 0.17826957
3e-08, 0.18610938, 0.04284311
0.0, 1.0, 0.0
0.50705242, 0.45444578
4e-08, 0.06287518, -0.01843638
0.0, -0.70708334, -0.70708334
0.28527308, 0.33737642
0.00938245, 0.1894787, -0.03695695
0.58262885, 0.60194707, -0.54600668
0.49840188, 0.3140735
3e-08, 0.07493556, 0.09771125
0.0, 0.88933986, 0.4572283
0.32619286, 0.55752152
3e-08, 0.04684113, 0.08834257
0.0, -0.31632435, 0.94863737
0.25715429, 0.54918528
4e-08, 0.1894787, -0.01799903
0.0, 0.0, -1.0
0.58236641, 0.8009517
3e-08, 0.39903566, 0.00573509
0.0, 1.0, 0.0
0.96774733, 0.9270054
3e-08, 0.54744077, 0.00694647
0.0, 0.0, 1.0
0.60064739, 0.20808059
0.0059863, 0.39903566, 0.01322158
0.70708334, 0.0, 0.70708334
0.25166446, 0.19071203
3e-08, 0.12816641, 0.03197575
0.0, -0.70708334, 0.70708334
0.39003205, 0.44513917
3e-08, 0.09834355, 0.05218152
0.0, 0.0, 1.0
0.35330093, 0.48546726
3e-08, -0.10304096, 0.0007678
0.0, -0.98406935, -0.17761773
0.00968129, 0.38108027
3e-08, 0.1894787, 0.01553789
0.0, 1.0, 0.0
0.51537025, 0.40658927
3e-08, 0.18610938, 0.04284311
0.0, 1.0, 0.0
0.50705248, 0.77105878
4e-08, 0.06287518, -0.01843638
0.0, -0.70708334, -0.70708334
0.28527313, 0.88812806
3e-08, 0.07493556, 0.09771125
0.0, 0.88933986, 0.4572283
0.32619292, 0.667983
3e-08, 0.04684113, 0.08834257
0.0, -0.31632435, 0.94863737
0.25715441, 0.67631918
4e-08, -0.09684703, -0.01021222
0.0, -0.50431836, -0.8634907
0.02794082, 0.87269084
3e-08, 0.39903566, 0.00573509
0.0, 1.0, 0.0
0.96774733, 0.66264504
3e-08, 0.51499021, 0.00573509
0.0, -0.70708334, 0.70708334
0.54379517, 0.1272034
3e-08, 0.54744077, 0.00694647
0.0, 0.0, 1.0
0.60064739, 0.1272034
-0.00598624, 0.39903566, 0.01322158
-0.70708334, 0.0, 0.70708334
0.25166446, 0.19071203
3e-08, 0.09834355, 0.05218152
0.0, 0.0, 1.0
0.35330093, 0.74003726
3e-08, 0.1894787, 0.01553789
0.0, 1.0, 0.0
0.51537031, 0.81891529
-0.00817697, 0.54744077, -0.00461764
0.0, 1.0, 0.0
0.62835354, 0.19367629
-0.00817697, 0.54744077, 0.00215646
0.0, 1.0, 0.0
0.620305, 0.20172483
3e-08, 0.54744077, 0.00694647
0.0, 0.99996948, 0.0
0.60489827, 0.19770056
0.00338704, 0.54744077, 0.00694647
0.0, 1.0, 0.0
0.60087413, 0.19367629
-0.00338698, 0.54744077, 0.00694647
0.0, 1.0, 0.0
0.60892266, 0.20172483
-0.00338698, 0.54744077, -0.00940762
0.0, 0.99996948, 0.0
0.62835354, 0.18229383
0.00338704, 0.54744077, -0.00940762
0.0, 0.99996948, 0.0
0.620305, 0.1742453
# Number of Faces:
480
# Face Data:
0, 1, 2
3, 4, 5
6, 7, 1
8, 9, 10
11, 12, 13
14, 15, 16
11, 17, 5
18, 6, 1
12, 19, 20
21, 22, 6
23, 22, 24
25, 8, 26
27, 28, 29
30, 29, 7
31, 32, 33
34, 25, 26
28, 34, 26
33, 28, 35
36, 37, 38
39, 40, 37
20, 10, 9
41, 40, 42
43, 38, 44
41, 44, 45
46, 47, 48
46, 49, 50
51, 52, 49
53, 47, 54
55, 52, 56
48, 57, 46
53, 58, 48
51, 59, 56
59, 55, 56
46, 60, 51
61, 62, 59
63, 59, 60
58, 64, 57
65, 58, 66
64, 60, 57
67, 50, 49
68, 54, 47
69, 47, 50
70, 71, 52
52, 67, 49
72, 73, 68
74, 67, 71
75, 68, 69
76, 71, 77
78, 69, 67
79, 80, 72
74, 81, 78
82, 72, 75
76, 83, 74
81, 75, 78
84, 85, 86
87, 88, 89
90, 86, 91
92, 89, 93
88, 90, 91
84, 94, 95
87, 96, 97
98, 84, 90
99, 87, 92
97, 98, 90
100, 94, 101
102, 96, 103
104, 101, 98
105, 103, 99
106, 98, 96
107, 108, 109
110, 111, 108
112, 113, 111
114, 115, 113
116, 117, 108
41, 42, 19
61, 64, 118
119, 16, 120
121, 122, 4
123, 124, 125
126, 125, 122
127, 122, 128
129, 130, 123
126, 129, 123
131, 126, 127
132, 116, 133
134, 109, 135
136, 135, 117
137, 117, 116
138, 133, 135
139, 140, 2
10, 39, 29
141, 142, 143
144, 141, 140
142, 2, 143
145, 1, 0
146, 147, 131
148, 149, 150
151, 152, 115
153, 134, 152
150, 134, 154
31, 155, 156
155, 157, 34
156, 34, 32
13, 17, 11
158, 5, 159
160, 161, 162
163, 164, 165
161, 166, 162
167, 168, 169
170, 171, 172
145, 173, 174
165, 175, 176
166, 177, 162
170, 178, 179
180, 181, 166
180, 182, 183
168, 184, 185
186, 187, 188
188, 189, 161
190, 191, 192
184, 193, 185
186, 193, 190
194, 190, 192
176, 195, 196
195, 197, 196
169, 198, 167
199, 200, 197
175, 201, 176
202, 200, 203
204, 205, 206
207, 208, 205
209, 210, 208
211, 204, 206
212, 55, 210
206, 213, 214
211, 214, 215
208, 216, 217
55, 216, 210
205, 217, 213
62, 218, 216
216, 219, 217
214, 220, 221
214, 222, 215
217, 220, 213
207, 223, 209
224, 225, 204
207, 225, 226
70, 227, 77
212, 223, 227
228, 229, 225
223, 230, 227
225, 231, 226
227, 76, 77
226, 232, 223
233, 234, 229
230, 235, 236
229, 237, 231
76, 236, 238
231, 235, 232
239, 240, 241
242, 243, 244
241, 245, 246
244, 92, 93
245, 242, 246
240, 247, 248
243, 249, 250
240, 251, 245
243, 99, 92
252, 251, 249
247, 253, 248
249, 254, 250
248, 255, 251
250, 105, 99
251, 256, 249
257, 107, 258
259, 110, 257
260, 112, 259
261, 114, 260
262, 263, 257
179, 178, 200
220, 218, 221
174, 264, 265
266, 267, 268
269, 270, 271
271, 272, 267
267, 273, 268
274, 275, 270
272, 275, 276
272, 277, 273
263, 132, 278
278, 279, 280
279, 136, 262
262, 137, 263
278, 138, 279
281, 282, 283
176, 196, 160
284, 285, 286
284, 287, 281
283, 285, 160
162, 15, 288
276, 289, 277
290, 148, 150
280, 151, 261
291, 153, 280
150, 291, 290
292, 191, 293
193, 294, 292
193, 293, 190
295, 172, 171
165, 296, 297
298, 299, 300
1, 7, 143
29, 143, 7
140, 141, 0
1, 143, 2
2, 140, 0
3, 301, 4
6, 22, 7
8, 302, 9
11, 303, 12
14, 269, 15
5, 4, 0
0, 36, 5
43, 11, 5
5, 36, 43
18, 304, 6
12, 303, 19
21, 305, 22
23, 7, 22
25, 302, 8
27, 35, 28
30, 27, 29
31, 156, 32
34, 157, 25
28, 32, 34
33, 32, 28
36, 39, 37
39, 42, 40
20, 19, 10
41, 45, 40
43, 36, 38
41, 43, 44
46, 50, 47
46, 51, 49
51, 56, 52
53, 48, 47
55, 70, 52
48, 58, 57
53, 66, 58
51, 60, 59
59, 62, 55
46, 57, 60
61, 306, 62
63, 61, 59
58, 118, 64
65, 118, 58
64, 63, 60
67, 69, 50
68, 73, 54
69, 68, 47
70, 77, 71
52, 71, 67
72, 80, 73
74, 78, 67
75, 72, 68
76, 74, 71
78, 75, 69
79, 307, 80
74, 83, 81
82, 79, 72
76, 238, 83
81, 82, 75
84, 95, 85
87, 97, 88
90, 84, 86
92, 87, 89
88, 97, 90
84, 101, 94
87, 103, 96
98, 101, 84
99, 103, 87
97, 96, 98
100, 308, 94
102, 106, 96
104, 100, 101
105, 102, 103
106, 104, 98
107, 110, 108
110, 112, 111
112, 114, 113
114, 151, 115
109, 108, 117
111, 113, 133
111, 133, 116
117, 135, 109
111, 116, 108
303, 11, 41
11, 43, 41
39, 10, 19
303, 41, 19
42, 39, 19
61, 63, 64
119, 14, 16
121, 128, 122
123, 130, 124
126, 123, 125
127, 126, 122
129, 146, 130
126, 147, 129
131, 147, 126
132, 137, 116
133, 113, 152
113, 115, 152
309, 109, 134
135, 133, 152
134, 149, 309
135, 152, 134
136, 138, 135
137, 136, 117
138, 132, 133
139, 144, 140
143, 29, 39
26, 8, 10
29, 28, 26
36, 0, 141
141, 143, 36
26, 10, 29
39, 36, 143
141, 310, 142
144, 310, 141
142, 139, 2
145, 311, 1
146, 129, 147
148, 309, 149
151, 153, 152
153, 154, 134
150, 149, 134
31, 312, 155
155, 312, 157
156, 155, 34
13, 313, 17
158, 3, 5
288, 284, 281
283, 160, 162
288, 281, 283
188, 161, 160
162, 288, 283
163, 314, 164
161, 180, 166
167, 315, 168
170, 179, 171
145, 124, 173
288, 163, 165
165, 295, 171
171, 175, 165
176, 288, 165
166, 316, 177
170, 198, 178
180, 317, 181
180, 161, 182
168, 315, 184
186, 194, 187
188, 187, 189
190, 293, 191
184, 318, 193
186, 185, 193
194, 186, 190
176, 201, 195
195, 199, 197
169, 178, 198
199, 203, 200
175, 202, 201
202, 175, 200
204, 207, 205
207, 209, 208
209, 212, 210
211, 224, 204
212, 70, 55
206, 205, 213
211, 206, 214
208, 210, 216
55, 62, 216
205, 208, 217
62, 306, 218
216, 218, 219
214, 213, 220
214, 221, 222
217, 219, 220
207, 226, 223
224, 228, 225
207, 204, 225
70, 212, 227
212, 209, 223
228, 233, 229
223, 232, 230
225, 229, 231
227, 230, 76
226, 231, 232
233, 319, 234
230, 232, 235
229, 234, 237
76, 230, 236
231, 237, 235
239, 320, 240
242, 252, 243
241, 240, 245
244, 243, 92
245, 252, 242
240, 320, 247
243, 252, 249
240, 248, 251
243, 250, 99
252, 245, 251
247, 321, 253
249, 256, 254
248, 253, 255
250, 254, 105
251, 255, 256
257, 110, 107
259, 112, 110
260, 114, 112
261, 151, 114
259, 257, 263
258, 279, 262
263, 278, 259
257, 258, 262
278, 260, 259
178, 169, 196
178, 196, 197
175, 171, 200
178, 197, 200
200, 171, 179
220, 219, 218
174, 173, 264
266, 163, 267
269, 274, 270
271, 270, 272
267, 272, 273
274, 289, 275
272, 270, 275
272, 276, 277
263, 137, 132
261, 260, 280
279, 258, 291
280, 260, 278
322, 290, 291
291, 280, 279
258, 322, 291
279, 138, 136
262, 136, 137
278, 132, 138
281, 287, 282
186, 188, 185
284, 288, 176
188, 169, 185
169, 168, 185
188, 160, 196
284, 176, 160
196, 169, 188
284, 160, 285
284, 286, 287
283, 282, 285
162, 323, 15
276, 275, 289
290, 322, 148
280, 153, 151
291, 154, 153
150, 154, 291
292, 294, 191
193, 318, 294
193, 292, 293
295, 324, 172
165, 164, 296
325, 326, 327
327, 328, 298
326, 329, 327
300, 330, 325
299, 331, 300
327, 298, 300
300, 325, 327
