# Project Zomboid Skinned Mesh
# File Version:
1.0
# Model Name:
Cube
# Vertex Stride Element Count:
3
# Vertex Stride Size (in bytes):
76
# Vertex Stride Data:
# (Int)    Offset
# (String) Type
0
VertexArray
12
NormalArray
24
TextureCoordArray
# Vertex Count:
222
# Vertex Buffer:
0.01032047, 0.19326721, 0.00449192
0.57957703, 0.58824426, 0.56392103
0.61450505, 0.85626629
0.0, 0.19326721, -0.01682536
0.0, 0.70708334, -0.70708334
0.61450505, 0.78248307
0.0, 0.19326721, 0.00449192
0.0, 0.72185433, 0.69200718
0.61450505, 0.87377076
0.01032047, 0.14993604, 0.00632182
0.73485518, 0.10895108, 0.669393
0.53184676, 0.85919993
0.01032047, 0.19326721, -0.01682536
0.57734919, 0.57734919, -0.57734919
0.61450505, 0.80473852
0.0, 0.14993604, 0.00632182
0.0, 0.16064943, 0.98699909
0.53407311, 0.88326705
0.01032047, 0.11225834, -0.01682536
0.66829431, -0.13556322, -0.73143709
0.45997292, 0.80473852
0.01032047, 0.10091657, -0.01247146
0.69942319, -0.27896971, -0.65797907
0.43833742, 0.82344043
0.0, 0.11225834, -0.01682536
0.0, -0.18222602, -0.98324531
0.45997292, 0.78401271
0.01032047, -0.09196607, 0.01781079
0.58308667, -0.61616868, -0.52946562
0.0230338, 0.76429197
0.0, 0.02430181, 0.00282544
0.0, 0.23642689, -0.97161776
0.28929952, 0.71153891
0.01032047, 0.02430181, 0.00282544
0.63457137, 0.18271431, -0.75093842
0.28929952, 0.72993022
0.0, 0.107837, 0.01845256
0.0, 0.36164433, 0.93230993
0.45340833, 0.89101534
0.0, -0.09053039, 0.08053362
0.0, -0.5829035, 0.8125248
0.04486436, 0.92107619
0.01032047, -0.09053039, 0.08053362
0.56401259, -0.48133793, 0.67094946
0.04309987, 0.89895875
0.01032047, 0.107837, 0.01845256
0.72777492, 0.24802393, 0.63936275
0.45153868, 0.87203455
0.00228819, 0.19326721, -0.00577605
0.38267159, 0.0, 0.92385632
0.19302639, 0.5160839
0.0, 0.49157363, -0.00577605
0.0, 0.70708334, 0.70708334
0.78572887, 0.52642953
0.0, 0.19326721, -0.00577605
0.0, 0.0, 1.0
0.19295874, 0.52642953
0.00552419, 0.19326721, -0.00901206
0.92385632, 0.0, 0.38267159
0.19302639, 0.50874907
0.00228819, 0.49157363, -0.00577605
0.29709768, 0.63023776, 0.71727651
0.78579646, 0.5160839
0.00552419, 0.19326721, -0.01358845
0.99996948, 0.0, 0.0
0.19302639, 0.49837613
0.00552419, 0.49157363, -0.00901206
0.71727651, 0.63023776, 0.29709768
0.78579646, 0.50874907
0.00228819, 0.19326721, -0.01682445
0.38267159, 0.0, -0.92385632
0.16767982, 0.4910413
0.00552419, 0.49157363, -0.01358845
0.71727651, 0.63023776, -0.29709768
0.78579646, 0.49837613
0.00552419, 0.19326721, -0.01358845
0.70708334, 0.0, -0.70708334
0.1617851, 0.49837613
0.0, 0.19326721, -0.01682445
0.0, 0.0, -1.0
0.16775218, 0.48025328
0.00228819, 0.49157363, -0.01682445
0.29709768, 0.63023776, -0.71727651
0.78579646, 0.4910413
0.00552419, 0.49157363, -0.00901206
0.71727651, 0.63023776, 0.29709768
0.79614717, 0.50909787
0.0, 0.49157363, -0.01682445
0.0, 0.70708334, -0.70708334
0.80866843, 0.49139011
0.0, 0.49157363, -0.00577605
0.0, 0.70708334, 0.70708334
0.80866843, 0.5164327
0.00428113, 0.47259626, 0.00027838
0.71727651, 0.63023776, 0.29709768
0.78212923, 0.55553684
0.0, 0.47259626, -0.00577605
0.0, 0.70708334, -0.70708334
0.78212923, 0.53730783
0.0, 0.47259626, 0.00278622
0.0, 0.70708334, 0.70708334
0.78212923, 0.56725302
0.01032047, 0.00865331, 0.04949309
0.75893432, 0.05603198, 0.64870143
0.24731928, 0.82472897
0.01032047, 0.04187853, 0.01499546
0.83779413, 0.04638813, -0.54396188
0.31127715, 0.74390447
0.0017733, 0.47259626, 0.00278622
0.29709768, 0.63023776, 0.71727651
0.78212923, 0.56236055
0.00428113, 0.31567964, 0.00027838
0.92385632, 0.0, 0.38267159
0.5075416, 0.55553684
0.0017733, 0.47259626, -0.00577605
0.29709768, 0.63023776, -0.71727651
0.78212923, 0.54189268
0.0, 0.31567964, -0.00577605
0.0, 0.0, -0.99996948
0.50759155, 0.5352433
0.00428113, 0.31567964, -0.00326822
0.92385632, 0.0, -0.38267159
0.5075416, 0.54877135
0.00428113, 0.47259626, -0.00326822
0.71727651, 0.63023776, -0.29709768
0.78212923, 0.54877135
0.0017733, 0.31567964, 0.00278622
0.38267159, 0.0, 0.92385632
0.50756198, 0.5634639
0.0017733, 0.31567964, -0.00577605
0.38267159, 0.0, -0.92385632
0.50754684, 0.54085031
0.0, 0.00865331, 0.04949309
0.0, 0.08606219, 0.99627674
0.24820152, 0.84569651
0.0, 0.04187853, 0.01499546
0.0, 0.08496353, -0.99636829
0.31127715, 0.72572958
0.0, 0.10091657, -0.01247146
0.0, -0.39033175, -0.92065185
0.43833742, 0.68120044
0.01032047, 0.10091657, -0.01247146
0.69942319, -0.27896971, -0.65797907
0.43833742, 0.70190504
0.00794189, 0.26578125, -0.00959161
0.70708334, 0.0, -0.70708334
0.8876788, 0.81078079
0.00794189, 0.29927072, 0.00871105
0.71065402, 0.01101718, 0.70345163
0.95156306, 0.84938967
0.00794189, 0.26076704, 0.00991954
0.70403147, 0.01254311, 0.71004367
0.77583426, 0.85575701
0.00794189, 0.19326721, -0.00959161
0.57734919, -0.57734919, -0.57734919
0.66151118, 0.81078079
0.00794189, 0.19326721, 0.01018653
0.5771355, -0.57628101, 0.57856989
0.66151118, 0.85626629
0.00794189, 0.30604678, -0.00959161
0.70708334, 0.0, -0.70708334
0.97048533, 0.81078079
0.00794189, 0.29927072, -0.00959161
0.70708334, 0.0, -0.70708334
0.95156306, 0.81078079
0.00794189, 0.31567964, 0.00642942
0.59056365, 0.63295388, 0.50053406
0.98286438, 0.84938967
0.00794189, 0.30604678, 0.00871105
0.68187505, 0.08484146, 0.72649312
0.97048533, 0.84938967
0.00426491, 0.12311464, 0.03304822
0.88845485, 0.15775017, -0.43095186
0.45420995, 0.94393514
0.00426492, 0.15202992, 0.03037486
0.6847133, 0.32947782, 0.65004426
0.4997423, 0.94485192
0.00426498, 0.11782824, 0.03673269
0.91543323, -0.37903988, -0.13510545
0.44412565, 0.95096363
0.00794189, 0.31567964, -0.00959161
0.57734919, 0.57734919, -0.57734919
0.98286438, 0.81078079
0.0, 0.31567964, 0.00642942
0.0, 0.78435624, 0.62028873
0.98286438, 0.86770189
0.0, 0.26578125, -0.00959161
0.0, 0.0, -1.0
0.88755298, 0.79231969
0.0, 0.29927072, -0.00959161
0.0, 0.0, -0.99996948
0.95093584, 0.7934747
0.0, 0.30604678, 0.00871105
0.0, 0.11600085, 0.99322492
0.97048533, 0.86770189
0.0, 0.19326721, -0.00959161
0.0, -0.70708334, -0.70708334
0.66151118, 0.79589707
0.0, 0.29927072, 0.00871105
0.0, 0.01568651, 0.99984741
0.95156306, 0.86770189
0.0, 0.19326721, 0.01018653
0.0, -0.70567948, 0.70848721
0.66151118, 0.87269172
0.0, 0.31567964, -0.00959161
0.0, 0.70708334, -0.70708334
0.98286438, 0.7934747
0.0, 0.26076704, 0.00991954
0.0, 0.0176397, 0.99981689
0.77644563, 0.87216774
0.0, 0.30604678, -0.00959161
0.0, 0.0, -1.0
0.97048533, 0.7934747
0.00426491, 0.05274266, 0.06847496
0.59773552, -0.19528794, 0.77752006
0.36008939, 0.98793959
0.00426498, 0.04900143, 0.05288348
0.93047881, 0.35822627, 0.07638783
0.35963759, 0.94900557
0.00426498, 0.05674752, 0.06222739
0.86803794, 0.11877804, -0.48203987
0.36772907, 0.97602173
0.0, 0.1480415, 0.02344824
0.0, -0.89147615, -0.45301676
0.48077154, 0.93011149
0.00426491, 0.1434751, 0.00647807
0.6513871, -0.73265785, 0.19711906
0.49576968, 0.89443018
0.00426491, 0.1480415, 0.02344824
0.89199501, -0.40293589, -0.20474868
0.48629647, 0.93507314
0.0, 0.1922451, 0.00449192
0.0, 0.54118472, 0.84087652
0.52033848, 0.89470182
0.00426491, 0.1922451, 0.00449192
0.32032228, 0.51268041, 0.79656363
0.51013225, 0.89259665
0.0, 0.11029909, 0.02263558
0.0, -0.30591753, 0.95202488
0.42096534, 0.93023881
0.00426498, 0.11029909, 0.02263558
0.90072328, -0.13287759, 0.41349527
0.42976308, 0.92407205
0.0, 0.15202992, 0.03037486
0.0, 0.4521012, 0.89193398
0.50628173, 0.9517264
0.0, 0.11782824, 0.03673269
0.0, -0.94192326, -0.33576465
0.43300387, 0.94894784
0.0, 0.0395331, 0.05317416
0.0, -0.98007143, -0.19849238
0.3343823, 0.93824083
0.00426492, 0.0395331, 0.05317416
0.56517226, -0.80852687, -0.16376232
0.34603244, 0.94454632
0.0, 0.05674752, 0.06222739
0.0, 0.2392346, -0.97094637
0.37511295, 0.96916439
0.00426491, 0.11398355, 0.016388
0.57960755, 0.24488053, -0.77721488
0.43679154, 0.91215416
0.0, 0.04900143, 0.05288348
0.0, 0.97799617, 0.20856349
0.36891693, 0.95175059
0.0, 0.11398355, 0.016388
0.0, 0.30051577, -0.95376444
0.43980971, 0.90431229
0.0, 0.12311464, 0.03304822
0.0, 0.34372997, -0.93905455
0.45750415, 0.93663167
0.0, 0.47043684, -0.02016614
0.0, -0.58296454, -0.81246376
0.74717563, 0.46788853
0.00271886, 0.48981827, -0.01682445
0.74983978, 0.57997376, -0.31824702
0.76673883, 0.47619754
0.00271886, 0.47043684, -0.01682445
0.67528307, -0.49201941, -0.54942471
0.74717563, 0.47619754
0.00433033, 0.19365048, -0.01854308
0.74468213, -0.61564988, -0.25763726
0.26227662, 0.46154034
0.00271886, 0.21222205, -0.01682536
0.59663683, 0.77739799, 0.19910276
0.26820561, 0.47619754
0.00271886, 0.19365048, -0.01682536
0.40833765, -0.82851648, 0.38309884
0.26227662, 0.47619754
0.0, 0.21222205, -0.0223084
0.0, 0.63295388, -0.77416301
0.27719179, 0.44788146
0.00433033, 0.21222205, -0.0223084
0.64635152, 0.51457256, -0.56337166
0.26820561, 0.46154034
0.0, 0.19365048, -0.01854308
0.0, -0.77416301, -0.63295388
0.25447711, 0.44451982
0.0, 0.47043684, -0.01682445
0.0, -1.0, 0.0
0.74344331, 0.47386777
0.0, 0.48981827, -0.02412073
0.0, 0.47294533, -0.88106936
0.76673883, 0.46788853
0.0, 0.48981827, -0.01682445
0.0, 1.0, 0.0
0.77047116, 0.47386777
-0.01032047, 0.19326721, 0.00449192
-0.57957703, 0.58824426, 0.56392103
0.61450505, 0.85626629
-0.01032047, 0.19326721, -0.01682536
-0.57734919, 0.57734919, -0.57734919
0.61450505, 0.19526362
-0.01032047, 0.14993604, 0.00632182
-0.73485518, 0.10895108, 0.669393
0.53184676, 0.14080215
-0.01032047, 0.19326721, 0.00449192
-0.57957703, 0.58824426, 0.56392103
0.61450505, 0.14373589
0.0, 0.14993604, 0.00632182
0.0, 0.16064943, 0.98699909
0.53407311, 0.1167351
0.0, 0.19326721, 0.00449192
0.0, 0.72185433, 0.69200718
0.61450505, 0.12623131
0.0, 0.19326721, -0.01682536
0.0, 0.70708334, -0.70708334
0.61450505, 0.21751904
-0.01032047, 0.11225834, -0.01682536
-0.66829431, -0.13556322, -0.73143709
0.45997292, 0.19526362
0.0, 0.11225834, -0.01682536
0.0, -0.18222602, -0.98324531
0.45997292, 0.21598947
-0.01032047, 0.10091657, -0.01247146
-0.69942319, -0.27896971, -0.65797907
0.43833742, 0.17656171
0.0, 0.02430181, 0.00282544
0.0, 0.23642689, -0.97161776
0.28929952, 0.28846323
-0.01032047, -0.09196607, 0.01781079
-0.58308667, -0.61616868, -0.52946562
0.0230338, 0.23571014
-0.01032047, 0.02430181, 0.00282544
-0.63457137, 0.18271431, -0.75093842
0.28929952, 0.27007186
0.0, 0.107837, 0.01845256
0.0, 0.36164433, 0.93230993
0.45340833, 0.10898674
0.0, -0.09053039, 0.08053362
0.0, -0.5829035, 0.8125248
0.04486436, 0.07892597
-0.01032047, -0.09053039, 0.08053362
-0.56401259, -0.48133793, 0.67094946
0.04309988, 0.10104334
-0.01032047, 0.107837, 0.01845256
-0.72777492, 0.24802393, 0.63936275
0.45153868, 0.1279676
-0.00228819, 0.19326721, -0.00577605
-0.38267159, 0.0, 0.92385632
0.19302639, 0.5160839
-0.00228819, 0.49157363, -0.00577605
-0.29709768, 0.63023776, 0.71727651
0.78579646, 0.5160839
-0.00552419, 0.19326721, -0.00901206
-0.92385632, 0.0, 0.38267159
0.19302639, 0.50874907
-0.00552419, 0.49157363, -0.00901206
-0.71727651, 0.63023776, 0.29709768
0.78579646, 0.50874907
-0.00552419, 0.19326721, -0.01358845
-0.99996948, 0.0, 0.0
0.19302639, 0.49837613
-0.00552419, 0.49157363, -0.01358845
-0.71727651, 0.63023776, -0.29709768
0.78579646, 0.49837613
-0.00228819, 0.19326721, -0.01682445
-0.38267159, 0.0, -0.92385632
0.16767982, 0.4910413
-0.00552419, 0.19326721, -0.01358845
-0.70708334, 0.0, -0.70708334
0.1617851, 0.49837613
-0.00228819, 0.49157363, -0.01682445
-0.29709768, 0.63023776, -0.71727651
0.78579646, 0.4910413
-0.00552419, 0.49157363, -0.01358845
-0.71727651, 0.63023776, -0.29709768
0.79614717, 0.49872494
-0.00552419, 0.49157363, -0.00901206
-0.71727651, 0.63023776, 0.29709768
0.79614717, 0.50909787
-0.00428113, 0.47259626, -0.00326822
-0.71727651, 0.63023776, -0.29709768
0.78212923, 0.54877135
-0.00428113, 0.47259626, 0.00027838
-0.71727651, 0.63023776, 0.29709768
0.78212923, 0.55553684
-0.01032047, 0.00865331, 0.04949309
-0.75893432, 0.05603198, 0.64870143
0.24731928, 0.17527312
-0.00428113, 0.31567964, 0.00027838
-0.92385632, 0.0, 0.38267159
0.5075416, 0.55553684
-0.0017733, 0.47259626, 0.00278622
-0.29709768, 0.63023776, 0.71727651
0.78212923, 0.56236055
-0.0017733, 0.47259626, -0.00577605
-0.29709768, 0.63023776, -0.71727651
0.78212923, 0.54189268
-0.00428113, 0.31567964, -0.00326822
-0.92385632, 0.0, -0.38267159
0.5075416, 0.54877135
-0.0017733, 0.31567964, 0.00278622
-0.38267159, 0.0, 0.92385632
0.50756198, 0.5634639
-0.0017733, 0.31567964, -0.00577605
-0.38267159, 0.0, -0.92385632
0.50754684, 0.54085031
0.0, 0.00865331, 0.04949309
0.0, 0.08606219, 0.99627674
0.24820152, 0.15430564
0.0, 0.04187853, 0.01499546
0.0, 0.08496353, -0.99636829
0.31127715, 0.27427256
-0.01032047, 0.04187853, 0.01499546
-0.83779413, 0.04638813, -0.54396188
0.31127715, 0.25609767
0.0, 0.10091657, -0.01247146
0.0, -0.39033175, -0.92065185
0.43833742, 0.31880164
-0.01032047, 0.10091657, -0.01247146
-0.69942319, -0.27896971, -0.65797907
0.43833742, 0.29809713
-0.00794189, 0.26578125, -0.00959161
-0.70708334, 0.0, -0.70708334
0.8876788, 0.18922138
-0.00794189, 0.29927072, 0.00871105
-0.71065402, 0.01101718, 0.70345163
0.95156306, 0.15061247
-0.00794189, 0.29927072, -0.00959161
-0.70708334, 0.0, -0.70708334
0.95156306, 0.18922138
-0.00794189, 0.19326721, -0.00959161
-0.57734919, -0.57734919, -0.57734919
0.66151118, 0.18922138
-0.00794189, 0.26076704, 0.00991954
-0.70403147, 0.01254311, 0.71004367
0.77583426, 0.14424515
-0.00794189, 0.30604678, -0.00959161
-0.70708334, 0.0, -0.70708334
0.97048533, 0.18922138
-0.00794189, 0.31567964, 0.00642942
-0.59056365, 0.63295388, 0.50053406
0.98286438, 0.15061247
-0.00794189, 0.31567964, -0.00959161
-0.57734919, 0.57734919, -0.57734919
0.98286438, 0.18922138
-0.00426492, 0.15202992, 0.03037486
-0.6847133, 0.32947782, 0.65004426
0.4997423, 0.05515027
-0.00426491, 0.1480415, 0.02344824
-0.89199501, -0.40293589, -0.20474868
0.48629647, 0.06492901
-0.00426491, 0.12311464, 0.03304822
-0.88845485, 0.15775017, -0.43095186
0.45420995, 0.05606699
-0.00794189, 0.31567964, -0.00959161
-0.57734919, 0.57734919, -0.57734919
0.98286438, 0.81078079
-0.00794189, 0.31567964, 0.00642942
-0.59056365, 0.63295388, 0.50053406
0.98286438, 0.84938967
0.0, 0.26578125, -0.00959161
0.0, 0.0, -1.0
0.88755298, 0.20768249
0.0, 0.29927072, -0.00959161
0.0, 0.0, -0.99996948
0.95093584, 0.20652747
0.0, 0.30604678, 0.00871105
0.0, 0.11600085, 0.99322492
0.97048533, 0.13230026
-0.00794189, 0.30604678, 0.00871105
-0.68187505, 0.08484146, 0.72649312
0.97048533, 0.15061247
-0.00794189, 0.19326721, 0.01018653
-0.5771355, -0.57628101, 0.57856989
0.66151118, 0.85626629
-0.00794189, 0.19326721, -0.00959161
-0.57734919, -0.57734919, -0.57734919
0.66151118, 0.81078079
0.0, 0.29927072, 0.00871105
0.0, 0.01568651, 0.99984741
0.95156306, 0.13230026
0.0, 0.19326721, 0.01018653
0.0, -0.70567948, 0.70848721
0.66151118, 0.1273104
-0.00794189, 0.19326721, 0.01018653
-0.5771355, -0.57628101, 0.57856989
0.66151118, 0.14373589
0.0, 0.31567964, -0.00959161
0.0, 0.70708334, -0.70708334
0.98286438, 0.20652747
0.0, 0.26076704, 0.00991954
0.0, 0.0176397, 0.99981689
0.77644563, 0.12783444
0.0, 0.30604678, -0.00959161
0.0, 0.0, -1.0
0.97048533, 0.20652747
-0.00426498, 0.04900143, 0.05288348
-0.93047881, 0.35822627, 0.07638783
0.35963759, 0.05099654
-0.00426492, 0.0395331, 0.05317416
-0.56517226, -0.80852687, -0.16376232
0.34603244, 0.0554558
-0.00426491, 0.05274266, 0.06847496
-0.59773552, -0.19528794, 0.77752006
0.36008939, 0.01206255
-0.00426491, 0.1434751, 0.00647807
-0.6513871, -0.73265785, 0.19711906
0.49576968, 0.10557199
0.0, 0.1480415, 0.02344824
0.0, -0.89147615, -0.45301676
0.48077154, 0.06989062
0.0, 0.1922451, 0.00449192
0.0, 0.54118472, 0.84087652
0.52033848, 0.10530031
-0.00426491, 0.1922451, 0.00449192
-0.32032228, 0.51268041, 0.79656363
0.51013225, 0.10740542
0.0, 0.11029909, 0.02263558
0.0, -0.30591753, 0.95202488
0.42096534, 0.0697633
-0.00426498, 0.11029909, 0.02263558
-0.90072328, -0.13287759, 0.41349527
0.42976308, 0.07593012
0.0, 0.15202992, 0.03037486
0.0, 0.4521012, 0.89193398
0.50628173, 0.04827571
0.0, 0.11782824, 0.03673269
0.0, -0.94192326, -0.33576465
0.43300387, 0.05105436
-0.00426498, 0.11782824, 0.03673269
-0.91543323, -0.37903988, -0.13510545
0.44412565, 0.04903853
0.0, 0.0395331, 0.05317416
0.0, -0.98007143, -0.19849238
0.3343823, 0.06176126
0.0, 0.05274266, 0.06847496
0.0, -0.24359874, 0.96984774
0.35169572, 7.03e-06
0.0, 0.05674752, 0.06222739
0.0, 0.2392346, -0.97094637
0.37511295, 0.03083777
-0.00426498, 0.05674752, 0.06222739
-0.86803794, 0.11877804, -0.48203987
0.36772907, 0.0239805
-0.00426491, 0.11398355, 0.016388
-0.57960755, 0.24488053, -0.77721488
0.43679154, 0.08784795
0.0, 0.04900143, 0.05288348
0.0, 0.97799617, 0.20856349
0.36891693, 0.04825151
0.0, 0.11398355, 0.016388
0.0, 0.30051577, -0.95376444
0.43980971, 0.09568989
0.0, 0.12311464, 0.03304822
0.0, 0.34372997, -0.93905455
0.45750415, 0.06337047
-0.00271886, 0.48981827, -0.01682445
-0.74983978, 0.57997376, -0.31824702
0.76673883, 0.47619754
-0.00433033, 0.19365048, -0.01854308
-0.74468213, -0.61564988, -0.25763726
0.26227662, 0.46154034
-0.00271886, 0.21222205, -0.01682536
-0.59663683, 0.77739799, 0.19910276
0.26820561, 0.47619754
-0.00433033, 0.21222205, -0.0223084
-0.64635152, 0.51457256, -0.56337166
0.26820561, 0.46154034
-0.00271886, 0.19365048, -0.01682536
-0.40833765, -0.82851648, 0.38309884
0.26227662, 0.47619754
0.0, 0.19365048, -0.01682536
0.0, -1.0, 0.0
0.25000098, 0.47435588
-0.00271886, 0.47043684, -0.01682445
-0.67528307, -0.49201941, -0.54942471
0.74717563, 0.47619754
-0.01032047, 0.107837, 0.01845256
-0.72777492, 0.24802393, 0.63936275
0.45153868, 0.2495029
0.0, 0.03745022, 0.05328555
0.0, 0.16354869, 0.98651081
0.30274805, 0.17452669
0.0, 0.107837, 0.01845256
0.0, 0.36164433, 0.93230993
0.45153868, 0.22968531
0.0, 0.03745022, 0.05328555
0.0, 0.16354869, 0.98651081
0.30274805, 0.82547541
0.01032047, 0.107837, 0.01845256
0.72777492, 0.24802393, 0.63936275
0.45153868, 0.75049919
0.0, 0.107837, 0.01845256
0.0, 0.36164433, 0.93230993
0.45153868, 0.77031684
-0.01032047, 0.03745021, 0.05328556
-0.64708394, 0.12469863, 0.75212866
0.30210245, 0.19518578
0.01032047, 0.03745021, 0.05328556
0.64708394, 0.12469863, 0.75212866
0.30210245, 0.80481635
0.0, 0.10091657, -0.01247146
0.0, -0.39033175, -0.92065185
0.43833742, 0.80402544
0.0, -0.09196607, 0.01781079
0.0, -0.75844598, -0.65172279
0.01810564, 0.74000341
0.0, 0.49157363, -0.01682445
0.0, 0.70708334, -0.70708334
0.78586882, 0.48025328
0.00228819, 0.49157363, -0.00577605
0.29709768, 0.63023776, 0.71727651
0.803482, 0.5164327
0.00552419, 0.49157363, -0.01358845
0.71727651, 0.63023776, -0.29709768
0.79614717, 0.49872494
0.00228819, 0.49157363, -0.01682445
0.29709768, 0.63023776, -0.71727651
0.803482, 0.49139011
0.0, 0.31567964, 0.00278622
0.0, 0.0, 1.0
0.50756925, 0.56840131
0.0, 0.1434751, 0.00647807
0.0, -0.96563613, 0.25983459
0.48851916, 0.89291979
0.0, 0.05274266, 0.06847496
0.0, -0.24359874, 0.96984774
0.35169572, 0.99999505
0.0, 0.21222205, -0.01682536
0.0, 1.0, 0.0
0.27947018, 0.47526014
-0.01032047, 0.19326721, -0.01682536
-0.57734919, 0.57734919, -0.57734919
0.61450505, 0.80473852
0.0, 0.10091657, -0.01247146
0.0, -0.39033175, -0.92065185
0.43833742, 0.19597673
0.0, -0.09196607, 0.01781079
0.0, -0.75844598, -0.65172279
0.01810563, 0.25999868
-0.00228819, 0.49157363, -0.00577605
-0.29709768, 0.63023776, 0.71727651
0.803482, 0.5164327
-0.00228819, 0.49157363, -0.01682445
-0.29709768, 0.63023776, -0.71727651
0.803482, 0.49139011
0.0, 0.19326721, -0.00959161
0.0, -0.70708334, -0.70708334
0.66151118, 0.20410502
0.0, 0.31567964, 0.00642942
0.0, 0.78435624, 0.62028873
0.98286438, 0.13230026
0.0, 0.1434751, 0.00647807
0.0, -0.96563613, 0.25983459
0.48851916, 0.10708237
# Number of Faces:
272
# Face Data:
0, 1, 2
3, 4, 0
5, 0, 2
6, 1, 4
7, 8, 6
9, 10, 11
12, 3, 5
13, 9, 14
15, 6, 3
16, 17, 18
19, 20, 16
21, 22, 19
23, 24, 25
26, 27, 23
28, 29, 30
31, 32, 33
34, 11, 35
36, 37, 31
38, 39, 32
31, 40, 41
33, 42, 36
41, 43, 38
13, 34, 44
11, 45, 35
35, 46, 47
48, 49, 50
51, 50, 52
53, 49, 54
53, 55, 56
57, 58, 59
60, 61, 55
51, 62, 48
48, 63, 54
55, 64, 56
52, 65, 51
56, 66, 49
50, 67, 52
53, 68, 60
49, 69, 50
54, 70, 53
71, 72, 73
74, 75, 76
77, 58, 78
79, 72, 80
81, 71, 58
82, 80, 59
71, 83, 84
85, 59, 73
83, 86, 84
87, 73, 72
88, 57, 86
89, 76, 57
90, 91, 92
93, 94, 95
96, 94, 97
95, 98, 93
98, 97, 93
92, 99, 90
100, 101, 91
1, 102, 2
103, 104, 105
105, 106, 107
108, 109, 103
110, 111, 109
112, 113, 114
104, 115, 106
113, 116, 117
109, 118, 104
17, 119, 18
120, 121, 119
122, 123, 121
124, 125, 126
127, 26, 125
29, 128, 129
32, 130, 131
114, 113, 132
133, 134, 131
39, 135, 32
136, 131, 130
137, 33, 134
138, 130, 135
132, 116, 139
140, 114, 141
142, 141, 143
144, 145, 146
147, 148, 144
145, 149, 146
149, 150, 151
152, 153, 154
61, 155, 156
157, 147, 144
158, 144, 146
159, 150, 160
65, 161, 162
163, 160, 145
164, 148, 165
166, 149, 151
167, 145, 148
168, 146, 149
169, 170, 171
172, 173, 153
152, 174, 175
169, 176, 177
171, 178, 152
177, 179, 180
171, 181, 182
180, 183, 184
185, 181, 170
184, 186, 169
154, 187, 185
153, 188, 154
90, 189, 100
190, 191, 192
191, 96, 192
193, 98, 194
192, 98, 190
195, 90, 99
100, 189, 101
196, 197, 198
199, 200, 201
202, 139, 197
199, 34, 203
0, 4, 1
3, 6, 4
5, 3, 0
6, 8, 1
7, 204, 8
9, 205, 10
12, 15, 3
13, 205, 9
15, 7, 6
16, 20, 17
19, 22, 20
21, 24, 22
23, 27, 24
26, 206, 27
30, 207, 28
28, 208, 29
209, 29, 208
33, 36, 31
31, 41, 32
38, 32, 41
47, 200, 35
34, 14, 9
200, 203, 35
9, 11, 34
35, 203, 34
36, 42, 37
38, 43, 39
31, 37, 40
33, 210, 42
41, 40, 43
13, 14, 34
11, 10, 45
35, 45, 46
48, 54, 49
51, 48, 50
53, 56, 49
53, 60, 55
72, 84, 86
80, 72, 86
78, 58, 76
76, 75, 78
80, 86, 57
76, 58, 57
59, 80, 57
60, 68, 61
51, 65, 62
48, 62, 63
55, 61, 64
52, 67, 65
56, 64, 66
50, 69, 67
53, 70, 68
49, 66, 69
54, 63, 70
59, 58, 71
71, 84, 72
73, 59, 71
74, 211, 75
77, 81, 58
79, 87, 72
81, 212, 71
82, 79, 80
71, 212, 83
85, 82, 59
83, 88, 86
87, 85, 73
88, 89, 57
89, 74, 76
90, 100, 91
93, 97, 94
96, 213, 94
95, 194, 98
98, 96, 97
1, 214, 102
103, 109, 104
105, 104, 106
108, 110, 109
110, 215, 111
112, 216, 113
104, 118, 115
113, 216, 116
109, 111, 118
17, 120, 119
120, 122, 121
122, 124, 123
124, 127, 125
127, 206, 26
129, 217, 30
30, 29, 129
218, 128, 29
131, 134, 33
33, 32, 131
135, 130, 32
202, 196, 141
141, 114, 132
196, 143, 141
113, 117, 132
132, 202, 141
133, 137, 134
39, 138, 135
136, 133, 131
137, 210, 33
138, 136, 130
132, 117, 116
140, 112, 114
142, 140, 141
144, 148, 145
147, 165, 148
145, 160, 149
149, 160, 150
185, 170, 169
185, 169, 177
154, 185, 177
180, 152, 154
175, 172, 153
154, 177, 180
152, 175, 153
61, 68, 155
157, 219, 147
158, 157, 144
159, 220, 150
65, 67, 161
163, 159, 160
164, 167, 148
166, 168, 149
167, 163, 145
168, 158, 146
171, 152, 180
184, 169, 171
171, 180, 184
172, 221, 173
152, 178, 174
169, 186, 176
171, 182, 178
177, 176, 179
171, 170, 181
180, 179, 183
185, 187, 181
184, 183, 186
154, 188, 187
153, 173, 188
90, 195, 189
190, 193, 191
191, 213, 96
193, 190, 98
192, 96, 98
196, 202, 197
199, 203, 200
202, 132, 139
199, 44, 34
