# Project Zomboid Skinned Mesh
# File Version:
1.0
# Model Name:
Cube
# Vertex Stride Element Count:
3
# Vertex Stride Size (in bytes):
76
# Vertex Stride Data:
# (Int)    Offset
# (String) Type
0
VertexArray
12
NormalArray
24
TextureCoordArray
# Vertex Count:
386
# Vertex Buffer:
0.01384321, 0.05944032, -0.01248855
0.97076327, -0.08215582, -0.22547075
0.43574747, 0.76579791
0.00884321, 0.21379489, -0.02253403
0.54741049, 0.79125339, -0.27246925
0.72466308, 0.74699509
0.01384321, 0.21379489, -0.01248855
0.73213905, 0.65901667, -0.17212439
0.72466308, 0.76579791
0.00884321, 0.16294178, 0.02679921
0.66884363, 0.13342692, 0.73131502
0.62947798, 0.83933544
0.00884321, 0.08236202, 0.0132292
1.0, 0.0, 0.0
0.47865158, 0.81393564
0.00884321, 0.21379489, 0.00760241
0.46369824, 0.67888427, 0.56926173
0.72466308, 0.8034035
-0.0, 0.02674981, 0.0076024
0.0, -0.88674581, 0.46223333
0.29806077, 0.558267
0.00884321, 0.02674981, -0.02253404
0.64784694, -0.70693076, -0.28366953
0.31451553, 0.48854184
0.00884321, 0.02674981, 0.0076024
0.61635184, -0.69826353, 0.36396375
0.31451553, 0.54495025
0.00478021, 0.50526732, -0.01032192
0.54911953, -0.80416274, -0.22742394
0.89476264, 0.56085846
0.00198003, 0.45921856, -0.01312212
0.22745445, 0.80416274, -0.54911953
0.80857038, 0.55561706
0.00198003, 0.50526732, -0.01312212
0.22745445, -0.80416274, -0.54911953
0.89476264, 0.55561706
0.00478021, 0.50526732, -0.00636184
0.54911953, -0.80416274, 0.22745445
0.89476264, 0.56827071
0.00478021, 0.45921856, -0.01032192
0.54911953, 0.80416274, -0.22742394
0.80857038, 0.56085846
0.00198003, 0.50526732, -0.00356166
0.22745445, -0.80416274, 0.54911953
0.89476264, 0.57351205
0.00478021, 0.45921856, -0.00636184
0.54911953, 0.80416274, 0.22745445
0.80857038, 0.56827071
-0.0, 0.50526732, -0.00356166
0.0, -0.70708334, 0.70708334
0.89476264, 0.5766755
0.00198003, 0.45921856, -0.00356166
0.22745445, 0.80416274, 0.54911953
0.80857038, 0.57351205
0.0066643, 0.25282627, -0.02253403
0.99960327, 0.0278634, 0.0
0.42225227, 0.53800014
0.0066643, 0.43755573, -0.02529448
0.92385632, 0.0, -0.38267159
0.76802254, 0.53283313
0.0066643, 0.43755573, -0.02253403
1.0, 0.0, 0.0
0.76802254, 0.53800014
0.00276044, 0.25282627, -0.02919835
0.38248849, 0.03036592, -0.92342907
0.42225227, 0.52552608
-0.0, 0.43755573, -0.02919835
0.0, 0.0, -1.0
0.76808965, 0.51962677
0.00276044, 0.43755573, -0.02919835
0.38267159, 0.0, -0.92385632
0.76802254, 0.52552608
-0.0, 0.21379489, 0.00760241
0.0, 0.3531602, 0.93554491
0.72466308, 0.81944454
-0.0, 0.44777042, -0.01586973
0.0, 0.70708334, 0.70708334
0.7871418, 0.55678746
0.0066643, 0.44777042, -0.01977359
0.71727651, 0.63023776, 0.29709768
0.7871418, 0.54316708
-0.0, 0.44777042, -0.02919835
0.0, 0.70708334, -0.70708334
0.7871418, 0.51962683
0.0066643, 0.25282627, -0.02529448
0.92342907, 0.03036592, -0.38248849
0.42225227, 0.53283313
-0.0, 0.50526732, -0.00164586
0.0, -0.70708334, 0.70708334
0.89476264, 0.57996699
-0.0, 0.45921856, -0.01312212
0.0, 0.70708334, -0.70708334
0.80857038, 0.55243048
-0.0, 0.50526732, -0.01312212
0.0, -0.70708334, -0.70708334
0.89476264, 0.55230519
-0.0, 0.45921856, -0.00167757
0.0, 0.70708334, 0.70708334
0.80857038, 0.57986948
-0.0, 0.45921856, -0.00356166
0.0, 0.70708334, 0.70708334
0.80857038, 0.57683232
0.0066643, 0.45921856, -0.01110235
0.71727651, 0.63023776, -0.29709768
0.80857038, 0.55939767
0.00276044, 0.45921856, -0.00167757
0.29709768, 0.63023776, 0.71727651
0.80857038, 0.57703862
0.0066643, 0.45921856, -0.00558143
0.71727651, 0.63023776, 0.29709768
0.80857038, 0.56973144
-0.0, 0.45921856, -0.01500621
0.0, 0.70708334, -0.70708334
0.80857038, 0.54927096
-0.0, 0.43755573, -0.00167757
0.0, 0.0, 1.0
0.76802254, 0.57986948
0.00276044, 0.43755573, -0.00167757
0.38267159, 0.0, 0.92385632
0.76802254, 0.57703862
0.0066643, 0.43755573, -0.01110235
0.92385632, 0.0, -0.38267159
0.76802254, 0.55939767
0.00276044, 0.45921856, -0.01500621
0.29709768, 0.63023776, -0.71727651
0.80857038, 0.5520905
0.00276044, 0.43755573, -0.01500621
0.38267159, 0.0, -0.92385632
0.76802254, 0.5520905
0.0066643, 0.43755573, -0.00558143
0.92385632, 0.0, 0.38267159
0.76802254, 0.56973144
-0.0, 0.43755573, -0.01586973
0.0, 0.0, 1.0
0.76806676, 0.55678746
0.00276044, 0.44777042, -0.01586973
0.29709768, 0.63023776, 0.71727651
0.7871418, 0.55047426
0.00276044, 0.43755573, -0.01586973
0.38267159, 0.0, 0.92385632
0.76802254, 0.55047426
0.00276044, 0.44777042, -0.02919835
0.29709768, 0.63023776, -0.71727651
0.7871418, 0.52552614
0.0066643, 0.44777042, -0.02529448
0.71727651, 0.63023776, -0.29709768
0.7871418, 0.53283319
0.0066643, 0.43755573, -0.01977359
0.92385632, 0.0, 0.38267159
0.76802254, 0.54316708
0.00884321, 0.03480455, 0.0132292
0.64534438, -0.22928557, 0.72862941
0.32959202, 0.55548227
0.0066643, 0.25282627, -0.02529448
0.92342907, 0.03036592, -0.38248849
0.79772103, 0.7418282
0.0066643, 0.25282627, -0.02253403
0.99960327, 0.0278634, 0.0
0.79772103, 0.74699509
0.00276044, 0.25282627, -0.02919835
0.38248849, 0.03036592, -0.92342907
0.79772103, 0.73452115
-0.0, 0.21379489, -0.03137726
0.0, 0.0278634, -0.99960327
0.72492129, 0.72362041
-0.0, 0.25282627, -0.02919835
0.0, 0.0278634, -0.99960327
0.79792351, 0.72910428
0.00884321, 0.21379489, -0.02619702
0.92345959, 0.02993866, -0.38248849
0.72466308, 0.74013889
0.00884321, 0.05944032, -0.02253403
1.0, 0.0, 0.0
0.43574747, 0.74699509
0.00366298, 0.05944032, -0.03137726
0.38267159, 0.0, -0.92385632
0.43574747, 0.73044276
0.00366298, 0.21379489, -0.03137726
0.38248849, 0.02993866, -0.92345959
0.72466308, 0.73044264
0.00884321, 0.05944032, -0.02619702
0.92385632, 0.0, -0.38267159
0.43574747, 0.74013889
0.00884321, 0.21379489, -0.02253403
0.52397227, -0.58674884, -0.61735892
0.34919432, 0.59101224
0.01380786, 0.43755573, 0.00528212
0.63112277, 0.57557911, 0.51991332
0.76802254, 0.64307755
0.01429957, 0.21379489, 0.01083158
0.6254158, -0.56266975, 0.54054385
0.34919432, 0.65346485
-0.0, 0.21379489, -0.02253403
0.0, -0.70708334, -0.70708334
0.34919432, 0.58601785
0.00884321, 0.43755573, -0.02253403
0.51963866, 0.58720666, -0.62059391
0.76802254, 0.59101224
0.00884309, 0.1067849, 0.02679921
0.62065494, 0.69463181, 0.36365855
0.52436584, 0.86213779
0.00884309, 0.07578661, 0.08600929
0.57127595, 0.19754632, 0.79659414
0.46634394, 0.97296524
0.00884309, 0.07559036, 0.028721
0.8564409, -0.51567125, -0.02359081
0.46597672, 0.86573493
0.00435387, 0.11343495, 0.05080315
0.66899627, -0.13287759, 0.7312845
0.5569917, 0.90706754
-0.0, 0.0973777, 0.04476795
0.0, -0.35181737, 0.93606371
0.52360773, 0.90428412
0.00435387, 0.0973777, 0.04476795
0.67778558, -0.25867489, 0.68822289
0.52693611, 0.89577103
-0.0, 0.07578661, 0.08600929
0.0, 0.24069948, 0.97058016
0.47791755, 0.99999619
0.00884309, 0.04753485, 0.06658622
0.57548755, -0.80660421, 0.13464767
0.41346326, 0.93660975
-0.0, 0.07559036, 0.028721
0.0, -0.99893183, -0.04571673
0.44481775, 0.86084926
-0.0, 0.04753485, 0.06658622
0.0, -0.98632771, 0.16464736
0.38685447, 0.94573033
-0.0, 0.0661731, 0.0132292
0.0, -0.85448772, 0.51942503
0.43469706, 0.83673799
0.00884318, 0.0661731, 0.0132292
0.54631186, -0.71568954, 0.43507189
0.44834983, 0.83673799
-0.0, 0.54207247, -0.01503794
0.0, 0.70708334, -0.70708334
0.96365309, 0.5491446
0.00277359, 0.50526732, -0.01503794
0.29709768, -0.63023776, -0.71727651
0.89476264, 0.55203113
-0.0, 0.50526732, -0.01503794
0.0, -0.70708334, -0.70708334
0.89476264, 0.5491446
0.00435394, 0.13763508, 0.04746991
0.85345012, -0.28574482, -0.43583483
0.6022886, 0.9008286
0.00435387, 0.13973662, 0.05080315
0.60191655, 0.43827632, 0.66750085
0.60622209, 0.90706754
0.00435387, 0.15013492, 0.02679921
0.59471416, 0.73769343, 0.31955931
0.62568504, 0.86213779
-0.0, 0.13973662, 0.05080315
0.0, 0.54884487, 0.83590198
0.6106028, 0.913661
0.00782161, 0.16505662, 0.02600082
0.76668602, -0.64098024, 0.03585925
0.86553037, 0.83381508
0.00782161, 0.21667001, 0.08488738
0.5802179, 0.62160099, 0.52620012
0.95582688, 0.94926463
0.00782161, 0.16864884, 0.09019055
0.57454145, -0.52879423, 0.62468338
0.86552823, 0.9541513
0.00435381, 0.11407589, 0.04746991
0.75450909, 0.13000885, -0.6432386
0.55819124, 0.9008286
-0.0, 0.09923735, 0.04121584
0.0, 0.38837856, -0.92147589
0.53327912, 0.88232005
-0.0, 0.11407589, 0.04746991
0.0, 0.19809565, -0.98016298
0.55980402, 0.89324558
0.00435387, 0.14662331, 0.02679921
0.7835322, -0.56978059, -0.24774925
0.61911237, 0.86213779
-0.0, 0.13763508, 0.04746991
0.0, -0.54826504, -0.83626819
0.59822196, 0.89467239
-0.0, 0.14662331, 0.02679921
0.0, -0.91705072, -0.39875484
0.61230266, 0.85941792
-0.0, 0.11343495, 0.05080315
0.0, -0.17877743, 0.98388624
0.55578351, 0.91624534
-0.0, 0.16505662, 0.02600082
0.0, -0.99841303, 0.05584887
0.85089874, 0.85497597
0.00782161, 0.21237493, 0.00813837
0.62743002, 0.77742851, -0.04348888
0.9558295, 0.80538355
-0.0, 0.21667001, 0.08488738
0.0, 0.76323742, 0.64607686
0.96944416, 0.96154468
-0.0, 0.16864884, 0.09019055
0.0, -0.64607686, 0.76323742
0.85089874, 0.97296118
0.00277359, 0.50526732, -0.00164581
0.29709768, -0.63023776, 0.71727651
0.89476264, 0.57709804
0.00669605, 0.50526732, -0.00556829
0.71727651, -0.63023776, 0.29709768
0.89476264, 0.56975612
0.00669605, 0.50526732, -0.01111549
0.71727651, -0.63023776, -0.29709768
0.89476264, 0.55937305
-0.0, 0.54207247, -0.00164586
0.0, 0.70708334, 0.70708334
0.9805584, 0.577977
0.00669605, 0.54207247, -0.00556829
0.71727651, 0.63023776, 0.29709768
0.96802485, 0.57063502
0.00669605, 0.54207247, -0.01111549
0.71727651, 0.63023776, -0.29709768
0.96802485, 0.56025195
0.00669605, 0.54207247, -0.01111549
0.71727651, 0.63023776, -0.29709768
0.96365309, 0.55937305
0.00277359, 0.54207247, -0.00164581
0.29709768, 0.63023776, 0.71727651
0.96365309, 0.57709804
0.00277359, 0.54207247, -0.01503794
0.29709768, 0.63023776, -0.71727651
0.96365309, 0.55203113
0.00669605, 0.54207247, -0.00556829
0.71727651, 0.63023776, 0.29709768
0.96365309, 0.56975612
-0.0, 0.21379489, 0.01083158
0.0, -0.69826353, 0.71581161
0.34919432, 0.6685133
0.00276044, 0.44564474, -0.02919835
0.70708334, 0.70708334, 0.0
0.78316343, 0.49647498
0.00276044, 0.43444556, -0.03401756
0.54911953, -0.80416274, 0.22745445
0.76220095, 0.48745453
0.00276044, 0.44564474, -0.03401756
0.54911953, 0.80416274, 0.22745445
0.78316343, 0.48745453
-0.0, 0.44564474, -0.03401756
0.0, 1.0, 0.0
0.73917264, 0.48795849
0.0066643, 0.44564474, -0.03792142
0.71727651, 0.63023776, 0.29709768
0.7516467, 0.48065132
-0.0, 0.44564474, -0.04734618
0.0, 0.70708334, -0.70708334
0.73917264, 0.46301037
0.0066643, 0.44564474, -0.03792142
0.71727651, 0.63023776, 0.29709768
0.78316367, 0.48014748
0.0066643, 0.43444556, -0.04344232
0.71727651, -0.63023776, -0.29709768
0.76220095, 0.46981359
0.00276044, 0.44564474, -0.04734618
0.29709768, 0.63023776, -0.71727651
0.78316343, 0.46250653
0.0066643, 0.44564474, -0.04344232
0.71727651, 0.63023776, -0.29709768
0.78316367, 0.46981359
0.00276044, 0.43444556, -0.04734618
0.29709768, -0.63023776, -0.71727651
0.76220095, 0.46250653
-0.0, 0.44564474, -0.04734618
0.0, 0.70708334, -0.70708334
0.78316343, 0.45737457
0.0066643, 0.43444556, -0.03792142
0.71727651, -0.63023776, 0.29709768
0.76220095, 0.48014748
-0.0, 0.44564474, -0.02919835
0.0, 1.0, 0.0
0.78600258, 0.49647498
-0.0, 0.44564474, -0.03401756
0.0, 1.0, 0.0
0.78600258, 0.48745453
0.00276044, 0.43444556, -0.02919835
0.70708334, -0.70708334, 0.0
0.76220095, 0.49647498
-0.0, 0.43444556, -0.03401756
0.0, -1.0, 0.0
0.75917584, 0.48745453
0.0066643, 0.43444556, -0.04344232
0.71727651, -0.63023776, -0.29709768
0.7516467, 0.47031748
0.0066643, 0.43444556, -0.03792142
0.71727651, -0.63023776, 0.29709768
0.7516467, 0.48065132
-0.0, 0.43444556, -0.04734618
0.0, -0.70708334, -0.70708334
0.73917264, 0.46301037
-0.0, 0.43755573, 0.00528212
0.0, 0.71581161, 0.69826353
0.76802254, 0.6554184
-0.0, 0.43755573, -0.02253403
0.0, 0.70708334, -0.70708334
0.76802254, 0.58601785
0.00884321, 0.03345459, -0.02619708
0.89690846, -0.12347789, -0.42460403
0.32706541, 0.48168564
0.00366298, 0.03345459, -0.03137729
0.30976287, -0.370983, -0.87542343
0.32706541, 0.47198951
-0.0, 0.02674981, -0.02253404
0.0, -0.94784385, -0.31867427
0.29806077, 0.47730839
0.00366298, 0.05944032, -0.03137729
0.38267159, 0.0, -0.92385632
0.37570438, 0.47198951
0.00884321, 0.05944032, -0.02619708
0.92385632, 0.0, -0.38267159
0.37570438, 0.48168564
-0.0, 0.05944032, -0.03137729
0.0, 0.0, -1.0
0.37579796, 0.46435177
-0.0, 0.03480455, 0.0132292
0.0, -0.30018005, 0.95385599
0.32144496, 0.57503653
0.00884321, 0.05944032, 0.0132292
0.70708334, 0.0, 0.70708334
0.37570438, 0.55548227
-0.0, 0.05944032, 0.0132292
0.0, 0.0, 1.0
0.37572902, 0.57496798
0.00884322, 0.08620618, -0.03774251
0.58961761, 0.62956631, -0.50593585
0.48584709, 0.69424355
0.00884321, 0.06263386, -0.02619702
0.70708334, -0.70708334, 0.0
0.44172505, 0.71585405
0.00884322, 0.06263386, -0.04293736
0.56678975, -0.51606798, -0.64217049
0.44172505, 0.68452013
-0.0, 0.06263386, -0.04293736
0.0, -0.62639242, -0.77947325
0.44172505, 0.6685133
-0.0, 0.08620618, -0.03774251
0.0, 0.77947325, -0.62639242
0.48584709, 0.67779279
0.00884321, 0.08620618, -0.02619702
0.70708334, 0.70708334, 0.0
0.48584709, 0.71585405
-0.0, 0.08620618, -0.02619702
0.0, 1.0, 0.0
0.48780543, 0.70946503
0.01384321, 0.05944032, -0.01248855
0.70708334, 0.0, -0.70708334
0.31451553, 0.50242659
0.01384321, -0.09746538, -0.00244307
0.6501053, 0.68111211, 0.33674124
0.09083273, 0.52686924
0.01384321, -0.09746538, -0.01248855
0.70708334, 0.0, -0.70708334
0.09083273, 0.50242659
0.00888025, -0.09746538, -0.01248855
-0.84939116, 0.0, -0.52775657
0.09083273, 0.52686924
0.01384321, 0.05944032, -0.00244307
0.22742394, 0.0, 0.97378463
0.31451553, 0.52686924
0.01384321, -0.12355902, -0.02021708
0.57179481, -0.61095005, -0.54747152
0.04199149, 0.49287868
0.01384321, -0.11767325, 0.03334355
0.54377878, -0.17011017, 0.82177192
0.05300827, 0.59313166
-0.0, -0.09746538, -0.00205751
0.0, 0.96591085, 0.258858
0.09083273, 0.52703983
-0.0, -0.11767325, 0.03334355
0.0, -0.20319223, 0.97912532
0.04746985, 0.64054072
-0.0, -0.09746538, -0.02021708
0.0, 0.70708334, -0.70708334
0.09083273, 0.47380197
0.01384321, -0.09746538, -0.02021708
0.57734919, 0.57734919, -0.57734919
0.09083273, 0.49287868
-0.0, -0.12355902, -0.02021708
0.0, -0.74471265, -0.66734827
0.01161055, 0.47380197
-0.0, 0.16294178, 0.02679921
0.0, 0.17947936, 0.98373365
0.62947798, 0.85660899
0.00884321, 0.1067849, 0.02679921
0.88503677, 0.0, 0.46546832
0.52436584, 0.83933544
-0.0, 0.0661731, 0.0132292
0.0, 0.0, 1.0
0.44834983, 0.82993829
0.00884321, 0.05944032, 0.0132292
0.70708334, 0.0, 0.70708334
0.43574747, 0.81393564
0.00884321, 0.0661731, 0.0132292
0.89440596, 0.0, 0.44718772
0.44834983, 0.81393564
-0.00884321, 0.21379489, -0.02253403
-0.54741049, 0.79125339, -0.27246925
0.72466308, 0.25300121
-0.01384321, 0.05944032, -0.01248855
-0.97076327, -0.08215582, -0.22547075
0.43574747, 0.23419845
-0.01384321, 0.21379489, -0.01248855
-0.73213905, 0.65901667, -0.17212439
0.72466308, 0.23419845
-0.00884321, 0.05944032, 0.00760241
-0.95065159, -0.05383465, 0.3055208
0.43574753, 0.19659281
-0.00884321, 0.08236202, 0.0132292
-1.0, 0.0, 0.0
0.47865158, 0.18606073
-0.00884321, 0.21379489, 0.00760241
-0.46369824, 0.67888427, 0.56926173
0.72466308, 0.19659281
-0.00884321, 0.02674981, -0.02253404
-0.64784694, -0.70693076, -0.28366953
0.31451553, 0.48854184
-0.00884321, 0.02674981, 0.0076024
-0.61635184, -0.69826353, 0.36396375
0.31451553, 0.54495025
-0.00198003, 0.45921856, -0.01312212
-0.22745445, 0.80416274, -0.54911953
0.80857038, 0.55561706
-0.00478021, 0.50526732, -0.01032192
-0.54911953, -0.80416274, -0.22742394
0.89476264, 0.56085846
-0.00198003, 0.50526732, -0.01312212
-0.22745445, -0.80416274, -0.54911953
0.89476264, 0.55561706
-0.00478021, 0.45921856, -0.01032192
-0.54911953, 0.80416274, -0.22742394
0.80857038, 0.56085846
-0.00478021, 0.50526732, -0.00636184
-0.54911953, -0.80416274, 0.22745445
0.89476264, 0.56827071
-0.00478021, 0.45921856, -0.00636184
-0.54911953, 0.80416274, 0.22745445
0.80857038, 0.56827071
-0.00198003, 0.50526732, -0.00356166
-0.22745445, -0.80416274, 0.54911953
0.89476264, 0.57351205
-0.00198003, 0.45921856, -0.00356166
-0.22745445, 0.80416274, 0.54911953
0.80857038, 0.57351205
-0.0066643, 0.43755573, -0.02529448
-0.92385632, 0.0, -0.38267159
0.76802254, 0.50642034
-0.0066643, 0.25282627, -0.02253403
-0.99960327, 0.0278634, 0.0
0.42225227, 0.5012534
-0.0066643, 0.43755573, -0.02253403
-1.0, 0.0, 0.0
0.76802254, 0.5012534
-0.00276044, 0.25282627, -0.02919835
-0.38248849, 0.03036592, -0.92342907
0.42225227, 0.51372746
-0.00276044, 0.43755573, -0.02919835
-0.38267159, 0.0, -0.92385632
0.76802254, 0.51372746
-0.00884321, 0.16294178, 0.02679921
-0.66884363, 0.13342692, 0.73131502
0.62947798, 0.16066092
-0.0, 0.21379489, 0.00760241
0.0, 0.3531602, 0.93554491
0.72466308, 0.18055177
-0.0066643, 0.44777042, -0.02529448
-0.71727651, 0.63023776, -0.29709768
0.7871418, 0.53283319
-0.0066643, 0.44777042, -0.01977359
-0.71727651, 0.63023776, 0.29709768
0.7871418, 0.54316708
-0.0066643, 0.25282627, -0.02529448
-0.92342907, 0.03036592, -0.38248849
0.42225227, 0.50642034
-0.00277359, 0.50526732, -0.00164581
-0.29709768, -0.63023776, 0.71727651
0.89476264, 0.57709804
-0.0066643, 0.45921856, -0.01110235
-0.71727651, 0.63023776, -0.29709768
0.80857038, 0.55939767
-0.00276044, 0.45921856, -0.00167757
-0.29709768, 0.63023776, 0.71727651
0.80857038, 0.57703862
-0.0066643, 0.45921856, -0.00558143
-0.71727651, 0.63023776, 0.29709768
0.80857038, 0.56973144
-0.00276044, 0.45921856, -0.01500621
-0.29709768, 0.63023776, -0.71727651
0.80857038, 0.5520905
-0.00276044, 0.43755573, -0.00167757
-0.38267159, 0.0, 0.92385632
0.76802254, 0.57703862
-0.0066643, 0.43755573, -0.01110235
-0.92385632, 0.0, -0.38267159
0.76802254, 0.55939767
-0.00276044, 0.43755573, -0.01500621
-0.38267159, 0.0, -0.92385632
0.76802254, 0.5520905
-0.0066643, 0.43755573, -0.00558143
-0.92385632, 0.0, 0.38267159
0.76802254, 0.56973144
-0.00276044, 0.44777042, -0.01586973
-0.29709768, 0.63023776, 0.71727651
0.7871418, 0.55047426
-0.00276044, 0.43755573, -0.01586973
-0.38267159, 0.0, 0.92385632
0.76802254, 0.55047426
-0.00276044, 0.44777042, -0.02919835
-0.29709768, 0.63023776, -0.71727651
0.7871418, 0.52552614
-0.0066643, 0.43755573, -0.02529448
-0.92385632, 0.0, -0.38267159
0.76802254, 0.53283325
-0.00276044, 0.43755573, -0.02919835
-0.38267159, 0.0, -0.92385632
0.76802254, 0.52552614
-0.0066643, 0.43755573, -0.02253403
-1.0, 0.0, 0.0
0.76802254, 0.5380002
-0.00884321, 0.03480455, 0.0132292
-0.64534438, -0.22928557, 0.72862941
0.32959202, 0.55548227
-0.0066643, 0.25282627, -0.02529448
-0.92342907, 0.03036592, -0.38248849
0.79772103, 0.25816816
-0.0066643, 0.25282627, -0.02253403
-0.99960327, 0.0278634, 0.0
0.79772103, 0.25300121
-0.00276044, 0.25282627, -0.02919835
-0.38248849, 0.03036592, -0.92342907
0.79772103, 0.26547521
-0.0, 0.21379489, -0.03137726
0.0, 0.0278634, -0.99960327
0.72492129, 0.27637595
-0.00366298, 0.21379489, -0.03137726
-0.38248849, 0.02993866, -0.92345959
0.72466308, 0.26955366
-0.00884321, 0.21379489, -0.02619702
-0.92345959, 0.02993866, -0.38248849
0.72466308, 0.25985748
-0.00884321, 0.05944032, -0.02253403
-1.0, 0.0, 0.0
0.43574747, 0.25300121
-0.00366298, 0.05944032, -0.03137726
-0.38267159, 0.0, -0.92385632
0.43574747, 0.2695536
-0.00884321, 0.05944032, -0.02619702
-0.92385632, 0.0, -0.38267159
0.43574747, 0.25985748
-0.00884321, 0.21379489, -0.02253403
-0.52397227, -0.58674884, -0.61735892
0.34919432, 0.40898407
-0.01380786, 0.43755573, 0.00528212
-0.63112277, 0.57557911, 0.51991332
0.76802254, 0.35691875
-0.00884321, 0.43755573, -0.02253403
-0.51963866, 0.58720666, -0.62059391
0.76802254, 0.40898407
-0.0, 0.21379489, -0.02253403
0.0, -0.70708334, -0.70708334
0.34919432, 0.41397852
-0.00884309, 0.07559036, 0.028721
-0.8564409, -0.51567125, -0.02359081
0.46597672, 0.13426137
-0.00884309, 0.1067849, 0.02679921
-0.62065494, 0.69463181, 0.36365855
0.52436584, 0.13785857
-0.00884309, 0.08793996, 0.02385628
-1.0, 0.0, 0.0
0.48909226, 0.14336699
-0.0, 0.0973777, 0.04476795
0.0, -0.35181737, 0.93606371
0.52360773, 0.09571218
-0.00435387, 0.11343495, 0.05080315
-0.66899627, -0.13287759, 0.7312845
0.5569917, 0.09292877
-0.00435387, 0.0973777, 0.04476795
-0.67778558, -0.25867489, 0.68822289
0.52693611, 0.10422534
-0.0, 0.07578661, 0.08600929
0.0, 0.24069948, 0.97058016
0.47791755, 1.8e-07
-0.00884309, 0.07578661, 0.08600929
-0.57127595, 0.19754632, 0.79659414
0.46634394, 0.02703112
-0.0, 0.07559036, 0.028721
0.0, -0.99893183, -0.04571673
0.44481775, 0.13914704
-0.00884309, 0.04753485, 0.06658622
-0.57548755, -0.80660421, 0.13464767
0.41346326, 0.06338662
-0.0, 0.04753485, 0.06658622
0.0, -0.98632771, 0.16464736
0.38685447, 0.05426604
-0.0, 0.0661731, 0.0132292
0.0, -0.85448772, 0.51942503
0.43469706, 0.16325837
-0.00884318, 0.0661731, 0.0132292
-0.54631186, -0.71568954, 0.43507189
0.44834983, 0.16325837
-0.00277359, 0.50526732, -0.01503794
-0.29709768, -0.63023776, -0.71727651
0.89476264, 0.55203113
-0.00435394, 0.13763508, 0.04746991
-0.85345012, -0.28574482, -0.43583483
0.6022886, 0.09916776
-0.00435381, 0.11407589, 0.04746991
-0.75450909, 0.13000885, -0.6432386
0.55819124, 0.09916776
-0.0, 0.13973662, 0.05080315
0.0, 0.54884487, 0.83590198
0.6106028, 0.08633536
-0.00435387, 0.15013492, 0.02679921
-0.59471416, 0.73769343, 0.31955931
0.62568504, 0.13785857
-0.00435387, 0.13973662, 0.05080315
-0.60191655, 0.43827632, 0.66750085
0.60622209, 0.09292877
-0.00782161, 0.16505662, 0.02600082
-0.76668602, -0.64098024, 0.03585925
0.86553037, 0.83381508
-0.00782161, 0.21667001, 0.08488738
-0.5802179, 0.62160099, 0.52620012
0.95582688, 0.94926463
-0.00782161, 0.21237493, 0.00813837
-0.62743002, 0.77742851, -0.04348888
0.9558295, 0.80538355
-0.0, 0.09923735, 0.04121584
0.0, 0.38837856, -0.92147589
0.53327912, 0.11767626
-0.00435387, 0.09923735, 0.04121584
-0.72515029, 0.2674337, -0.63451034
0.53041685, 0.11087388
-0.00435387, 0.14662331, 0.02679921
-0.7835322, -0.56978059, -0.24774925
0.61911237, 0.13785857
-0.0, 0.13763508, 0.04746991
0.0, -0.54826504, -0.83626819
0.59822196, 0.10532391
-0.0, 0.11343495, 0.05080315
0.0, -0.17877743, 0.98388624
0.55578351, 0.08375102
-0.00782161, 0.16864884, 0.09019055
-0.57454145, -0.52879423, 0.62468338
0.86552823, 0.9541513
-0.00669605, 0.50526732, -0.00556829
-0.71727651, -0.63023776, 0.29709768
0.89476264, 0.56975612
-0.00669605, 0.50526732, -0.01111549
-0.71727651, -0.63023776, -0.29709768
0.89476264, 0.55937305
-0.00669605, 0.54207247, -0.01111549
-0.71727651, 0.63023776, -0.29709768
0.96802485, 0.56025195
-0.0, 0.54207247, -0.01503794
0.0, 0.70708334, -0.70708334
0.9805584, 0.55291003
-0.00669605, 0.54207247, -0.01111549
-0.71727651, 0.63023776, -0.29709768
0.96365309, 0.55937305
-0.00277359, 0.54207247, -0.00164581
-0.29709768, 0.63023776, 0.71727651
0.96365309, 0.57709804
-0.00277359, 0.54207247, -0.01503794
-0.29709768, 0.63023776, -0.71727651
0.96365309, 0.55203113
-0.00669605, 0.54207247, -0.00556829
-0.71727651, 0.63023776, 0.29709768
0.96365309, 0.56975612
-0.00884321, 0.21379489, -0.02253403
-0.52397227, -0.58674884, -0.61735892
0.34919432, 0.59101224
-0.01429957, 0.21379489, 0.01083158
-0.6254158, -0.56266975, 0.54054385
0.34919432, 0.65346485
-0.00276044, 0.43444556, -0.03401756
-0.54911953, -0.80416274, 0.22745445
0.76220095, 0.48745453
-0.00276044, 0.44564474, -0.02919835
-0.70708334, 0.70708334, 0.0
0.78316343, 0.49647498
-0.00276044, 0.44564474, -0.03401756
-0.54911953, 0.80416274, 0.22745445
0.78316343, 0.48745453
-0.0066643, 0.44564474, -0.04344232
-0.71727651, 0.63023776, -0.29709768
0.7516467, 0.47031748
-0.0066643, 0.44564474, -0.03792142
-0.71727651, 0.63023776, 0.29709768
0.7516467, 0.48065132
-0.0066643, 0.44564474, -0.03792142
-0.71727651, 0.63023776, 0.29709768
0.78316367, 0.48014748
-0.00276044, 0.44564474, -0.04734618
-0.29709768, 0.63023776, -0.71727651
0.78316343, 0.46250653
-0.0066643, 0.43444556, -0.04344232
-0.71727651, -0.63023776, -0.29709768
0.76220095, 0.46981359
-0.0066643, 0.44564474, -0.04344232
-0.71727651, 0.63023776, -0.29709768
0.78316367, 0.46981359
-0.00276044, 0.43444556, -0.04734618
-0.29709768, -0.63023776, -0.71727651
0.76220095, 0.46250653
-0.0066643, 0.43444556, -0.03792142
-0.71727651, -0.63023776, 0.29709768
0.76220095, 0.48014748
-0.00276044, 0.43444556, -0.02919835
-0.70708334, -0.70708334, 0.0
0.76220095, 0.49647498
-0.0, 0.43444556, -0.03401756
0.0, -1.0, 0.0
0.73917264, 0.48795849
-0.0066643, 0.43444556, -0.03792142
-0.71727651, -0.63023776, 0.29709768
0.7516467, 0.48065132
-0.00884321, 0.43755573, -0.02253403
-0.51963866, 0.58720666, -0.62059391
0.76802254, 0.59101224
-0.01380786, 0.43755573, 0.00528212
-0.63112277, 0.57557911, 0.51991332
0.76802254, 0.64307755
-0.0, 0.21379489, 0.01083158
0.0, -0.69826353, 0.71581161
0.34919432, 0.33148301
-0.01429957, 0.21379489, 0.01083158
-0.6254158, -0.56266975, 0.54054385
0.34919432, 0.34653145
-0.00884321, 0.03345459, -0.02619708
-0.89690846, -0.12347789, -0.42460403
0.32706541, 0.48168564
-0.00366298, 0.03345459, -0.03137729
-0.30976287, -0.370983, -0.87542343
0.32706541, 0.47198951
-0.00366298, 0.05944032, -0.03137729
-0.38267159, 0.0, -0.92385632
0.37570438, 0.47198951
-0.00884321, 0.05944032, -0.02619708
-0.92385632, 0.0, -0.38267159
0.37570438, 0.48168564
-0.00884321, 0.05944032, 0.0132292
-0.70708334, 0.0, 0.70708334
0.37570438, 0.55548227
-0.00884321, 0.06263386, -0.02619702
-0.70708334, -0.70708334, 0.0
0.44172505, 0.28414232
-0.00884322, 0.08620618, -0.03774251
-0.58961761, 0.62956631, -0.50593585
0.48584709, 0.30575275
-0.00884322, 0.06263386, -0.04293736
-0.56678975, -0.51606798, -0.64217049
0.44172505, 0.31547624
-0.0, 0.06263386, -0.04293736
0.0, -0.62639242, -0.77947325
0.44172505, 0.33148301
-0.0, 0.08620618, -0.03774251
0.0, 0.77947325, -0.62639242
0.48584709, 0.32220352
-0.0, 0.08620618, -0.02619702
0.0, 1.0, 0.0
0.48780543, 0.29053128
-0.00884321, 0.08620618, -0.02619702
-0.70708334, 0.70708334, 0.0
0.48584709, 0.28414232
-0.01384321, -0.09746538, -0.00244307
-0.6501053, 0.68111211, 0.33674124
0.09083273, 0.52686924
-0.01384321, 0.05944032, -0.01248855
-0.70708334, 0.0, -0.70708334
0.31451553, 0.50242659
-0.01384321, -0.09746538, -0.01248855
-0.70708334, 0.0, -0.70708334
0.09083273, 0.50242659
-0.00888025, -0.09746538, -0.01248855
0.84939116, 0.0, -0.52775657
0.09083273, 0.52686924
-0.01384321, 0.05944032, -0.00244307
-0.22742394, 0.0, 0.97378463
0.31451553, 0.52686924
-0.01384321, -0.12355902, -0.02021708
-0.57179481, -0.61095005, -0.54747152
0.04199149, 0.49287868
-0.01384321, -0.09746538, -0.02021708
-0.57734919, 0.57734919, -0.57734919
0.09083273, 0.49287868
-0.01384321, -0.11767325, 0.03334355
-0.54377878, -0.17011017, 0.82177192
0.05300827, 0.59313166
-0.00884321, 0.1067849, 0.02679921
-0.88503677, 0.0, 0.46546832
0.52436584, 0.16066092
-0.0, 0.16294178, 0.02679921
0.0, 0.17947936, 0.98373365
0.62947798, 0.14338738
-0.00884321, 0.05944032, 0.0132292
-0.70708334, 0.0, 0.70708334
0.43574747, 0.18606073
-0.0, 0.0661731, 0.0132292
0.0, 0.0, 1.0
0.44834983, 0.17005807
-0.00884321, 0.0661731, 0.0132292
-0.89440596, 0.0, 0.44718772
0.44834983, 0.18606073
-0.0033281, 0.37285966, -0.02939415
0.77260661, 0.57734919, -0.2639851
0.65694362, 0.48007262
-0.00768125, 0.35504058, -0.02052177
0.2639851, -0.57731867, 0.77263713
0.62832332, 0.49432302
-0.0033281, 0.35504058, -0.02939415
0.77260661, -0.57734919, -0.2639851
0.62832332, 0.48007262
-0.00868864, 0.33355138, -0.02903669
-0.36716819, -0.17413862, -0.91369367
0.59380853, 0.48064673
-0.01067896, 0.35504058, -0.02498017
-0.77260661, 0.57734919, 0.2639851
0.62832332, 0.48716211
-0.00868865, 0.35504058, -0.02903669
-0.38535723, -0.73760188, 0.55442977
0.62832332, 0.48064673
-0.01186038, 0.35504058, -0.02257224
-0.77260661, -0.57731867, 0.26410717
0.62832332, 0.49102962
-0.00750722, 0.35504058, -0.03144461
-0.2639851, -0.57734919, -0.77260661
0.62832332, 0.47677922
-0.00750722, 0.37285966, -0.03144461
-0.2639851, 0.57731867, -0.77260661
0.65694362, 0.47677922
-0.00450953, 0.35504058, -0.02698623
0.31144139, -0.70708334, -0.634785
0.62832332, 0.48394001
-0.01186038, 0.37285966, -0.02257224
-0.77260661, 0.57734919, 0.2639851
0.65694362, 0.49102962
-0.00768126, 0.37285966, -0.02052177
0.2639851, 0.57734919, 0.77260661
0.65694362, 0.49432302
-0.00649983, 0.35504058, -0.0229297
-0.31144139, -0.70708334, 0.63481551
0.62832332, 0.49045551
-0.00450952, 0.32432011, -0.02698623
-0.64281136, -0.43156224, -0.63283181
0.57898152, 0.48394001
-0.01067894, 0.33355138, -0.02498017
-0.94732505, -0.17413862, 0.26871547
0.59380853, 0.48716211
-0.00649983, 0.32432011, -0.0229297
-0.89388716, -0.43156224, -0.12109745
0.57898152, 0.49045551
0.00884321, 0.05944032, 0.00760241
0.95065159, -0.05383465, 0.3055208
0.43574753, 0.8034035
0.01384321, 0.21379489, -0.00244307
0.73213905, 0.65901667, 0.17212439
0.72466308, 0.7846007
0.01384321, 0.05944032, -0.00244307
0.97076327, -0.08215582, 0.22547075
0.4357475, 0.7846007
-0.01384321, 0.21379489, -0.00244307
-0.73213905, 0.65901667, 0.17212439
0.72466308, 0.21539563
-0.01384321, 0.05944032, -0.00244307
-0.97076327, -0.08215582, 0.22547075
0.4357475, 0.21539563
0.005, 0.21379489, -0.00244307
0.0, 1.0, 0.0
0.72466308, 0.7846007
0.005, 0.21379489, -0.01248855
0.0, 1.0, 0.0
0.72466308, 0.76579791
0.0, 0.21379489, 0.00760241
0.0, 1.0, 0.0
0.72466308, 0.8034035
-0.005, 0.21379489, -0.01248855
0.0, 1.0, 0.0
0.72466308, 0.23419845
0.0, 0.21379489, -0.02253403
0.0, 1.0, 0.0
0.72466308, 0.25300121
-0.005, 0.21379489, -0.00244307
0.0, 1.0, 0.0
0.72466308, 0.21539563
-0.00884321, 0.03043909, -0.00244307
-0.95870847, -0.16528824, 0.23133031
0.4357475, 0.21539563
-0.00884321, 0.03043909, -0.01248855
-0.95870847, -0.16528824, -0.23133031
0.43574747, 0.23419845
-0.00384321, 0.03043909, 0.00760241
-0.88473159, -0.1525315, 0.44035158
0.43574753, 0.19659281
0.00884321, 0.03043909, -0.01248855
0.95870847, -0.16528824, -0.23133031
0.43574747, 0.76579791
0.00384321, 0.03043909, -0.02253403
0.88473159, -0.1525315, -0.44035158
0.43574747, 0.74699509
0.00884321, 0.03043909, -0.00244307
0.95870847, -0.16528824, 0.23133031
0.4357475, 0.7846007
0.00884321, 0.08793996, 0.02385628
1.0, 0.0, 0.0
0.48909226, 0.83382702
-0.0, 0.25282627, -0.02919835
0.0, 0.0278634, -0.99960327
0.42245474, 0.51962677
-0.0, 0.43755573, -0.01500621
0.0, 0.0, -1.0
0.76802254, 0.54927096
-0.0, 0.05944032, -0.03137726
0.0, 0.0, -1.0
0.43574846, 0.72357976
0.00884321, 0.08236202, 0.0132292
1.0, 0.0, 0.0
0.47865158, 0.83673799
0.00884309, 0.08793996, 0.02385628
1.0, 0.0, 0.0
0.48909226, 0.85662937
-0.0, 0.1067849, 0.02679921
0.0, 0.88592184, 0.46378979
0.5436632, 0.86213779
0.00435387, 0.09923735, 0.04121584
0.72515029, 0.2674337, -0.63451034
0.53041685, 0.88912249
-0.0, 0.15013492, 0.02679921
0.0, 0.91760004, 0.39747307
0.63362265, 0.86596906
-0.0, 0.21237493, 0.00813837
0.0, 0.99841303, -0.05584887
0.96944416, 0.8189009
0.00277359, 0.54207247, -0.01503794
0.29709768, 0.63023776, -0.71727651
0.97536683, 0.55291003
0.00277359, 0.54207247, -0.00164581
0.29709768, 0.63023776, 0.71727651
0.97536683, 0.577977
-0.0, 0.54207247, -0.00164586
0.0, 0.70708334, 0.70708334
0.96365309, 0.57996699
0.00276044, 0.44564474, -0.04734618
0.29709768, 0.63023776, -0.71727651
0.74433959, 0.46301037
0.0066643, 0.44564474, -0.04344232
0.71727651, 0.63023776, -0.29709768
0.7516467, 0.47031748
0.00276044, 0.44564474, -0.03401756
0.54911953, 0.80416274, 0.22745445
0.74433959, 0.48795849
-0.0, 0.43444556, -0.04734618
0.0, -0.70708334, -0.70708334
0.76220095, 0.45737457
-0.0, 0.43444556, -0.02919835
0.0, -1.0, 0.0
0.75917584, 0.49647498
0.00276044, 0.43444556, -0.04734618
0.29709768, -0.63023776, -0.71727651
0.74433959, 0.46301037
0.00276044, 0.43444556, -0.03401756
0.54911953, -0.80416274, 0.22745445
0.74433959, 0.48795849
-0.0, 0.03345459, -0.03137729
0.0, -0.44486833, -0.89556569
0.32486677, 0.46420801
-0.0, 0.06263386, -0.02619702
0.0, -1.0, 0.0
0.43921542, 0.7109766
0.00888025, 0.05944032, -0.01248855
-0.84939116, 0.0, -0.52775657
0.31451553, 0.52686924
-0.0, 0.1067849, 0.02679921
0.0, 0.0, 1.0
0.52436584, 0.85660899
-0.0, 0.05944032, 0.0132292
0.0, 0.0, 1.0
0.43582243, 0.82993829
-0.00884321, 0.08793996, 0.02385628
-1.0, 0.0, 0.0
0.48909226, 0.16616935
-0.0066643, 0.43755573, -0.01977359
-0.92385632, 0.0, 0.38267159
0.76802254, 0.54316708
-0.0, 0.25282627, -0.02919835
0.0, 0.0278634, -0.99960327
0.79792351, 0.27089208
-0.0, 0.05944032, -0.03137726
0.0, 0.0, -1.0
0.43574846, 0.2764166
-0.0, 0.43755573, -0.02253403
0.0, 0.70708334, -0.70708334
0.76802254, 0.41397852
-0.00884321, 0.08236202, 0.0132292
-1.0, 0.0, 0.0
0.47865158, 0.16325837
-0.0, 0.1067849, 0.02679921
0.0, 0.88592184, 0.46378979
0.5436632, 0.13785857
-0.0, 0.15013492, 0.02679921
0.0, 0.91760004, 0.39747307
0.63362265, 0.13402724
-0.0, 0.11407589, 0.04746991
0.0, 0.19809565, -0.98016298
0.55980402, 0.10675073
-0.0, 0.14662331, 0.02679921
0.0, -0.91705072, -0.39875484
0.61230266, 0.14057839
-0.00277359, 0.54207247, -0.01503794
-0.29709768, 0.63023776, -0.71727651
0.97536683, 0.55291003
-0.00669605, 0.54207247, -0.00556829
-0.71727651, 0.63023776, 0.29709768
0.96802485, 0.57063502
-0.00277359, 0.54207247, -0.00164581
-0.29709768, 0.63023776, 0.71727651
0.97536683, 0.577977
-0.00276044, 0.44564474, -0.04734618
-0.29709768, 0.63023776, -0.71727651
0.74433959, 0.46301037
-0.00276044, 0.44564474, -0.03401756
-0.54911953, 0.80416274, 0.22745445
0.74433959, 0.48795849
-0.00276044, 0.43444556, -0.04734618
-0.29709768, -0.63023776, -0.71727651
0.74433959, 0.46301037
-0.0066643, 0.43444556, -0.04344232
-0.71727651, -0.63023776, -0.29709768
0.7516467, 0.47031748
-0.00276044, 0.43444556, -0.03401756
-0.54911953, -0.80416274, 0.22745445
0.74433959, 0.48795849
-0.0, 0.43755573, 0.00528212
0.0, 0.71581161, 0.69826353
0.76802254, 0.34457791
-0.0, 0.06263386, -0.02619702
0.0, -1.0, 0.0
0.43921542, 0.28901976
-0.00888025, 0.05944032, -0.01248855
0.84939116, 0.0, -0.52775657
0.31451553, 0.52686924
-0.0, 0.1067849, 0.02679921
0.0, 0.0, 1.0
0.52436584, 0.14338738
-0.0, 0.05944032, 0.0132292
0.0, 0.0, 1.0
0.43582243, 0.17005807
0.0, 0.21379489, -0.02253403
0.0, 1.0, 0.0
0.72466308, 0.74699509
0.0, 0.21379489, 0.00760241
0.0, 1.0, 0.0
0.72466308, 0.19659281
-0.00384321, 0.03043909, -0.02253403
-0.88473159, -0.1525315, -0.44035158
0.43574747, 0.25300121
0.00384321, 0.03043909, 0.00760241
0.88473159, -0.1525315, 0.44035158
0.43574753, 0.8034035
# Number of Faces:
482
# Face Data:
0, 1, 2
3, 4, 5
6, 7, 8
9, 10, 11
12, 13, 9
14, 15, 12
16, 17, 14
18, 19, 20
21, 22, 23
24, 3, 5
25, 26, 27
28, 23, 19
14, 29, 16
11, 30, 31
32, 17, 33
34, 10, 13
35, 15, 17
36, 13, 15
10, 37, 30
38, 35, 32
39, 36, 35
40, 41, 34
42, 37, 41
43, 34, 36
44, 45, 25
46, 26, 45
19, 47, 48
23, 27, 47
49, 20, 26
50, 6, 8
1, 51, 52
53, 54, 55
56, 53, 51
57, 56, 1
58, 54, 59
60, 59, 56
61, 62, 63
64, 65, 61
66, 67, 68
69, 70, 71
66, 72, 67
73, 74, 68
67, 75, 73
68, 76, 77
78, 79, 80
81, 82, 69
83, 84, 82
85, 86, 87
88, 89, 90
91, 92, 93
82, 94, 69
87, 95, 85
88, 92, 81
96, 97, 86
80, 11, 31
86, 98, 87
12, 99, 14
9, 100, 12
11, 101, 9
102, 103, 104
105, 100, 101
106, 29, 99
107, 101, 79
108, 99, 100
109, 61, 63
110, 111, 112
113, 114, 115
111, 116, 112
117, 118, 119
120, 121, 118
122, 119, 116
123, 112, 124
125, 126, 111
127, 128, 129
130, 65, 131
109, 62, 130
132, 7, 133
134, 133, 7
132, 135, 136
133, 137, 135
138, 139, 140
141, 142, 143
142, 144, 143
143, 145, 141
146, 145, 147
148, 149, 150
151, 148, 150
152, 151, 149
153, 149, 154
154, 155, 156
153, 157, 158
149, 157, 155
154, 159, 153
50, 132, 136
160, 161, 3
162, 163, 164
165, 166, 167
168, 169, 170
171, 6, 172
173, 174, 175
176, 177, 174
178, 179, 177
180, 16, 179
181, 182, 183
22, 184, 185
186, 187, 170
188, 189, 27
185, 190, 181
179, 29, 191
30, 175, 31
180, 32, 33
173, 192, 176
178, 193, 180
176, 194, 178
173, 37, 195
193, 38, 32
194, 196, 193
195, 197, 192
37, 198, 195
192, 199, 194
200, 44, 25
189, 201, 200
202, 203, 188
27, 204, 202
188, 205, 189
6, 206, 172
207, 165, 208
209, 210, 211
209, 212, 207
212, 213, 165
210, 214, 211
211, 215, 212
216, 217, 218
218, 219, 216
220, 221, 222
223, 224, 225
226, 221, 227
228, 229, 220
230, 227, 229
231, 220, 232
233, 78, 80
224, 234, 235
236, 237, 238
239, 240, 241
235, 242, 243
244, 245, 234
246, 238, 224
95, 247, 239
245, 235, 234
97, 241, 240
175, 80, 31
98, 240, 247
177, 191, 248
174, 248, 249
175, 249, 233
250, 102, 251
248, 252, 249
29, 253, 191
249, 254, 233
191, 255, 248
256, 109, 257
258, 259, 260
261, 262, 115
263, 258, 260
264, 265, 266
121, 267, 264
266, 268, 263
260, 123, 124
126, 269, 258
270, 271, 129
130, 272, 273
274, 217, 275
276, 277, 171
277, 134, 171
278, 276, 279
137, 277, 278
280, 138, 140
281, 282, 283
284, 281, 283
285, 283, 282
286, 282, 287
288, 289, 290
289, 291, 290
291, 292, 288
293, 288, 294
295, 155, 288
157, 293, 294
288, 157, 294
159, 295, 293
276, 172, 206
296, 297, 186
298, 299, 300
301, 302, 303
304, 305, 306
306, 307, 308
307, 309, 308
310, 304, 306
303, 309, 301
301, 311, 312
313, 307, 305
314, 315, 304
312, 307, 302
310, 308, 303
313, 315, 316
317, 318, 5
319, 2, 318
320, 168, 170
167, 321, 320
2, 322, 318
1, 323, 2
5, 322, 324
320, 325, 167
165, 325, 326
170, 327, 320
166, 328, 321
213, 329, 166
168, 328, 330
319, 331, 0
57, 331, 332
317, 333, 319
0, 57, 1
317, 5, 4
3, 161, 4
4, 164, 317
161, 334, 4
164, 163, 317
6, 134, 7
9, 13, 10
12, 15, 13
14, 17, 15
16, 33, 17
18, 28, 19
21, 335, 22
24, 160, 3
47, 27, 48
25, 45, 26
26, 48, 27
28, 21, 23
14, 99, 29
11, 10, 30
32, 35, 17
34, 41, 10
35, 36, 15
36, 34, 13
10, 41, 37
38, 39, 35
39, 43, 36
40, 42, 41
42, 336, 37
43, 40, 34
44, 46, 45
46, 49, 26
19, 23, 47
23, 22, 27
48, 26, 20
20, 19, 48
50, 138, 6
1, 56, 51
53, 59, 54
56, 59, 53
57, 60, 56
58, 337, 54
60, 58, 59
61, 65, 62
64, 131, 65
68, 77, 338
339, 66, 68
68, 338, 339
67, 73, 68
69, 94, 70
66, 340, 72
73, 75, 74
67, 72, 75
68, 74, 76
78, 107, 79
69, 71, 88
71, 341, 88
91, 83, 81
69, 88, 81
81, 83, 82
83, 342, 84
85, 96, 86
88, 341, 89
91, 81, 92
82, 84, 94
87, 98, 95
88, 90, 92
96, 343, 97
80, 79, 11
86, 97, 98
12, 100, 99
9, 101, 100
11, 79, 101
104, 344, 251
251, 102, 104
345, 103, 102
105, 108, 100
106, 346, 29
107, 105, 101
108, 106, 99
109, 64, 61
110, 125, 111
347, 115, 348
113, 349, 114
114, 348, 115
111, 122, 116
117, 120, 118
120, 350, 121
122, 117, 119
123, 110, 112
125, 351, 126
270, 129, 128
352, 127, 129
128, 353, 270
130, 62, 65
109, 63, 62
134, 354, 133
132, 133, 135
133, 354, 137
138, 50, 139
141, 146, 142
142, 355, 144
143, 144, 145
146, 141, 145
148, 152, 149
151, 356, 148
152, 356, 151
153, 158, 149
154, 149, 155
153, 159, 157
149, 158, 157
154, 156, 159
136, 139, 50
50, 8, 132
7, 132, 8
160, 357, 161
162, 358, 163
165, 213, 166
186, 170, 169
168, 298, 300
169, 359, 296
168, 300, 169
169, 296, 186
171, 134, 6
173, 176, 174
176, 178, 177
178, 180, 179
180, 33, 16
181, 190, 182
22, 335, 184
186, 297, 187
25, 27, 189
202, 188, 27
189, 200, 25
185, 184, 190
179, 16, 29
30, 173, 175
180, 193, 32
173, 195, 192
178, 194, 193
176, 192, 194
173, 30, 37
193, 196, 38
194, 199, 196
195, 198, 197
37, 336, 198
192, 197, 199
200, 201, 44
189, 360, 201
202, 204, 203
27, 22, 204
360, 189, 205
188, 203, 205
6, 138, 206
207, 212, 165
209, 361, 210
209, 211, 212
212, 215, 213
210, 362, 214
211, 214, 215
216, 275, 217
218, 363, 219
364, 232, 220
220, 229, 227
227, 221, 220
222, 364, 220
223, 246, 224
226, 365, 221
228, 230, 229
230, 226, 227
231, 228, 220
233, 254, 78
243, 225, 235
238, 237, 234
237, 244, 234
235, 225, 224
238, 234, 224
236, 366, 237
239, 247, 240
235, 367, 242
244, 368, 245
246, 236, 238
95, 98, 247
245, 367, 235
97, 343, 241
175, 233, 80
98, 97, 240
177, 179, 191
174, 177, 248
175, 174, 249
251, 369, 250
250, 370, 102
371, 102, 370
248, 255, 252
29, 346, 253
249, 252, 254
191, 253, 255
256, 64, 109
258, 269, 259
113, 115, 262
372, 261, 115
262, 373, 113
263, 268, 258
264, 267, 265
121, 350, 267
266, 265, 268
260, 259, 123
126, 351, 269
374, 129, 375
270, 376, 271
271, 375, 129
130, 131, 272
274, 377, 217
277, 354, 134
278, 277, 276
137, 354, 277
280, 206, 138
281, 287, 282
284, 378, 281
285, 284, 283
286, 285, 282
288, 292, 289
289, 379, 291
291, 379, 292
293, 295, 288
295, 156, 155
157, 159, 293
288, 155, 157
159, 156, 295
206, 280, 279
279, 276, 206
171, 172, 276
296, 380, 297
298, 381, 299
301, 312, 302
304, 315, 305
306, 305, 307
307, 311, 309
310, 314, 304
303, 308, 309
301, 309, 311
313, 302, 307
314, 316, 315
312, 311, 307
310, 306, 308
313, 305, 315
317, 319, 318
319, 0, 2
320, 321, 168
167, 166, 321
2, 323, 322
1, 382, 323
5, 318, 322
320, 327, 325
165, 167, 325
170, 383, 327
166, 329, 328
213, 384, 329
168, 321, 328
319, 333, 331
57, 0, 331
317, 385, 333
