# Project Zomboid Skinned Mesh
# File Version:
1.0
# Model Name:
Cube
# Vertex Stride Element Count:
3
# Vertex Stride Size (in bytes):
76
# Vertex Stride Data:
# (Int)    Offset
# (String) Type
0
VertexArray
12
NormalArray
24
TextureCoordArray
# Vertex Count:
359
# Vertex Buffer:
0.00938241, 0.13284144, 0.05218152
0.68529314, 0.07626575, 0.72423476
0.41302264, 0.47023982
0.00938241, 0.09834355, 0.05218152
0.84499651, 0.27857295, 0.45643482
0.35258389, 0.47023982
0.00938238, 0.10349011, 0.05019612
0.90450758, 0.30149236, -0.30149236
0.36160052, 0.46676141
3e-08, 0.17820595, 0.01553789
0.0, 0.70708334, 0.70708334
0.50891173, 0.40668064
0.00831956, 0.17820595, 0.04284311
0.56733906, 0.63661611, 0.52229375
0.49249911, 0.4538793
0.00938242, 0.17820595, 0.01553789
0.90322578, 0.29902035, 0.30774865
0.49249911, 0.4060418
0.0093824, 0.07493556, 0.09771125
0.58580279, 0.3058565, 0.75048065
0.31157422, 0.55000573
0.0093824, 0.07487926, 0.04204109
0.77291179, -0.61110264, -0.17059846
0.31147563, 0.45247418
0.00938237, 0.06287518, -0.01843638
0.57734919, -0.57734919, -0.57734919
0.29044497, 0.34652072
4e-08, 0.07456115, -0.01843638
0.0, -0.48503068, -0.87447739
0.29980052, 0.33155972
0.00938238, 0.07456115, -0.01843638
0.83410138, -0.26752526, -0.48234504
0.31091833, 0.34652072
0.00938244, 0.18157527, -0.01843638
0.70708334, 0.70708334, 0.0
0.49840188, 0.34652072
4e-08, 0.18157527, -0.03695695
0.0, 0.74352247, -0.66866052
0.51410425, 0.30198425
4e-08, 0.18157527, -0.01843638
0.0, 1.0, 0.0
0.51735282, 0.3451454
0.00744476, 0.13440205, 0.05186025
0.32938626, -0.12045655, 0.93646044
0.41575676, 0.75582762
3e-08, 0.13284144, 0.05218152
0.0, 0.10132145, 0.99484235
0.40929061, 0.74267346
0.00938241, 0.13284144, 0.05218152
0.68529314, 0.07626575, 0.72423476
0.4130227, 0.75526471
0.00938243, 0.18157527, 0.01553789
0.57734919, 0.57734919, 0.57734919
0.49840188, 0.4060418
3e-08, 0.09834355, 0.05218152
0.0, 0.52092046, 0.85357219
0.36720252, 0.47775561
0.00938245, 0.0920592, -0.04647451
0.60490739, -0.34882656, -0.71578109
0.34157383, 0.29739922
4e-08, 0.09205905, -0.04647451
0.0, -0.4380627, -0.89892268
0.33444989, 0.27893418
3e-08, 0.07493556, 0.09771125
0.0, 0.37742239, 0.92602313
0.30637425, 0.56559902
0.0093824, 0.04684113, 0.08834257
0.56651509, -0.77343059, 0.2842494
0.26235425, 0.53359205
3e-08, 0.07487926, 0.04204109
0.0, -0.96316415, -0.26886806
0.29741526, 0.44395983
3e-08, 0.04684113, 0.08834257
0.0, -0.93859679, 0.34495071
0.24829388, 0.5250777
4e-08, 0.06287518, -0.01021222
0.0, -0.70708334, -0.70708334
0.27720451, 0.34500486
0.00938238, 0.06287518, -0.01021222
0.90450758, -0.30149236, -0.30149236
0.29044497, 0.36092895
3e-08, 0.07487926, 0.03043348
0.0, -0.87194431, 0.4895474
0.29976213, 0.4409833
0.00938239, 0.06287518, 0.02311304
0.61171299, -0.68974882, 0.38724938
0.29044497, 0.41931319
0.0093824, 0.07487926, 0.03043348
0.83544421, -0.47917113, 0.26902065
0.31147552, 0.4321382
3e-08, 0.07487926, 0.04204109
0.0, -0.96316415, -0.26886806
0.30171216, 0.45371562
3e-08, -0.082054, 0.07262989
0.0, -0.00335704, 0.99996948
0.05254665, 0.52253121
0.00938239, -0.08520383, 0.06884011
0.64665669, -0.70378733, 0.29407635
0.04411048, 0.48717666
0.00938239, -0.082054, 0.07262989
0.56859034, -0.00277718, 0.82259589
0.05723107, 0.5060643
0.00938238, -0.08848608, -0.01021222
0.70708334, 0.0, -0.70708334
0.03920502, 0.36092895
0.00938151, -0.04608738, 0.02994727
0.0, 0.42164373, 0.90673542
0.09954788, 0.43255812
-8.5e-07, -0.04608738, 0.02994727
0.0, 0.42167425, 0.90673542
0.10433709, 0.44987404
0.00938241, 0.13284138, -0.01843638
0.70708334, 0.0, -0.70708334
0.41302252, 0.34652072
4e-08, 0.09636968, -0.01843638
0.0, 0.85988951, -0.51045257
0.36792207, 0.3378765
4e-08, 0.13284144, -0.01843638
0.0, 0.0, -1.0
0.41415119, 0.33826309
0.00938239, 0.09636968, -0.01843638
0.95574814, 0.25287637, -0.15012054
0.34912574, 0.34652072
4e-08, 0.10530123, -0.034811
0.0, 0.51045257, 0.85988951
0.37689221, 0.32243389
0.0093824, 0.17526552, -0.034811
0.90450758, -0.30149236, 0.30149236
0.4873476, 0.31783313
0.0093824, 0.10530123, -0.034811
0.84179205, 0.2755211, 0.46412548
0.36477351, 0.31783313
0.00938244, 0.17526552, -0.01843638
0.90450758, -0.30149236, -0.30149236
0.4873476, 0.34652072
4e-08, 0.17526552, -0.01843638
0.0, -0.70708334, -0.70708334
0.4720701, 0.33808213
4e-08, 0.17526552, -0.034811
0.0, -0.70708334, 0.70708334
0.46874309, 0.32458335
0.02065742, 0.19408204, 0.007326
0.72276986, -0.62282175, 0.29938659
0.77470005, 0.87633763
0.007761, 0.29941446, 0.01750609
0.29477829, 0.63765371, 0.7116611
0.9446736, 0.90972857
0.00855658, 0.19408201, 0.01942683
0.29938659, -0.62282175, 0.72276986
0.77470005, 0.90972857
0.01873669, 0.29941446, -0.00899157
0.7116611, 0.63765371, -0.29477829
0.9446736, 0.8463562
0.01873669, 0.29941446, 0.00653039
0.7116611, 0.63765371, 0.29477829
0.9446736, 0.87633763
0.00855659, 0.19408204, -0.02188797
0.29938659, -0.62282175, -0.72276986
0.77470005, 0.81527899
0.02065742, 0.19408204, -0.00978717
0.72276986, -0.62282175, -0.29938659
0.77470005, 0.8463562
3e-08, 0.19408201, 0.01942683
0.0, -0.70061344, 0.71352273
0.77470005, 0.9270054
3e-08, 0.29941446, 0.01750609
0.0, 0.71352273, 0.70061344
0.9446736, 0.9270054
4e-08, 0.19408204, -0.02188799
0.0, -0.70061344, -0.71352273
0.77470005, 0.80058657
0.007761, 0.29941446, -0.01996724
0.29477829, 0.63765371, -0.7116611
0.9446736, 0.81527899
0.00855658, 0.19408201, 0.01942683
0.29938659, -0.62282175, 0.72276986
0.60908175, 0.90972857
0.01676846, 0.19408204, 0.00571515
0.54911953, -0.80416274, 0.22745445
0.60908175, 0.87633763
0.02065742, 0.19408204, 0.007326
0.72276986, -0.62282175, 0.29938659
0.60908175, 0.87633763
3e-08, 0.19408201, 0.01942683
0.0, -0.70061344, 0.71352273
0.60908175, 0.9270054
0.00694573, 0.19408201, 0.01553789
0.22745445, -0.80416274, 0.54911953
0.60908175, 0.90972857
0.02065742, 0.19408204, -0.00978717
0.72276986, -0.62282175, -0.29938659
0.60908175, 0.8463562
0.00694573, 0.19408204, -0.01799903
0.22745445, -0.80416274, -0.54911953
0.60908175, 0.81527899
0.00855659, 0.19408204, -0.02188797
0.29938659, -0.62282175, -0.72276986
0.60908175, 0.81527899
4e-08, 0.19408204, -0.02188799
0.0, -0.70061344, -0.71352273
0.60908175, 0.80058657
0.01676846, 0.19408204, -0.0081763
0.54911953, -0.80416274, -0.22745445
0.60908175, 0.8463562
0.00694573, 0.18157527, -0.01799903
0.36939603, -0.26117739, -0.89178139
0.58236641, 0.81527899
4e-08, 0.19408204, -0.01799903
0.0, -0.70708334, -0.70708334
0.60908175, 0.8009517
0.01676846, 0.18157527, -0.0081763
0.71727651, -0.63023776, -0.29709768
0.58236641, 0.8463562
0.01676846, 0.18157527, 0.00571515
0.71727651, -0.63023776, 0.29709768
0.58236641, 0.87633763
3e-08, 0.18157527, 0.01553789
0.0, 0.0, 1.0
0.58236641, 0.9270054
3e-08, 0.19408201, 0.01553789
0.0, -0.70708334, 0.70708334
0.60908175, 0.9270054
0.01445218, 0.29941446, -0.00721688
0.54911953, 0.80416274, -0.22745445
0.9446736, 0.8463562
0.0059863, 0.29941446, 0.01322158
0.22745445, 0.80416274, 0.54911953
0.9446736, 0.90972857
0.01445218, 0.29941446, 0.0047557
0.54911953, 0.80416274, 0.22745445
0.9446736, 0.87633763
4e-08, 0.29941446, -0.01996726
0.0, 0.71352273, -0.70061344
0.9446736, 0.8009517
0.0059863, 0.29941446, -0.01568275
0.22745445, 0.80416274, -0.54911953
0.9446736, 0.81527899
0.0059863, 0.30491152, 0.01322158
0.48295543, 0.42435989, 0.76589251
0.95430404, 0.90972857
3e-08, 0.29941446, 0.01322158
0.0, 0.70708334, 0.70708334
0.9446736, 0.9270054
0.0059863, 0.30491152, -0.01568275
0.68443859, 0.21393475, -0.69695121
0.95430404, 0.81527899
0.01445218, 0.30491152, 0.0047557
0.71727651, 0.63023776, 0.29709768
0.95430404, 0.87633763
4e-08, 0.30491152, -0.01568275
0.0, 0.1309244, -0.99136329
0.95430404, 0.8009517
4e-08, 0.29941446, -0.01568275
0.0, 0.70708334, -0.70708334
0.9446736, 0.8009517
0.01445218, 0.30491152, -0.00721688
0.71727651, 0.63023776, -0.29709768
0.95430404, 0.8463562
0.00288528, 0.30491152, 0.00573509
0.22745445, 0.80416274, 0.54911953
0.96774733, 0.90972857
3e-08, 0.30491152, 0.01322158
0.0, 0.44718772, 0.89440596
0.95430404, 0.9270054
0.00696567, 0.30491152, -0.00411586
0.54911953, 0.80416274, -0.22745445
0.96774733, 0.8463562
0.00696567, 0.30491152, 0.00165469
0.54911953, 0.80416274, 0.22745445
0.96774733, 0.87633763
0.00288528, 0.30491152, -0.00819626
0.22745445, 0.80416274, -0.54911953
0.96774733, 0.81527899
0.00288528, 0.42086604, 0.00573509
0.22745445, -0.80416274, 0.54911953
0.54379517, 0.203026
3e-08, 0.30491152, 0.00573509
0.0, 0.70708334, 0.70708334
0.34064871, 0.20808077
0.00288528, 0.30491152, 0.00573509
0.22745445, 0.80416274, 0.54911953
0.34064871, 0.203026
0.00288528, 0.42086604, -0.00819626
0.22745445, -0.80416274, -0.54911953
0.54379517, 0.17269677
0.00696567, 0.30491152, -0.00411586
0.54911953, 0.80416274, -0.22745445
0.34064871, 0.18280655
0.00288528, 0.30491152, -0.00819626
0.22745445, 0.80416274, -0.54911953
0.34064871, 0.17269677
0.00696567, 0.42086604, 0.00165469
0.54911953, -0.80416274, 0.22745445
0.54379517, 0.19291621
0.00696567, 0.30491152, 0.00165469
0.54911953, 0.80416274, 0.22745445
0.34064871, 0.19291621
4e-08, 0.42086604, -0.00819626
0.0, -0.70708334, -0.70708334
0.54379517, 0.16764218
4e-08, 0.30491152, -0.00819626
0.0, 0.70708334, -0.70708334
0.34064871, 0.16764206
3e-08, 0.42086604, 0.00694647
0.0, -0.70708334, 0.70708334
0.54379517, 0.20808059
3e-08, 0.42086604, 0.00573509
0.0, -0.70708334, 0.70708334
0.54379517, 0.20808059
0.00817705, 0.42086604, -0.00461764
0.71727651, -0.63023776, -0.29709768
0.54379517, 0.18280655
0.00696567, 0.42086604, -0.00411586
0.54911953, -0.80416274, -0.22745445
0.54379517, 0.18280655
0.00817705, 0.42086604, 0.00215646
0.71727651, -0.63023776, 0.29709768
0.54379517, 0.19291621
4e-08, 0.42086604, -0.00940762
0.0, -0.70708334, -0.70708334
0.54379517, 0.16764218
0.00338704, 0.45331666, 0.00694647
0.29709768, 0.63023776, 0.71727651
0.60064739, 0.203026
0.00338704, 0.42086604, 0.00694647
0.29709768, -0.63023776, 0.71727651
0.54379517, 0.203026
0.00338704, 0.45331666, -0.00940762
0.29709768, 0.63023776, -0.71727651
0.60064739, 0.17269677
0.00338704, 0.42086604, -0.00940762
0.29709768, -0.63023776, -0.71727651
0.54379517, 0.17269677
0.00817705, 0.45331666, 0.00215646
0.71727651, 0.63023776, 0.29709768
0.60064739, 0.19291621
4e-08, 0.45331666, -0.00940762
0.0, 0.70708334, -0.70708334
0.60064739, 0.16764218
0.00817705, 0.45331666, -0.00461764
0.71727651, 0.63023776, -0.29709768
0.60064739, 0.18280655
4e-08, 0.30491152, -0.01568275
0.0, 0.1309244, -0.99136329
0.24106306, 0.1321978
0.0059863, 0.32799894, -0.04506668
0.62065494, -0.34272286, -0.70516068
0.29211241, 0.0885939
0.0059863, 0.30491152, -0.01568275
0.68443859, 0.21393475, -0.69695121
0.25166446, 0.14007312
4e-08, 0.32799894, -0.04506668
0.0, -0.43711662, -0.89938045
0.28908318, 0.07299072
0.0059863, 0.3381933, -0.04506668
0.57734919, 0.57734919, -0.57734919
0.30997258, 0.0885939
4e-08, 0.3381933, -0.04506668
0.0, 0.70708334, -0.70708334
0.32256013, 0.07848662
0.0059863, 0.3381933, 0.01322158
0.57734919, 0.57734919, 0.57734919
0.30997258, 0.19071203
3e-08, 0.3381933, 0.01322158
0.0, 0.70708334, 0.70708334
0.31928724, 0.20594162
0.0059863, 0.32953292, 0.01322158
0.57734919, -0.57734919, 0.57731867
0.29479998, 0.19071203
0.00598625, 0.33325601, -0.03246373
0.90450758, -0.30149236, 0.30149236
0.30132252, 0.11067361
0.00598625, 0.32596561, -0.03246373
0.81762141, 0.24723044, 0.51991332
0.28854996, 0.11067361
0.00694573, 0.18157527, 0.01553789
0.36939603, -0.26117739, 0.89178139
0.58236641, 0.90972857
0.00744476, 0.17543282, 0.04341398
0.28067872, 0.47331157, 0.83495587
0.48764068, 0.7706251
0.00831956, 0.17820595, 0.04284311
0.56733906, 0.63661611, 0.52229375
0.49249917, 0.77162527
3e-08, 0.17820595, 0.04284311
0.0, 0.77510911, 0.63179415
0.50179899, 0.45924282
0.00744476, 0.17543282, 0.04341398
0.28067872, 0.47331157, 0.83495587
0.48764062, 0.4548794
0.00744476, 0.13687216, 0.07728383
0.68559831, -0.71410263, 0.14133121
0.42008424, 0.51421773
3e-08, 0.13440205, 0.05186025
0.0, -0.59352398, 0.80477309
0.40770829, 0.48037726
0.00744476, 0.13440205, 0.05186025
0.32938626, -0.12045655, 0.93646044
0.4157567, 0.46967691
0.00744476, 0.17891879, 0.07223304
0.72713399, 0.67177343, -0.14117862
0.49374795, 0.50536901
3e-08, 0.17891879, 0.07223304
0.0, 0.97860652, -0.20569475
0.50580347, 0.50315326
3e-08, 0.17543282, 0.04341398
0.0, 0.81170082, 0.58403271
0.50074422, 0.4616943
0.00744476, 0.14924042, 0.1181365
0.57881403, -0.39478743, 0.71349221
0.44175279, 0.58578962
3e-08, 0.13687225, 0.07728383
0.0, -0.98095644, 0.19415876
0.40613329, 0.51737809
3e-08, 0.18949579, 0.10716914
0.0, 0.87496567, 0.48414564
0.52729475, 0.57368857
4e-08, 0.33325601, -0.0149386
0.0, -0.70708334, -0.70708334
0.29609054, 0.13134819
0.00598625, 0.33325601, -0.0149386
0.90450758, -0.30149236, -0.30149236
0.30132252, 0.14137679
0.00598625, 0.31298476, -0.00956677
0.90450758, 0.30149236, 0.30149236
0.26580828, 0.15078789
0.00598625, 0.31170475, -0.0149386
0.9701224, 0.21906187, -0.10415968
0.26356608, 0.14137679
4e-08, 0.32596561, -0.03246373
0.0, 0.42942595, 0.90307319
0.28950113, 0.11897868
4e-08, 0.33325601, -0.03246373
0.0, -0.70708334, 0.70708334
0.29540747, 0.11812407
4e-08, 0.31170475, -0.0149386
0.0, 0.90307319, -0.42942595
0.27993244, 0.13363105
3e-08, 0.10349011, 0.05019612
0.0, 0.70708334, -0.70708334
0.37494099, 0.45777208
0.00938238, 0.12816641, 0.05019612
0.90450758, -0.30149236, -0.30149236
0.40483212, 0.46676141
0.00938239, 0.06287518, 0.01346913
1.0, 0.0, 0.0
0.29044497, 0.40241754
0.00938238, 0.12816641, 0.03197575
0.90450758, -0.30149236, 0.30149236
0.40483212, 0.4348402
3e-08, 0.10349011, 0.03197575
0.0, 0.70708334, 0.70708334
0.37287641, 0.44403321
0.0093825, 0.10349011, 0.03197575
0.90450758, 0.30149236, 0.30149236
0.36160052, 0.4348402
3e-08, 0.12816641, 0.05019612
0.0, -0.70708334, -0.70708334
0.39174497, 0.45577568
3e-08, 0.13284144, 0.05218152
0.0, 0.10132145, 0.99484235
0.40929055, 0.482831
2e-08, 0.14924042, 0.1181365
0.0, -0.48414564, 0.87496567
0.43477201, 0.60239547
0.00744476, 0.18949579, 0.10716914
0.57588428, 0.71529281, 0.39579454
0.5122782, 0.56657529
3e-08, 0.30491152, 0.01322158
0.0, 0.44718772, 0.89440596
0.25582951, 0.20296174
0.0059863, 0.31298476, 0.01322158
0.57734919, 0.57734919, 0.57734919
0.26580828, 0.19071203
3e-08, 0.31298476, 0.01322158
0.0, 0.70708334, 0.70708334
0.27234977, 0.19734472
3e-08, 0.32953292, 0.01322158
0.0, -0.70708334, 0.70708334
0.28722399, 0.20115381
0.00598625, 0.32953304, -0.00956677
0.90450758, -0.30149236, 0.30149236
0.2948001, 0.15078789
4e-08, 0.32953304, -0.00956677
0.0, -0.70708334, 0.70708334
0.28753155, 0.15869564
4e-08, 0.31298476, -0.00956677
0.0, 0.70708334, 0.70708334
0.27458376, 0.15928513
3e-08, -0.08520383, 0.06884011
0.0, -0.92266607, 0.38554034
0.02469263, 0.50091571
0.00938238, -0.09299251, -0.01021222
0.57234412, -0.60756248, -0.55064547
0.02835358, 0.38016546
4e-08, -0.08848608, -0.01021222
0.0, 0.0, -1.0
0.02794082, 0.34567851
3e-08, 0.18157527, 0.01553789
0.0, 0.70708334, 0.70708334
0.50914121, 0.40078676
0.00938243, 0.18157527, 0.01553789
0.57734919, 0.57734919, 0.57734919
0.49272847, 0.40014786
-0.00938244, 0.10349011, 0.03197575
-0.90450758, 0.30149236, 0.30149236
0.36160058, 0.79066433
-0.00938234, 0.07487926, 0.04204109
-0.77291179, -0.61110264, -0.17059846
0.31147569, 0.7730303
-0.00938235, 0.09834355, 0.05218152
-0.84499651, 0.27857295, 0.45643482
0.35258394, 0.75526471
-0.0083195, 0.17820595, 0.04284311
-0.56733906, 0.63661611, 0.52229375
0.49249917, 0.77162527
3e-08, 0.17820595, 0.01553789
0.0, 0.70708334, 0.70708334
0.50891179, 0.81882392
-0.00938236, 0.17820595, 0.01553789
-0.90322578, 0.29902035, 0.30774865
0.49249917, 0.81946276
-0.00938235, 0.07493556, 0.09771125
-0.58580279, 0.3058565, 0.75048065
0.31157434, 0.67549878
4e-08, 0.07456115, -0.01843638
0.0, -0.48503068, -0.87447739
0.29980057, 0.89394476
-0.0093823, 0.06287518, -0.01843638
-0.57734919, -0.57734919, -0.57734919
0.29044509, 0.87898387
-0.00938231, 0.07456115, -0.01843638
-0.83410138, -0.26752526, -0.48234504
0.31091839, 0.87898387
4e-08, 0.18157527, -0.03695695
0.0, 0.74352247, -0.66866052
0.51410431, 0.92352028
-0.00938237, 0.18157527, -0.01843638
-0.70708334, 0.70708334, 0.0
0.49840194, 0.8789839
4e-08, 0.18157527, -0.01843638
0.0, 1.0, 0.0
0.51735288, 0.88035916
-0.00744471, 0.13440205, 0.05186025
-0.32938626, -0.12045655, 0.93646044
0.4157567, 0.46967691
-0.00938235, 0.13284144, 0.05218152
-0.68529314, 0.07626575, 0.72423476
0.41302264, 0.47023982
-0.00938237, 0.17526552, -0.01843638
-0.90450758, -0.30149236, -0.30149236
0.48734766, 0.8789839
-0.00938234, 0.13284138, -0.01843638
-0.70708334, 0.0, -0.70708334
0.41302258, 0.87898387
3e-08, 0.09834355, 0.05218152
0.0, 0.52092046, 0.85357219
0.36720258, 0.74774891
-0.00938237, 0.0920592, -0.04647451
-0.60490739, -0.34882656, -0.71578109
0.34157395, 0.92810525
-0.00938237, 0.18157527, -0.03695695
-0.58311719, 0.60402232, -0.54319894
0.49840194, 0.91143109
-0.00938234, 0.04684113, 0.08834257
-0.56651509, -0.77343059, 0.2842494
0.26235431, 0.69191241
3e-08, 0.07493556, 0.09771125
0.0, 0.37742239, 0.92602313
0.30637437, 0.65990549
3e-08, 0.07487926, 0.04204109
0.0, -0.96316415, -0.26886806
0.29741532, 0.7815447
3e-08, 0.04684113, 0.08834257
0.0, -0.93859679, 0.34495071
0.24829394, 0.70042682
4e-08, 0.06287518, -0.01021222
0.0, -0.70708334, -0.70708334
0.27720463, 0.88049956
-0.00938231, 0.06287518, -0.01021222
-0.90450758, -0.30149236, -0.30149236
0.29044509, 0.86457552
-0.00938233, 0.06287518, 0.02311304
-0.61171299, -0.68974882, 0.38724938
0.29044509, 0.80619134
3e-08, 0.07487926, 0.03043348
0.0, -0.87194431, 0.4895474
0.29976231, 0.78452118
-0.00938233, 0.07487926, 0.03043348
-0.83544421, -0.47917113, 0.26902065
0.31147563, 0.79336633
3e-08, 0.07487926, 0.04204109
0.0, -0.96316415, -0.26886806
0.30171233, 0.77178891
3e-08, -0.082054, 0.07262989
0.0, -0.00335704, 0.99996948
0.05254669, 0.70297337
-0.00938233, -0.08520383, 0.06884011
-0.64665669, -0.70378733, 0.29407635
0.04411061, 0.73832786
3e-08, -0.08520383, 0.06884011
0.0, -0.92266607, 0.38554034
0.02469273, 0.72458881
-0.00938231, -0.08848608, -0.01021222
-0.70708334, 0.0, -0.70708334
0.03920515, 0.86457552
-8.5e-07, -0.04608738, 0.02994727
0.0, 0.42167425, 0.90673542
0.11662081, 0.77335671
-0.00938233, -0.082054, 0.07262989
-0.56859034, -0.00277718, 0.82259589
0.05723114, 0.71944016
4e-08, 0.09636968, -0.01843638
0.0, 0.85988951, -0.51045257
0.36792213, 0.88762803
-0.00938233, 0.09636968, -0.01843638
-0.95574814, 0.25287637, -0.15012054
0.3491258, 0.87898387
-0.00938232, 0.10530123, -0.034811
-0.84179205, 0.2755211, 0.46412548
0.36477357, 0.90767147
4e-08, 0.09205905, -0.04647451
0.0, -0.4380627, -0.89892268
0.33444995, 0.94657041
4e-08, 0.10530123, -0.034811
0.0, 0.51045257, 0.85988951
0.37689227, 0.90307064
-0.00938232, 0.17526552, -0.034811
-0.90450758, -0.30149236, 0.30149236
0.48734766, 0.9076715
4e-08, 0.13284144, -0.01843638
0.0, 0.0, -1.0
0.41415131, 0.88724138
4e-08, 0.17526552, -0.01843638
0.0, -0.70708334, -0.70708334
0.47207016, 0.88742234
4e-08, 0.17526552, -0.034811
0.0, -0.70708334, 0.70708334
0.46874315, 0.90092118
-0.00855652, 0.19408201, 0.01942683
-0.29938659, -0.62282175, 0.72276986
0.77470005, 0.68240643
-0.01873662, 0.29941446, 0.00653039
-0.7116611, 0.63765371, 0.29477829
0.9446736, 0.71860301
-0.02065735, 0.19408204, 0.007326
-0.72276986, -0.62282175, 0.29938659
0.77470005, 0.71860301
-0.02065735, 0.19408204, -0.00978717
-0.72276986, -0.62282175, -0.29938659
0.77470005, 0.75170873
-0.00776094, 0.29941446, -0.01996724
-0.29477829, 0.63765371, -0.7116611
0.9446736, 0.78530143
-0.00855651, 0.19408204, -0.02188797
-0.29938659, -0.62282175, -0.72276986
0.77470005, 0.78530143
3e-08, 0.19408201, 0.01942683
0.0, -0.70061344, 0.71352273
0.77470005, 0.66264504
-0.00776094, 0.29941446, 0.01750609
-0.29477829, 0.63765371, 0.7116611
0.9446736, 0.68240643
-0.00855652, 0.19408201, 0.01942683
-0.29938659, -0.62282175, 0.72276986
0.60908175, 0.68240643
-0.01676839, 0.19408204, 0.00571515
-0.54911953, -0.80416274, 0.22745445
0.60908175, 0.71860301
-0.00694566, 0.19408201, 0.01553789
-0.22745445, -0.80416274, 0.54911953
0.60908175, 0.68240643
3e-08, 0.19408201, 0.01942683
0.0, -0.70061344, 0.71352273
0.60908175, 0.66264504
3e-08, 0.19408201, 0.01553789
0.0, -0.70708334, 0.70708334
0.60908175, 0.66264504
-0.02065735, 0.19408204, -0.00978717
-0.72276986, -0.62282175, -0.29938659
0.60908175, 0.75170873
-0.00694566, 0.19408204, -0.01799903
-0.22745445, -0.80416274, -0.54911953
0.60908175, 0.78530143
-0.01676839, 0.19408204, -0.0081763
-0.54911953, -0.80416274, -0.22745445
0.60908175, 0.75170873
-0.00855651, 0.19408204, -0.02188797
-0.29938659, -0.62282175, -0.72276986
0.60908175, 0.78530143
-0.02065735, 0.19408204, 0.007326
-0.72276986, -0.62282175, 0.29938659
0.60908175, 0.71860301
-0.00694566, 0.18157527, -0.01799903
-0.36939603, -0.26117739, -0.89178139
0.58236641, 0.78530143
-0.01676839, 0.18157527, -0.0081763
-0.71727651, -0.63023776, -0.29709768
0.58236641, 0.75170873
-0.01676839, 0.18157527, 0.00571515
-0.71727651, -0.63023776, 0.29709768
0.58236641, 0.71860301
-0.00694566, 0.18157527, 0.01553789
-0.36939603, -0.26117739, 0.89178139
0.58236641, 0.68240643
3e-08, 0.18157527, 0.01553789
0.0, 0.0, 1.0
0.58236641, 0.66264504
-0.01445211, 0.29941446, -0.00721688
-0.54911953, 0.80416274, -0.22745445
0.9446736, 0.75165318
-0.01873662, 0.29941446, -0.00899157
-0.7116611, 0.63765371, -0.29477829
0.9446736, 0.75165318
3e-08, 0.29941446, 0.01750609
0.0, 0.71352273, 0.70061344
0.9446736, 0.66264504
-0.00598624, 0.29941446, 0.01322158
-0.22745445, 0.80416274, 0.54911953
0.9446736, 0.68240643
-0.01445211, 0.29941446, 0.0047557
-0.54911953, 0.80416274, 0.22745445
0.9446736, 0.71860301
-0.00598623, 0.29941446, -0.01568275
-0.22745445, 0.80416274, -0.54911953
0.9446736, 0.78530143
3e-08, 0.29941446, 0.01322158
0.0, 0.70708334, 0.70708334
0.9446736, 0.66264504
-0.00598624, 0.30491152, 0.01322158
-0.48298594, 0.42435989, 0.76589251
0.95430404, 0.68240643
-0.00598623, 0.30491152, -0.01568275
-0.68443859, 0.21393475, -0.69695121
0.95430404, 0.78530143
-0.01445211, 0.30491152, 0.0047557
-0.71727651, 0.63023776, 0.29709768
0.95430404, 0.71860301
-0.01445211, 0.30491152, -0.00721688
-0.71727651, 0.63023776, -0.29709768
0.95430404, 0.75165318
3e-08, 0.30491152, 0.01322158
0.0, 0.44718772, 0.89440596
0.95430404, 0.66264504
-0.00288521, 0.30491152, 0.00573509
-0.22745445, 0.80416274, 0.54911953
0.96774733, 0.68240643
-0.0069656, 0.30491152, -0.00411586
-0.54911953, 0.80416274, -0.22745445
0.96774733, 0.75165318
-0.00288521, 0.30491152, -0.00819626
-0.22745445, 0.80416274, -0.54911953
0.96774733, 0.78530143
-0.00696561, 0.30491152, 0.00165469
-0.54911953, 0.80416274, 0.22745445
0.96774733, 0.71860301
4e-08, 0.30491152, -0.00819626
0.0, 0.70708334, -0.70708334
0.96774733, 0.8009517
3e-08, 0.30491152, 0.00573509
0.0, 0.70708334, 0.70708334
0.34064871, 0.12720352
-0.00288521, 0.42086604, 0.00573509
-0.22745445, -0.80419326, 0.54911953
0.54379517, 0.13225812
-0.00288521, 0.30491152, 0.00573509
-0.22745445, 0.80416274, 0.54911953
0.34064871, 0.13225812
-0.0069656, 0.30491152, -0.00411586
-0.54911953, 0.80416274, -0.22745445
0.34064871, 0.15247756
-0.00288521, 0.42086604, -0.00819626
-0.22745445, -0.80419326, -0.54908901
0.54379517, 0.16258734
-0.00288521, 0.30491152, -0.00819626
-0.22745445, 0.80416274, -0.54911953
0.34064871, 0.16258734
-0.00696561, 0.42086604, 0.00165469
-0.54911953, -0.80416274, 0.22742394
0.54379517, 0.1423679
-0.00696561, 0.30491152, 0.00165469
-0.54911953, 0.80416274, 0.22745445
0.34064871, 0.1423679
3e-08, 0.42086604, 0.00694647
0.0, -0.70708334, 0.70708334
0.54379517, 0.1272034
-0.00338698, 0.42086604, 0.00694647
-0.29709768, -0.63026828, 0.717246
0.54379517, 0.13225812
-0.00817697, 0.42086604, -0.00461764
-0.71727651, -0.63023776, -0.29709768
0.54379517, 0.15247768
-0.00338698, 0.42086604, -0.00940762
-0.29709768, -0.63026828, -0.717246
0.54379517, 0.16258734
-0.00817697, 0.42086604, 0.00215646
-0.71727651, -0.63023776, 0.29709768
0.54379517, 0.1423679
-0.0069656, 0.42086604, -0.00411586
-0.54911953, -0.80416274, -0.22745445
0.54379517, 0.15247768
-0.00338698, 0.45331666, 0.00694647
-0.29709768, 0.63026828, 0.717246
0.60064739, 0.13225812
-0.00338698, 0.45331666, -0.00940762
-0.29709768, 0.63023776, -0.71727651
0.60064739, 0.16258734
-0.00817697, 0.45331666, 0.00215646
-0.71727651, 0.63023776, 0.29709768
0.60064739, 0.1423679
-0.00817697, 0.45331666, -0.00461764
-0.71727651, 0.63023776, -0.29709768
0.60064739, 0.15247768
-0.00598623, 0.32799894, -0.04506668
-0.62065494, -0.34272286, -0.70516068
0.29211241, 0.0885939
-0.00598623, 0.30491152, -0.01568275
-0.68443859, 0.21393475, -0.69695121
0.25166446, 0.14007312
-0.00598623, 0.3381933, -0.04506668
-0.57734919, 0.57734919, -0.57734919
0.30997258, 0.0885939
-0.00598624, 0.3381933, 0.01322158
-0.57734919, 0.57734919, 0.57734919
0.30997258, 0.19071203
-0.00598624, 0.32953292, 0.01322158
-0.57734919, -0.57734919, 0.57731867
0.29479998, 0.19071203
-0.00598618, 0.32596561, -0.03246373
-0.81762141, 0.24723044, 0.51991332
0.28854996, 0.11067361
-0.00598618, 0.33325601, -0.03246373
-0.90450758, -0.30149236, 0.30149236
0.30132252, 0.11067361
-0.00744471, 0.17543282, 0.04341398
-0.28067872, 0.47331157, 0.83495587
0.48764062, 0.4548794
-0.0083195, 0.17820595, 0.04284311
-0.56733906, 0.63661611, 0.52229375
0.49249911, 0.4538793
3e-08, 0.17820595, 0.04284311
0.0, 0.77510911, 0.63179415
0.50179964, 0.76626144
-0.00744471, 0.17543282, 0.04341398
-0.28067872, 0.47331157, 0.83495587
0.48764068, 0.7706251
3e-08, 0.17543282, 0.04341398
0.0, 0.81170082, 0.58403271
0.50074488, 0.76380973
3e-08, 0.13440205, 0.05186025
0.0, -0.59352398, 0.80477309
0.40770835, 0.74512714
-0.00744471, 0.13687216, 0.07728383
-0.68559831, -0.71410263, 0.14133121
0.4200843, 0.71128678
-0.00744471, 0.13440205, 0.05186025
-0.32938626, -0.12045655, 0.93646044
0.41575676, 0.75582762
-0.00744471, 0.17891879, 0.07223304
-0.72713399, 0.67177343, -0.14117862
0.49374801, 0.72013545
3e-08, 0.17891879, 0.07223304
0.0, 0.97860652, -0.20569475
0.50580364, 0.72235119
3e-08, 0.13687225, 0.07728383
0.0, -0.98095644, 0.19415876
0.40613341, 0.70812637
-0.00744471, 0.14924042, 0.1181365
-0.57881403, -0.39478743, 0.7134617
0.44175285, 0.6397149
-0.00744471, 0.18949579, 0.10716914
-0.57588428, 0.71529281, 0.39579454
0.51227826, 0.65892917
3e-08, 0.18949579, 0.10716914
0.0, 0.87496567, 0.48414564
0.52729499, 0.65181595
-0.00598618, 0.33325601, -0.0149386
-0.90450758, -0.30149236, -0.30149236
0.30132252, 0.14137679
-0.00598618, 0.31170475, -0.0149386
-0.9701224, 0.21906187, -0.10415968
0.26356608, 0.14137679
-0.00598618, 0.32953304, -0.00956677
-0.90450758, -0.30149236, 0.30149236
0.2948001, 0.15078789
-0.00938232, 0.12816641, 0.05019612
-0.90450758, -0.30149236, -0.30149236
0.40483218, 0.75874312
3e-08, 0.10349011, 0.05019612
0.0, 0.70708334, -0.70708334
0.37494105, 0.76773246
-0.00938232, 0.10349011, 0.05019612
-0.90450758, 0.30149236, -0.30149236
0.36160058, 0.75874312
-0.00938232, 0.12816641, 0.03197575
-0.90450758, -0.30149236, 0.30149236
0.40483218, 0.79066433
3e-08, 0.10349011, 0.03197575
0.0, 0.70708334, 0.70708334
0.37287647, 0.78147133
3e-08, 0.12816641, 0.03197575
0.0, -0.70708334, 0.70708334
0.39003211, 0.78036536
3e-08, 0.12816641, 0.05019612
0.0, -0.70708334, -0.70708334
0.39174503, 0.76972885
-0.00938235, 0.13284144, 0.05218152
-0.68529314, 0.07626575, 0.72423476
0.4130227, 0.75526471
2e-08, 0.14924042, 0.1181365
0.0, -0.48414564, 0.87496567
0.43477201, 0.62310898
-0.00598624, 0.31298476, 0.01322158
-0.57734919, 0.57734919, 0.57734919
0.26580828, 0.19071203
-0.00598618, 0.31298476, -0.00956677
-0.90450758, 0.30149236, 0.30149236
0.26580828, 0.15078789
-0.00938231, -0.09299251, -0.01021222
-0.57234412, -0.60756248, -0.55064547
0.02835364, 0.84533907
4e-08, -0.08848608, -0.01021222
0.0, 0.0, -1.0
0.02794082, 0.87982614
-0.00938236, 0.18157527, 0.01553789
-0.57734919, 0.57734919, 0.57734919
0.49840194, 0.81946276
3e-08, 0.18157527, 0.01553789
0.0, 0.70708334, 0.70708334
0.50914127, 0.8247178
-0.00938236, 0.18157527, 0.01553789
-0.57734919, 0.57734919, 0.57734919
0.49272853, 0.82535671
0.00817705, 0.45331666, 0.00215646
0.71727651, 0.63023776, 0.29709768
0.60087413, 0.18229395
0.00817705, 0.45331666, -0.00461764
0.71727651, 0.63023776, -0.29709768
0.60892266, 0.1742453
4e-08, 0.45331666, -0.00940762
0.0, 0.70708334, -0.70708334
0.62432939, 0.17826957
0.00938225, -0.00988077, 0.01346913
1.0, 0.0, 0.0
0.16298011, 0.40241754
-0.0093832, -0.00988077, 0.01346913
-1.0, 0.0, 0.0
0.16298011, 0.82322776
3e-08, 0.06287518, 0.01346914
0.0, -0.70708334, 0.70708334
0.27722511, 0.80935273
3e-08, 0.06287518, 0.02311304
0.0, -0.87194431, 0.4895474
0.28759873, 0.79140629
-0.00938233, 0.06287518, 0.01346913
0.0, -0.70708334, 0.70708334
0.29044509, 0.82322776
-8.4e-07, -0.00988077, 0.01346913
0.0, 0.70708334, 0.70708334
0.18855917, 0.80935273
-0.00938247, -0.00988077, 0.02994727
0.0, 0.70708334, 0.70708334
0.16298011, 0.79323179
-1.1e-07, -0.00988077, 0.02994727
0.0, 0.70708334, 0.70708334
0.1712385, 0.77335671
3e-08, 0.06287518, 0.02311304
0.0, -0.87194431, 0.4895474
0.28759861, 0.43409801
3e-08, 0.06287518, 0.01346914
0.0, -0.70708334, 0.70708334
0.27803195, 0.41633266
-1.1e-07, -0.00988077, 0.02994727
0.0, 0.70708334, 0.70708334
0.16369595, 0.44931591
-8.4e-07, -0.00988077, 0.01346913
0.0, 0.70708334, 0.70708334
0.17764434, 0.41629326
0.00938225, -0.00988077, 0.02994727
0.0, 0.70708334, 0.70708334
0.16298011, 0.43255812
3e-08, 0.17820595, 0.04284311
0.0, 0.77510911, 0.63179415
0.50705242, 0.45444578
4e-08, 0.06287518, -0.01843638
0.0, -0.70708334, -0.70708334
0.28527308, 0.33737642
0.00938245, 0.18157527, -0.03695695
0.58311719, 0.60402232, -0.54319894
0.49840188, 0.3140735
3e-08, 0.07493556, 0.09771125
0.0, 0.37742239, 0.92602313
0.32619286, 0.55752152
3e-08, 0.04684113, 0.08834257
0.0, -0.93859679, 0.34495071
0.25715429, 0.54918528
4e-08, 0.18157527, -0.01799903
0.0, 0.0, -1.0
0.58236641, 0.8009517
3e-08, 0.30491152, 0.00573509
0.0, 0.70708334, 0.70708334
0.96774733, 0.9270054
3e-08, 0.45331666, 0.00694647
0.0, 0.70708334, 0.70708334
0.60064739, 0.20808059
0.0059863, 0.30491152, 0.01322158
0.48295543, 0.42435989, 0.76589251
0.25166446, 0.19071203
3e-08, 0.12816641, 0.03197575
0.0, -0.70708334, 0.70708334
0.39003205, 0.44513917
3e-08, 0.09834355, 0.05218152
0.0, 0.52092046, 0.85357219
0.35330093, 0.48546726
3e-08, -0.09299251, -0.01021222
0.0, -0.74095887, -0.67152929
0.00968129, 0.373945
3e-08, 0.18157527, 0.01553789
0.0, 0.70708334, 0.70708334
0.51537025, 0.40658927
3e-08, 0.17820595, 0.04284311
0.0, 0.77510911, 0.63179415
0.50705248, 0.77105878
4e-08, 0.06287518, -0.01843638
0.0, -0.70708334, -0.70708334
0.28527313, 0.88812806
3e-08, 0.07493556, 0.09771125
0.0, 0.37742239, 0.92602313
0.32619292, 0.667983
3e-08, 0.04684113, 0.08834257
0.0, -0.93859679, 0.34495071
0.25715441, 0.67631918
-0.0093832, -0.04608738, 0.02994727
0.0, 0.42167425, 0.90673542
0.09954788, 0.79323179
3e-08, 0.30491152, 0.00573509
0.0, 0.70708334, 0.70708334
0.96774733, 0.66264504
3e-08, 0.42086604, 0.00573509
0.0, -0.70708334, 0.70708334
0.54379517, 0.1272034
3e-08, 0.45331666, 0.00694647
0.0, 0.70708334, 0.70708334
0.60064739, 0.1272034
-0.00598624, 0.30491152, 0.01322158
-0.48298594, 0.42435989, 0.76589251
0.25166446, 0.19071203
3e-08, 0.09834355, 0.05218152
0.0, 0.52092046, 0.85357219
0.35330093, 0.74003726
3e-08, -0.09299251, -0.01021222
0.0, -0.74095887, -0.67152929
0.0096813, 0.84442423
3e-08, 0.18157527, 0.01553789
0.0, 0.70708334, 0.70708334
0.51537031, 0.81891529
-0.00817697, 0.45331666, -0.00461764
-0.71727651, 0.63023776, -0.29709768
0.62835354, 0.19367629
-0.00817697, 0.45331666, 0.00215646
-0.71727651, 0.63023776, 0.29709768
0.620305, 0.20172483
3e-08, 0.45331666, 0.00694647
0.0, 0.70708334, 0.70708334
0.60489827, 0.19770056
0.00338704, 0.45331666, 0.00694647
0.29709768, 0.63023776, 0.71727651
0.60087413, 0.19367629
-0.00338698, 0.45331666, 0.00694647
-0.29709768, 0.63026828, 0.717246
0.60892266, 0.20172483
-0.00338698, 0.45331666, -0.00940762
-0.29709768, 0.63023776, -0.71727651
0.62835354, 0.18229383
0.00338704, 0.45331666, -0.00940762
0.29709768, 0.63023776, -0.71727651
0.620305, 0.1742453
# Number of Faces:
504
# Face Data:
0, 1, 2
3, 4, 5
6, 7, 1
8, 9, 10
11, 12, 13
14, 15, 16
11, 17, 5
18, 6, 1
12, 19, 20
21, 22, 6
23, 22, 24
25, 8, 26
27, 28, 29
30, 29, 7
31, 32, 33
34, 25, 26
31, 35, 36
37, 38, 39
40, 41, 38
20, 10, 9
42, 41, 43
44, 39, 45
42, 45, 46
47, 48, 49
47, 50, 51
52, 50, 53
54, 48, 55
56, 57, 52
58, 59, 60
61, 62, 58
63, 64, 65
64, 66, 65
60, 67, 63
68, 69, 64
70, 64, 67
62, 71, 59
72, 62, 73
71, 67, 59
74, 51, 50
75, 55, 48
76, 48, 51
77, 78, 57
57, 74, 50
79, 80, 75
81, 74, 78
82, 75, 76
83, 78, 84
85, 76, 74
86, 87, 79
81, 88, 85
89, 79, 82
83, 90, 81
88, 82, 85
91, 92, 93
94, 95, 96
97, 93, 98
99, 96, 100
95, 97, 98
91, 101, 102
94, 103, 104
105, 91, 97
106, 94, 99
104, 105, 97
107, 101, 108
109, 103, 110
111, 108, 105
112, 110, 106
113, 105, 103
114, 115, 116
117, 118, 115
119, 120, 118
121, 122, 120
123, 124, 115
42, 43, 19
68, 71, 125
126, 16, 127
128, 129, 4
130, 131, 132
133, 132, 129
134, 129, 135
136, 137, 130
133, 136, 130
138, 133, 134
139, 123, 140
141, 116, 142
143, 142, 124
144, 124, 123
145, 140, 142
146, 147, 2
148, 40, 29
149, 150, 151
152, 149, 147
150, 2, 151
153, 1, 0
154, 155, 138
156, 157, 158
159, 160, 122
161, 141, 160
158, 141, 162
163, 164, 32
164, 165, 34
32, 34, 33
13, 17, 11
166, 5, 167
168, 169, 170
171, 172, 173
169, 174, 170
175, 176, 177
178, 179, 180
153, 181, 182
173, 183, 184
174, 185, 170
178, 186, 187
188, 189, 174
188, 190, 191
176, 192, 193
194, 195, 196
196, 197, 169
198, 199, 200
192, 201, 193
202, 203, 198
184, 204, 205
204, 206, 205
177, 207, 175
208, 209, 206
183, 210, 184
211, 209, 212
213, 214, 215
214, 216, 215
216, 217, 218
219, 220, 213
217, 56, 218
221, 222, 223
224, 223, 225
226, 227, 228
66, 227, 229
230, 228, 222
69, 231, 227
227, 232, 228
223, 233, 234
223, 235, 225
228, 233, 222
214, 236, 237
238, 239, 220
214, 239, 240
77, 241, 84
217, 236, 241
242, 243, 239
236, 244, 241
239, 245, 240
241, 83, 84
240, 246, 236
247, 248, 243
244, 249, 250
243, 251, 245
83, 250, 252
245, 249, 246
253, 254, 255
256, 257, 258
255, 259, 260
258, 99, 100
259, 256, 260
254, 261, 262
257, 263, 264
254, 265, 259
257, 106, 99
266, 265, 263
261, 267, 262
263, 268, 264
262, 269, 265
264, 112, 106
265, 270, 263
271, 114, 272
273, 117, 271
274, 119, 273
275, 121, 274
276, 277, 271
187, 186, 209
233, 231, 234
182, 278, 279
280, 281, 282
283, 284, 285
285, 286, 281
281, 287, 282
288, 289, 284
286, 289, 290
286, 291, 287
277, 139, 292
292, 293, 294
293, 143, 276
276, 144, 277
292, 145, 293
295, 296, 297
184, 205, 168
298, 299, 300
298, 301, 295
297, 299, 168
170, 15, 302
290, 303, 291
304, 156, 158
294, 159, 275
305, 161, 294
158, 305, 304
306, 200, 199
307, 306, 201
201, 199, 203
308, 180, 179
173, 309, 310
311, 312, 313
314, 35, 34
315, 193, 201
194, 316, 317
318, 319, 316
319, 320, 321
320, 202, 321
322, 148, 28
323, 314, 148
324, 314, 325
324, 35, 326
1, 7, 151
29, 151, 7
147, 149, 0
1, 151, 2
2, 147, 0
3, 327, 4
6, 22, 7
8, 328, 9
11, 329, 12
14, 283, 15
5, 4, 0
0, 37, 5
44, 11, 5
5, 37, 44
18, 330, 6
12, 329, 19
21, 331, 22
23, 7, 22
25, 328, 8
27, 322, 28
30, 27, 29
31, 163, 32
34, 165, 25
31, 33, 35
37, 40, 38
40, 43, 41
20, 19, 10
42, 46, 41
44, 37, 39
42, 44, 45
47, 51, 48
47, 53, 50
52, 57, 50
54, 49, 48
56, 77, 57
58, 62, 59
61, 73, 62
63, 67, 64
64, 69, 66
60, 59, 67
68, 332, 69
70, 68, 64
62, 125, 71
72, 125, 62
71, 70, 67
74, 76, 51
75, 80, 55
76, 75, 48
77, 84, 78
57, 78, 74
79, 87, 80
81, 85, 74
82, 79, 75
83, 81, 78
85, 82, 76
86, 333, 87
81, 90, 88
89, 86, 79
83, 252, 90
88, 89, 82
91, 102, 92
94, 104, 95
97, 91, 93
99, 94, 96
95, 104, 97
91, 108, 101
94, 110, 103
105, 108, 91
106, 110, 94
104, 103, 105
107, 334, 101
109, 113, 103
111, 107, 108
112, 109, 110
113, 111, 105
114, 117, 115
117, 119, 118
119, 121, 120
121, 159, 122
116, 115, 124
118, 120, 140
118, 140, 123
124, 142, 116
118, 123, 115
329, 11, 42
11, 44, 42
40, 10, 19
329, 42, 19
43, 40, 19
68, 70, 71
126, 14, 16
128, 135, 129
130, 137, 131
133, 130, 132
134, 133, 129
136, 154, 137
133, 155, 136
138, 155, 133
139, 144, 123
140, 120, 160
120, 122, 160
335, 116, 141
142, 140, 160
141, 157, 335
142, 160, 141
143, 145, 142
144, 143, 124
145, 139, 140
146, 152, 147
151, 29, 40
148, 26, 10
29, 28, 148
37, 0, 149
149, 151, 37
26, 8, 10
40, 37, 151
148, 10, 40
149, 336, 150
152, 336, 149
150, 146, 2
153, 337, 1
154, 136, 155
156, 335, 157
159, 161, 160
161, 162, 141
158, 157, 141
163, 338, 164
164, 338, 165
32, 164, 34
13, 339, 17
166, 3, 5
302, 298, 295
297, 168, 170
302, 295, 297
196, 169, 168
170, 302, 297
171, 340, 172
169, 188, 174
175, 341, 176
178, 187, 179
153, 131, 181
302, 171, 173
173, 308, 179
179, 183, 173
184, 302, 173
174, 342, 185
178, 207, 186
188, 343, 189
188, 169, 190
176, 341, 192
194, 317, 195
196, 195, 197
198, 203, 199
192, 307, 201
202, 344, 203
184, 210, 204
204, 208, 206
177, 186, 207
208, 212, 209
183, 211, 210
211, 183, 209
213, 220, 214
214, 237, 216
216, 237, 217
219, 238, 220
217, 77, 56
221, 230, 222
224, 221, 223
226, 229, 227
66, 69, 227
230, 226, 228
69, 332, 231
227, 231, 232
223, 222, 233
223, 234, 235
228, 232, 233
214, 240, 236
238, 242, 239
214, 220, 239
77, 217, 241
217, 237, 236
242, 247, 243
236, 246, 244
239, 243, 245
241, 244, 83
240, 245, 246
247, 345, 248
244, 246, 249
243, 248, 251
83, 244, 250
245, 251, 249
253, 346, 254
256, 266, 257
255, 254, 259
258, 257, 99
259, 266, 256
254, 346, 261
257, 266, 263
254, 262, 265
257, 264, 106
266, 259, 265
261, 347, 267
263, 270, 268
262, 267, 269
264, 268, 112
265, 269, 270
271, 117, 114
273, 119, 117
274, 121, 119
275, 159, 121
273, 271, 277
272, 293, 276
277, 292, 273
271, 272, 276
292, 274, 273
186, 177, 205
186, 205, 206
183, 179, 209
186, 206, 209
209, 179, 187
233, 232, 231
182, 181, 278
280, 171, 281
283, 288, 284
285, 284, 286
281, 286, 287
288, 303, 289
286, 284, 289
286, 290, 291
277, 144, 139
275, 274, 294
293, 272, 305
294, 274, 292
348, 304, 305
305, 294, 293
272, 348, 305
293, 145, 143
276, 143, 144
292, 139, 145
295, 301, 296
194, 196, 318
298, 302, 184
196, 205, 318
193, 318, 177
177, 176, 193
298, 184, 168
205, 177, 318
196, 168, 205
298, 168, 299
298, 300, 301
297, 296, 299
170, 349, 15
290, 289, 303
304, 348, 156
294, 161, 159
305, 162, 161
158, 162, 305
306, 350, 200
307, 350, 306
201, 306, 199
308, 351, 180
173, 172, 309
352, 353, 354
354, 355, 311
353, 356, 354
313, 357, 352
312, 358, 313
354, 311, 313
313, 352, 354
26, 148, 314
314, 326, 35
35, 33, 34
34, 26, 314
201, 203, 344
344, 320, 315
315, 318, 193
201, 344, 315
194, 318, 316
318, 315, 319
319, 315, 320
320, 344, 202
322, 323, 148
323, 325, 314
324, 326, 314
324, 36, 35
