# Project Zomboid Skinned Mesh
# File Version:
1.0
# Model Name:
Cube
# Vertex Stride Element Count:
3
# Vertex Stride Size (in bytes):
76
# Vertex Stride Data:
# (Int)    Offset
# (String) Type
0
VertexArray
12
NormalArray
24
TextureCoordArray
# Vertex Count:
271
# Vertex Buffer:
0.01203419, 0.13469765, -0.03501732
0.70708334, 0.70708334, 0.0
0.57438219, 0.66968811
0.01203419, 0.13469765, -0.05430137
0.57734919, 0.57734919, -0.57734919
0.57438219, 0.59700805
2.24e-06, 0.13469765, -0.05430137
0.0, 0.70708334, -0.70708334
0.61514235, 0.59700805
0.01203419, 0.00218977, -0.01771629
0.57734919, -0.57734919, 0.57734919
0.07497136, 0.73489416
0.01203419, 0.02111112, -0.05430137
0.80483413, 0.22846156, -0.54771566
0.14628421, 0.59700799
0.0120342, 0.04020337, -0.03501732
1.0, 0.0, 0.0
0.21824127, 0.66968805
2.24e-06, 0.13469765, -0.01771629
0.0, 0.70708334, 0.70708334
0.57438219, 0.78013438
2.24e-06, 0.00218977, -0.01771629
0.0, -0.70708334, 0.70708334
0.07497136, 0.78013438
2.24e-06, 0.00218977, -0.01771629
0.0, -0.70708334, 0.70708334
0.02361679, 0.73489416
0.01203419, 0.00218977, -0.05684387
0.57734919, -0.57734919, -0.57734919
0.07497136, 0.58742559
0.00877602, 0.03352364, 0.03610298
0.57167274, -0.61162144, 0.54686117
0.19306594, 0.99032819
2.24e-06, 0.03850267, -0.00828621
0.0, -0.95699942, 0.28998688
0.17661218, 0.82302904
0.00877602, 0.03850267, -0.00828621
0.80764186, -0.56428725, 0.17099521
0.21183148, 0.82302904
2.24e-06, 0.03352364, 0.03610298
0.0, -0.74547565, 0.66652423
0.15902036, 0.99999607
0.00877602, 0.0682973, 0.03610298
0.57734919, 0.57734919, 0.57734919
0.32412487, 0.99032819
2.24e-06, 0.0682973, 0.03610298
0.0, 0.70708334, 0.70708334
0.35440013, 0.99999607
0.00877602, 0.0682973, -0.01771629
0.70708334, 0.70708334, 0.0
0.32412487, 0.78748786
2.24e-06, 0.0682973, -0.01771629
0.0, 1.0, 0.0
0.35440013, 0.78870392
2.24e-06, 0.03055744, -0.01771629
0.0, -0.76473284, 0.64430678
0.15167019, 0.78748786
0.00877602, 0.03055744, -0.01771629
0.48475599, -0.66884363, 0.56352431
0.18188648, 0.78748786
0.00718012, 0.06691103, 0.03610298
0.70708334, 0.70708334, 0.0
0.96854687, 0.7422812
0.00718012, 0.04685207, 0.09521962
0.57734919, -0.57734919, 0.57734919
0.89294636, 0.96508668
0.00718012, 0.04685207, 0.03610298
0.70708334, -0.70708334, 0.0
0.89294636, 0.7422812
2.24e-06, 0.04685207, 0.03610298
0.0, -1.0, 0.0
0.86797476, 0.74236348
0.00718012, 0.06691103, 0.09521962
0.57734919, 0.57734919, 0.57734919
0.96854687, 0.96508668
2.24e-06, 0.04685207, 0.09521962
0.0, -0.70708334, 0.70708334
0.86797476, 0.99321249
2.24e-06, 0.06691103, 0.09521962
0.0, 0.70708334, 0.70708334
0.99131674, 0.99321249
0.00747524, 0.13469765, -0.04018124
0.92385632, 0.0, -0.38267159
0.61960447, 0.6502257
0.00747524, 0.1399945, -0.03399044
0.71727651, 0.63023776, 0.29709768
0.63956785, 0.67355826
0.00747524, 0.13469765, -0.03399044
0.92385632, 0.0, 0.38267159
0.61960447, 0.67355829
0.00451676, 0.16346729, -0.03895582
0.71727651, 0.63023776, -0.29709768
0.72803473, 0.65484425
0.00187221, 0.1399945, -0.04160032
0.22745445, 0.80416274, -0.54911953
0.63956785, 0.64487723
0.00187222, 0.16346729, -0.04160032
0.29709768, 0.63023776, -0.71727651
0.72803473, 0.64487723
0.00451676, 0.16346729, -0.03521587
0.71727651, 0.63023776, 0.29709768
0.72803479, 0.66893983
0.00451676, 0.1399945, -0.03895582
0.54911953, 0.80416274, -0.22745445
0.63956785, 0.65484431
0.00187221, 0.16346729, -0.03257131
0.29709768, 0.63026828, 0.717246
0.72803473, 0.67890683
0.00451676, 0.1399945, -0.03521587
0.54911953, 0.80416274, 0.22745445
0.63956785, 0.6689398
0.00309766, 0.1399945, -0.02961283
0.29709768, 0.63023776, 0.71727651
0.63956785, 0.6900571
0.00187221, 0.1399945, -0.03257131
0.22745445, 0.80416274, 0.54911953
0.63956785, 0.67890683
0.00309766, 0.1399945, -0.04455882
0.29709768, 0.63023776, -0.71727651
0.63956785, 0.63372689
0.00747524, 0.1399945, -0.04018124
0.71727651, 0.63023776, -0.29709768
0.63956785, 0.6502257
2.24e-06, 0.1399945, -0.04160032
0.0, 0.70708334, -0.70708334
0.63956785, 0.63943231
2.24e-06, 0.16346729, -0.04160032
0.0, 0.70708334, -0.70708334
0.72793734, 0.63943231
2.24e-06, 0.16346729, -0.03257131
0.0, 0.70708334, 0.70708334
0.75968224, 0.6788986
0.00451676, 0.16346729, -0.03521587
0.71727651, 0.63023776, 0.29709768
0.74266809, 0.66893983
0.00451676, 0.16346729, -0.03895582
0.71727651, 0.63023776, -0.29709768
0.7426632, 0.65484765
0.00309766, 0.13469765, -0.02961283
0.38267159, 0.0, 0.92385632
0.61960447, 0.6900571
2.24e-06, 0.1399945, -0.02961283
0.0, 0.70708334, 0.70708334
0.63956785, 0.7015782
2.24e-06, 0.13469765, -0.02961283
0.0, 0.0, 1.0
0.61960447, 0.7015782
2.24e-06, 0.16346729, -0.03257131
0.0, 0.70708334, 0.70708334
0.72805214, 0.68464211
2.24e-06, 0.13469765, -0.04455882
0.0, 0.0, -1.0
0.61960447, 0.62086624
2.24e-06, 0.1399945, -0.04455882
0.0, 0.70708334, -0.70708334
0.63956785, 0.62086624
0.01120017, -0.00855052, -0.06782714
0.62349313, -0.20303965, -0.75496691
0.64920473, 0.75594354
0.01120017, -0.00944547, -0.0630694
0.92565691, 0.24790186, 0.28577533
0.645832, 0.77387512
0.01120017, -0.0136138, -0.06358673
0.62114322, -0.71419418, -0.32255012
0.63012189, 0.77192521
2.24e-06, 0.00218977, -0.05684387
0.0, -1.0, 0.0
0.04747448, 0.50557262
0.0035737, 0.00218977, -0.06562421
0.02847377, -0.57908869, -0.81475264
0.07497136, 0.50284943
0.01203419, 0.00218977, -0.05684387
0.64101076, -0.45558029, -0.6176641
0.07497136, 0.53594175
2.24e-06, 0.00513248, -0.05684387
0.0, 1.0, 0.0
0.11243613, 0.50610885
0.0035737, 0.00513248, -0.06562421
0.02847377, 0.57908869, -0.81475264
0.0860621, 0.50284943
2.24e-06, 0.00513248, -0.06240202
0.0, 0.89223915, -0.45149082
0.08752953, 0.49163818
0.00602326, 0.0682973, -0.00143104
0.68871123, 0.0568865, -0.72276986
0.32412487, 0.84886557
2.24e-06, 0.09386048, 0.00058175
0.0, -0.63093966, -0.77581102
0.41420379, 0.84922582
0.00602326, 0.09386048, 0.00058175
0.89883113, -0.27649769, -0.34000671
0.42047033, 0.85645169
0.00602326, 0.0682973, 0.00121265
0.72618794, -0.06076235, 0.68474382
0.32412487, 0.8588295
0.00602326, 0.0961426, 0.00368452
0.58070618, 0.50257879, 0.64040041
0.42907143, 0.8681457
2.24e-06, 0.0682973, 0.00121265
0.0, -0.08841212, 0.99606311
0.32357591, 0.86570257
2.24e-06, 0.09619109, -0.01771629
0.0, -0.99197364, -0.12634663
0.42208883, 0.79055315
0.00602326, 0.09619109, -0.01771629
0.73393965, -0.67372662, -0.08578753
0.42925414, 0.78748786
0.00706403, 0.12885271, -0.06238943
0.64275032, -0.24063845, -0.72728658
0.55235302, 0.51504096
0.00706403, 0.13469765, -0.05430137
0.70708334, 0.70708334, 0.0
0.57438219, 0.54552418
0.00706403, 0.12300776, -0.05804605
0.61857969, -0.70195621, -0.35291603
0.53032386, 0.53141087
0.00602326, 0.09940898, -0.01771629
0.67040008, 0.73345137, 0.11194189
0.44138217, 0.78748786
2.24e-06, 0.0961426, 0.00368452
0.0, 0.61735892, 0.78664511
0.43622831, 0.87375027
0.00706403, 0.13469765, -0.06238943
0.57734919, 0.57734919, -0.57734919
0.57438219, 0.51504093
0.00497637, 0.13469765, -0.05430137
-0.70708334, 0.70708334, 0.0
0.57438219, 0.54552418
0.00706403, 0.12300776, -0.05430137
0.70708334, -0.70708334, 0.0
0.53032386, 0.54552418
0.00497637, 0.12300776, -0.05804605
-0.61857969, -0.70195621, -0.35291603
0.53032386, 0.53141087
0.00497637, 0.13469765, -0.06238943
-0.57734919, 0.57734919, -0.57734919
0.57438219, 0.51504093
0.00497637, 0.12885271, -0.06238943
-0.64275032, -0.24063845, -0.72728658
0.55235302, 0.51504096
2.24e-06, 0.00218977, -0.06240202
0.0, -0.89223915, -0.45149082
0.07425524, 0.49105185
0.01203419, 0.00513248, -0.05684387
0.64101076, 0.45558029, -0.6176641
0.0860621, 0.53594169
2.24e-06, 0.0185939, -0.05684387
0.0, 0.38496047, -0.92291027
0.13679709, 0.54509187
0.01203419, 0.0185939, -0.05684387
0.62984097, 0.29902035, -0.71681875
0.1367971, 0.58742571
2.24e-06, 0.13469765, -0.05430137
0.0, 0.70708334, -0.70708334
0.57438219, 0.55294812
2.24e-06, 0.02111112, -0.05430137
0.0, 0.38496047, -0.92291027
0.14628419, 0.55294812
2.24e-06, 0.07870974, -0.05804605
0.0, 0.93066192, -0.36582538
0.37670618, 0.51668534
0.00227255, 0.07870975, -0.05430137
0.38267159, 0.92385632, 0.0
0.36336851, 0.54552418
0.00227255, 0.07870975, -0.0609259
-0.04904325, 0.71031833, -0.70213932
0.36336851, 0.52055711
0.00227255, 0.06774773, -0.05430137
0.38267159, -0.92385632, 0.0
0.32205361, 0.54552418
2.24e-06, 0.06774773, -0.05804605
0.0, -0.93066192, -0.36582538
0.31101263, 0.51588014
0.00227255, 0.06774773, -0.0609259
-0.04904325, -0.71031833, -0.70213932
0.32205361, 0.52055708
0.00548325, 0.07549904, -0.0609259
0.71727651, 0.29709768, -0.63023776
0.35126764, 0.52055711
0.00548325, 0.07095844, -0.05430137
0.92385632, -0.38267159, 0.0
0.33415449, 0.54552418
0.00548325, 0.07095844, -0.0609259
0.71727651, -0.29709768, -0.63023776
0.33415449, 0.52055711
0.00548325, 0.07549904, -0.05430137
0.92385632, 0.38267159, 0.0
0.35126764, 0.54552418
0.01120017, 0.02273043, -0.06240202
0.72692037, 0.0588702, -0.68416393
0.76710004, 0.77639043
0.01120017, 0.03937035, -0.0577196
0.69353312, 0.3772698, 0.61369669
0.82981449, 0.79403806
0.01120017, 0.02269586, -0.0577196
0.6890164, -0.0596942, 0.72225106
0.76696974, 0.79403806
0.01120017, -0.01231629, -0.01205192
0.71269876, -0.70122379, 0.0176397
0.63501191, 0.96615559
0.01120017, -0.00825898, -0.01205192
0.70180362, 0.71214944, -0.01654103
0.65030372, 0.96615559
0.00587049, -0.00855052, -0.06782714
-0.62349313, -0.20303965, -0.75496691
0.64920473, 0.75594354
0.00587049, -0.0136138, -0.06358673
-0.62114322, -0.71419418, -0.32255012
0.63012189, 0.77192521
0.00587049, -0.00944547, -0.0630694
-0.92565691, 0.24790186, 0.28577533
0.645832, 0.77387512
0.00587049, 0.02273043, -0.06240202
-0.72692037, 0.0588702, -0.68416393
0.76710004, 0.77639043
0.00587049, 0.03648895, -0.0577196
-0.47468489, -0.2710349, 0.83736688
0.81895483, 0.79403806
0.00587049, 0.03648895, -0.06240202
-0.47468489, -0.2710349, -0.83736688
0.81895483, 0.77639043
0.01203419, -0.00167188, -0.02578514
0.57734919, 0.57734919, -0.57734919
0.93947136, 0.57873571
2.24e-06, -0.00167188, -0.00478151
0.0, 0.70708334, 0.70708334
0.95886528, 0.65789658
0.01203419, -0.00167188, -0.00478151
0.57734919, 0.57734919, 0.57734919
0.93947136, 0.65789658
2.24e-06, -0.00838607, -0.02578514
0.0, -0.53630179, -0.84398937
0.89132524, 0.54032111
0.01203419, -0.00838607, -0.02578514
0.60399181, -0.42741174, -0.67265844
0.91416609, 0.57873571
2.24e-06, -0.01565558, -0.01029023
0.0, -0.99536121, 0.09604175
0.83696115, 0.63713467
0.01203419, -0.01565558, -0.01029023
0.60835594, -0.78997159, 0.07620472
0.88676798, 0.63713467
2.24e-06, -0.00167188, -0.00478151
0.0, 0.70708334, 0.70708334
0.92626274, 0.69680595
0.01203419, -0.01163, -0.00478151
0.61796927, -0.35593736, 0.70097965
0.90194023, 0.65789658
2.24e-06, -0.01163, -0.00478151
0.0, -0.4527421, 0.89162874
0.88201046, 0.69680595
0.00587049, -0.01231629, -0.01205192
-0.71269876, -0.70122379, 0.0176397
0.63501191, 0.96615559
0.00587049, -0.00825898, -0.01205192
-0.70180362, 0.71214944, -0.01654103
0.65030372, 0.96615559
0.00267452, 0.04488789, -0.0577196
0.21558276, 0.72997224, 0.64854884
0.85060972, 0.79403806
2.24e-06, 0.03995249, -0.0577196
0.0, -0.54078799, 0.84112066
0.83017939, 0.79375613
0.01120017, 0.03937035, -0.06240202
0.69353312, 0.3772698, -0.61369669
0.82981449, 0.77639043
0.00587049, 0.02269586, -0.0577196
-0.6890164, -0.0596942, 0.72225106
0.76696974, 0.79403806
2.24e-06, 0.03995249, -0.06240202
0.0, -0.54078799, -0.84112066
0.83017939, 0.77667236
0.00267452, 0.04488789, -0.06240202
0.21558276, 0.72997224, -0.64854884
0.85060972, 0.77639043
2.24e-06, 0.04488789, -0.0577196
0.0, 0.70708334, 0.70708334
0.85278934, 0.79630589
2.24e-06, 0.04488789, -0.06240202
0.0, 0.70708334, -0.70708334
0.85278934, 0.77412254
0.01056883, 0.09591943, -0.0251992
0.70708334, 0.0, -0.70708334
0.84804916, 0.97569364
0.01056883, -0.00195617, -0.02000732
0.70708334, 0.0, 0.70708334
0.47916442, 0.99526143
0.01056883, -0.00195617, -0.0251992
0.70708334, 0.0, -0.70708334
0.47916442, 0.97569364
0.00554442, -0.00195617, -0.02000732
-0.70708334, 0.0, 0.70708334
0.47916442, 0.99526143
0.00554442, 0.09591943, -0.0251992
-0.70708334, 0.0, -0.70708334
0.84804916, 0.97569358
0.00554442, -0.00195617, -0.0251992
-0.70708334, 0.0, -0.70708334
0.47916442, 0.97569358
0.01056883, 0.09591943, -0.02000732
0.70708334, 0.0, 0.70708334
0.84804916, 0.99526143
2.24e-06, 0.13469765, -0.05430137
0.0, 0.70708334, -0.70708334
0.61514235, 0.40299118
-0.01202971, 0.13469765, -0.03501732
-0.70708334, 0.70708334, 0.0
0.57438219, 0.33031118
2.24e-06, 0.13469765, -0.01771629
0.0, 0.70708334, 0.70708334
0.61514235, 0.26510513
-0.01202971, 0.02111112, -0.05430137
-0.80483413, 0.22846156, -0.54771566
0.14628421, 0.40299129
-0.01202971, 0.00218977, -0.05684387
-0.57734919, -0.57734919, -0.57734919
0.07497136, 0.4125737
-0.01202971, 0.00218977, -0.01771629
-0.57734919, -0.57734919, 0.57734919
0.07497136, 0.26510513
2.24e-06, 0.13469765, -0.01771629
0.0, 0.70708334, 0.70708334
0.57438219, 0.21986485
2.24e-06, 0.00218977, -0.01771629
0.0, -0.70708334, 0.70708334
0.07497136, 0.21986485
2.24e-06, 0.00218977, -0.01771629
0.0, -0.70708334, 0.70708334
0.02361679, 0.26510513
2.24e-06, 0.03850267, -0.00828621
0.0, -0.95699942, 0.28998688
0.17661218, 0.17697024
-0.00877154, 0.03352364, 0.03610298
-0.57167274, -0.61162144, 0.54686117
0.19306594, 0.00967109
-0.00877154, 0.03850267, -0.00828621
-0.80764186, -0.56428725, 0.17099521
0.21183148, 0.17697024
-0.00877154, 0.0682973, 0.03610298
-0.57734919, 0.57734919, 0.57734919
0.32412487, 0.00967109
2.24e-06, 0.03352364, 0.03610298
0.0, -0.74547565, 0.66652423
0.15902036, 3.16e-06
2.24e-06, 0.0682973, 0.03610298
0.0, 0.70708334, 0.70708334
0.35440013, 3.16e-06
-0.00877154, 0.0682973, -0.01771629
-0.70708334, 0.70708334, 0.0
0.32412487, 0.21251142
2.24e-06, 0.0682973, -0.01771629
0.0, 1.0, 0.0
0.35440013, 0.21129537
2.24e-06, 0.03055744, -0.01771629
0.0, -0.76473284, 0.64430678
0.15167019, 0.21251142
-0.00877154, 0.03055744, -0.01771629
-0.48475599, -0.66884363, 0.56352431
0.18188648, 0.21251142
-0.00717563, 0.04685207, 0.09521962
-0.57734919, -0.57734919, 0.57734919
0.89294636, 0.96508668
-0.00717563, 0.06691103, 0.03610298
-0.70708334, 0.70708334, 0.0
0.96854687, 0.7422812
-0.00717563, 0.04685207, 0.03610298
-0.70708334, -0.70708334, 0.0
0.89294636, 0.7422812
-0.00717563, 0.06691103, 0.09521962
-0.57734919, 0.57734919, 0.57734919
0.96854687, 0.96508668
-0.00747075, 0.1399945, -0.03399044
-0.71727651, 0.63023776, 0.29709768
0.63956785, 0.67355826
-0.00747075, 0.13469765, -0.04018124
-0.92385632, 0.0, -0.38267159
0.61960447, 0.6502257
-0.00747075, 0.13469765, -0.03399044
-0.92385632, 0.0, 0.38267159
0.61960447, 0.67355829
-0.00186773, 0.1399945, -0.04160032
-0.22745445, 0.80416274, -0.54911953
0.63956785, 0.64487723
-0.00451227, 0.16346729, -0.03895582
-0.71727651, 0.63023776, -0.29709768
0.72803473, 0.65484425
-0.00186773, 0.16346729, -0.04160032
-0.29709768, 0.63023776, -0.71727651
0.72803473, 0.64487723
-0.00451227, 0.1399945, -0.03895582
-0.54911953, 0.80416274, -0.22745445
0.63956785, 0.65484431
-0.00451227, 0.16346729, -0.03521587
-0.71727651, 0.63023776, 0.29709768
0.72803479, 0.66893983
-0.00451227, 0.1399945, -0.03521587
-0.54911953, 0.80416274, 0.22745445
0.63956785, 0.6689398
-0.00186773, 0.16346729, -0.03257131
-0.29709768, 0.63023776, 0.71727651
0.72803473, 0.67890683
-0.00309317, 0.1399945, -0.02961283
-0.29709768, 0.63023776, 0.71727651
0.63956785, 0.6900571
-0.00186773, 0.1399945, -0.03257131
-0.22745445, 0.80416274, 0.54911953
0.63956785, 0.67890683
-0.00309317, 0.1399945, -0.04455882
-0.29709768, 0.63023776, -0.71727651
0.63956785, 0.63372689
-0.00747075, 0.1399945, -0.04018124
-0.71727651, 0.63023776, -0.29709768
0.63956785, 0.6502257
-0.00451227, 0.16346729, -0.03895582
-0.71727651, 0.63023776, -0.29709768
0.7426632, 0.65484765
2.24e-06, 0.16346729, -0.04160032
0.0, 0.70708334, -0.70708334
0.75967056, 0.6448772
-0.00309317, 0.13469765, -0.02961283
-0.38267159, 0.0, 0.92385632
0.61960447, 0.6900571
-0.01119568, -0.00855052, -0.06782714
-0.62349313, -0.20303965, -0.75496691
0.64920473, 0.75594354
-0.01119568, -0.0136138, -0.06358673
-0.62114322, -0.71419418, -0.32255012
0.63012189, 0.77192521
-0.01119568, -0.00944547, -0.0630694
-0.92565691, 0.24790186, 0.28577533
0.645832, 0.77387512
-0.00356922, 0.00218977, -0.06562421
-0.02847377, -0.57908869, -0.81475264
0.07497136, 0.50284943
-0.00356922, 0.00513248, -0.06562421
-0.02847377, 0.57908869, -0.81475264
0.0860621, 0.50284943
-0.01202971, 0.00513248, -0.05684387
-0.64101076, 0.45558029, -0.6176641
0.0860621, 0.53594169
2.24e-06, 0.09386048, 0.00058175
0.0, -0.63093966, -0.77581102
0.41420379, 0.15077341
-0.00601878, 0.0682973, -0.00143104
-0.68871123, 0.0568865, -0.72276986
0.32412487, 0.15113366
-0.00601878, 0.09386048, 0.00058175
-0.89883113, -0.27649769, -0.34000671
0.42047033, 0.14354753
-0.00601878, 0.0682973, 0.00121265
-0.72618794, -0.06076235, 0.68474382
0.32412487, 0.14116979
-0.00601878, 0.0961426, 0.00368452
-0.58070618, 0.50257879, 0.64040041
0.42907143, 0.13185358
2.24e-06, 0.0682973, 0.00121265
0.0, -0.08841212, 0.99606311
0.32357591, 0.13429666
2.24e-06, 0.09619109, -0.01771629
0.0, -0.99197364, -0.12634663
0.42208883, 0.20944607
-0.00601878, 0.09619109, -0.01771629
-0.73393965, -0.67372662, -0.08578753
0.42925414, 0.21251142
-0.00705954, 0.13469765, -0.05430137
-0.70708334, 0.70708334, 0.0
0.57438219, 0.54552418
-0.00705954, 0.13469765, -0.06238943
-0.57734919, 0.57734919, -0.57734919
0.57438219, 0.51504093
-0.00705954, 0.12885271, -0.06238943
-0.64275032, -0.24063845, -0.72725606
0.55235302, 0.51504096
2.24e-06, 0.0961426, 0.00368452
0.0, 0.61735892, 0.78664511
0.43622831, 0.12624896
-0.00601878, 0.09940898, -0.01771629
-0.67040008, 0.73345137, 0.11194189
0.44138217, 0.21251142
-0.00497188, 0.13469765, -0.05430137
0.70708334, 0.70708334, 0.0
0.57438219, 0.54552418
-0.00497188, 0.12300776, -0.05804605
0.61857969, -0.70195621, -0.35291603
0.53032386, 0.53141087
-0.00705954, 0.12300776, -0.05430137
-0.70708334, -0.70708334, 0.0
0.53032386, 0.54552418
-0.00705954, 0.12300776, -0.05804605
-0.61857969, -0.70195621, -0.35291603
0.53032386, 0.53141087
-0.00497188, 0.13469765, -0.06238943
0.57734919, 0.57734919, -0.57734919
0.57438219, 0.51504093
-0.00497188, 0.12885271, -0.06238943
0.64275032, -0.24063845, -0.72725606
0.55235302, 0.51504096
-0.01202971, 0.00218977, -0.05684387
-0.64101076, -0.45558029, -0.6176641
0.07497136, 0.53594175
2.24e-06, 0.0185939, -0.05684387
0.0, 0.38496047, -0.92291027
0.13679709, 0.45490742
-0.01202971, 0.0185939, -0.05684387
-0.62984097, 0.29902035, -0.71681875
0.1367971, 0.41257358
-0.01202971, 0.13469765, -0.05430137
-0.57734919, 0.57734919, -0.57734919
0.57438219, 0.40299118
-0.01202972, 0.04020337, -0.03501732
-0.99996948, 0.0, 0.0
0.21824127, 0.33031118
2.24e-06, 0.13469765, -0.05430137
0.0, 0.70708334, -0.70708334
0.57438219, 0.44705117
2.24e-06, 0.02111112, -0.05430137
0.0, 0.38496047, -0.92291027
0.14628419, 0.44705117
-0.00226807, 0.07870975, -0.05430137
-0.38267159, 0.92385632, 0.0
0.36336851, 0.54552418
2.24e-06, 0.07870974, -0.05430137
0.0, 1.0, 0.0
0.37973842, 0.54368582
-0.00226807, 0.06774773, -0.05430137
-0.38267159, -0.92385632, 0.0
0.32205361, 0.54552418
-0.00226807, 0.06774773, -0.0609259
0.04904325, -0.71031833, -0.70213932
0.32205361, 0.52055708
-0.00547876, 0.07549904, -0.0609259
-0.71727651, 0.29709768, -0.63023776
0.35126764, 0.52055711
-0.00226807, 0.07870975, -0.0609259
0.04904325, 0.71031833, -0.70213932
0.36336851, 0.52055711
-0.00547876, 0.07095844, -0.05430137
-0.92385632, -0.38267159, 0.0
0.33415449, 0.54552418
-0.00547876, 0.07095844, -0.0609259
-0.71727651, -0.29709768, -0.63023776
0.33415449, 0.52055711
-0.00547876, 0.07549904, -0.05430137
-0.92385632, 0.38267159, 0.0
0.35126764, 0.54552418
-0.01119568, 0.02273043, -0.06240202
-0.72692037, 0.0588702, -0.68416393
0.76710004, 0.77639043
-0.01119568, 0.03937035, -0.0577196
-0.69353312, 0.3772698, 0.61369669
0.82981449, 0.79403806
-0.01119568, 0.03937035, -0.06240202
-0.69353312, 0.3772698, -0.61369669
0.82981449, 0.77639043
-0.01119568, -0.01231629, -0.01205192
-0.71269876, -0.70122379, 0.0176397
0.63501191, 0.96615559
-0.01119568, -0.00825898, -0.01205192
-0.70180362, 0.71214944, -0.01654103
0.65030372, 0.96615559
-0.00586601, -0.00855052, -0.06782714
0.62349313, -0.20303965, -0.75496691
0.64920473, 0.75594354
-0.00586601, -0.00944547, -0.0630694
0.92565691, 0.24790186, 0.28577533
0.645832, 0.77387512
-0.00586601, -0.0136138, -0.06358673
0.62114322, -0.71419418, -0.32255012
0.63012189, 0.77192521
-0.00586601, 0.02273043, -0.06240202
0.72692037, 0.0588702, -0.68416393
0.76710004, 0.77639043
-0.00586601, 0.03648895, -0.0577196
0.47468489, -0.2710349, 0.83736688
0.81895483, 0.79403806
-0.00586601, 0.02269586, -0.0577196
0.6890164, -0.0596942, 0.72225106
0.76696974, 0.79403806
-0.01202971, -0.00167188, -0.02578514
-0.57734919, 0.57734919, -0.57734919
0.9394713, 0.57873571
-0.01202971, -0.00167188, -0.00478151
-0.57734919, 0.57734919, 0.57734919
0.93947136, 0.65789658
-0.01202971, -0.00838607, -0.02578514
-0.60399181, -0.42741174, -0.67265844
0.91416609, 0.57873571
-0.01202971, -0.01565558, -0.01029023
-0.60835594, -0.78997159, 0.07620472
0.88676798, 0.63713467
-0.01202971, -0.01163, -0.00478151
-0.61796927, -0.35593736, 0.70097965
0.90194017, 0.65789658
-0.00586601, -0.01231629, -0.01205192
0.71269876, -0.70122379, 0.0176397
0.63501191, 0.96615559
-0.00586601, -0.00825898, -0.01205192
0.70180362, 0.71214944, -0.01654103
0.65030372, 0.96615559
-0.00267003, 0.04488789, -0.0577196
-0.21558276, 0.72997224, 0.64854884
0.85060972, 0.79403806
-0.00586601, 0.03648895, -0.06240202
0.47468489, -0.2710349, -0.83736688
0.81895483, 0.77639043
-0.01119568, 0.02269586, -0.0577196
-0.6890164, -0.0596942, 0.72225106
0.76696974, 0.79403806
-0.00267003, 0.04488789, -0.06240202
-0.21558276, 0.72997224, -0.64854884
0.85060972, 0.77639043
-0.01056435, -0.00195617, -0.02000732
-0.70708334, 0.0, 0.70708334
0.47916442, 0.99526143
-0.01056435, 0.09591943, -0.0251992
-0.70708334, 0.0, -0.70708334
0.84804916, 0.97569364
-0.01056435, -0.00195617, -0.0251992
-0.70708334, 0.0, -0.70708334
0.47916442, 0.97569364
-0.00553993, 0.09591943, -0.0251992
0.70708334, 0.0, -0.70708334
0.84804916, 0.97569358
-0.00553993, -0.00195617, -0.02000732
0.70708334, 0.0, 0.70708334
0.47916442, 0.99526143
-0.00553993, -0.00195617, -0.0251992
0.70708334, 0.0, -0.70708334
0.47916442, 0.97569358
-0.01056435, 0.09591943, -0.02000732
-0.70708334, 0.0, 0.70708334
0.84804916, 0.99526143
2.24e-06, 0.13469765, -0.01771629
0.0, 0.70708334, 0.70708334
0.61514235, 0.73489416
0.01203419, 0.13469765, -0.01771629
0.57734919, 0.57734919, 0.57734919
0.57438219, 0.73489416
2.24e-06, 0.00218977, -0.05684387
0.0, -0.70708334, -0.70708334
0.02361679, 0.58742559
2.24e-06, 0.06691103, 0.03610298
0.0, 1.0, 0.0
0.99131674, 0.74247286
0.00309766, 0.13469765, -0.04455882
0.38267159, 0.0, -0.92385632
0.61960447, 0.63372689
0.00187222, 0.16346729, -0.04160032
0.29709768, 0.63023776, -0.71727651
0.75262445, 0.64487958
0.00187221, 0.16346729, -0.03257131
0.29709768, 0.63026828, 0.717246
0.75263613, 0.67890102
2.24e-06, 0.1399945, -0.03257131
0.0, 0.70708334, 0.70708334
0.63956785, 0.68464211
2.24e-06, 0.0682973, -0.00143104
0.0, 0.07849361, -0.99688709
0.32457432, 0.84080881
2.24e-06, 0.09940898, -0.01771629
0.0, 0.98852503, 0.15085299
0.44897729, 0.78953415
0.00497637, 0.12300776, -0.05430137
-0.70708334, -0.70708334, 0.0
0.53032374, 0.54552418
2.24e-06, 0.00218977, -0.05684387
0.0, -0.70708334, -0.70708334
0.07497136, 0.54509187
2.24e-06, 0.06774773, -0.05430137
0.0, -1.0, 0.0
0.30594409, 0.54245123
2.24e-06, -0.00167188, -0.02578514
0.0, 0.70708334, -0.70708334
0.95886528, 0.57873565
2.24e-06, -0.00167188, -0.02578514
0.0, 0.70708334, -0.70708334
0.91910422, 0.54032111
0.00554442, 0.09591943, -0.02000732
-0.70708334, 0.0, 0.70708334
0.84804916, 0.99526143
-0.01202971, 0.13469765, -0.01771629
-0.57734919, 0.57734919, 0.57734919
0.57438219, 0.26510513
2.24e-06, 0.00218977, -0.05684387
0.0, -0.70708334, -0.70708334
0.02361679, 0.4125737
-0.00309317, 0.13469765, -0.04455882
-0.38267159, 0.0, -0.92385632
0.61960447, 0.63372689
-0.00186773, 0.16346729, -0.04160032
-0.29709768, 0.63023776, -0.71727651
0.75262445, 0.64487958
-0.00451227, 0.16346729, -0.03521587
-0.71727651, 0.63023776, 0.29709768
0.74266809, 0.66893983
-0.00186773, 0.16346729, -0.03257131
-0.29709768, 0.63023776, 0.71727651
0.75263613, 0.67890102
2.24e-06, 0.0682973, -0.00143104
0.0, 0.07849361, -0.99688709
0.32457432, 0.15919042
2.24e-06, 0.09940898, -0.01771629
0.0, 0.98852503, 0.15085299
0.44897729, 0.21046507
-0.00497188, 0.12300776, -0.05430137
0.70708334, -0.70708334, 0.0
0.53032374, 0.54552418
2.24e-06, 0.00218977, -0.05684387
0.0, -0.70708334, -0.70708334
0.07497136, 0.45490742
-0.00553993, 0.09591943, -0.02000732
0.70708334, 0.0, 0.70708334
0.84804916, 0.99526143
# Number of Faces:
364
# Face Data:
0, 1, 2
3, 4, 5
3, 6, 7
8, 9, 3
10, 11, 12
13, 14, 15
15, 16, 17
14, 10, 12
12, 18, 19
20, 21, 22
21, 23, 22
24, 25, 21
20, 26, 24
27, 28, 29
30, 31, 32
33, 34, 30
35, 36, 33
37, 29, 28
38, 28, 36
34, 39, 31
36, 40, 34
27, 39, 40
32, 41, 42
43, 44, 45
46, 47, 48
49, 38, 35
39, 50, 51
38, 47, 37
51, 31, 39
52, 53, 54
55, 56, 57
58, 59, 60
61, 62, 63
64, 61, 63
65, 66, 64
63, 67, 68
69, 70, 71
72, 73, 65
74, 75, 70
76, 77, 71
69, 78, 74
71, 79, 69
80, 59, 56
56, 81, 57
9, 82, 83
1, 5, 4
84, 4, 85
4, 82, 85
86, 87, 88
89, 90, 91
87, 92, 88
93, 91, 94
95, 94, 92
86, 91, 90
96, 97, 98
53, 96, 98
99, 53, 100
101, 102, 103
104, 105, 106
107, 108, 109
110, 107, 111
112, 111, 113
114, 115, 109
116, 113, 115
103, 104, 101
103, 117, 118
105, 119, 120
52, 104, 96
121, 119, 97
96, 106, 121
98, 105, 122
117, 54, 99
103, 100, 53
98, 103, 53
54, 101, 52
105, 123, 106
106, 124, 121
124, 125, 119
123, 126, 124
119, 125, 120
92, 91, 88
75, 78, 79
111, 107, 109
127, 128, 129
130, 131, 132
129, 131, 127
133, 130, 128
134, 135, 136
137, 138, 139
140, 139, 141
138, 142, 139
143, 144, 145
146, 147, 148
149, 148, 150
149, 145, 146
151, 145, 152
153, 154, 155
23, 153, 155
25, 156, 153
26, 154, 156
157, 158, 159
160, 161, 162
163, 164, 161
165, 166, 164
159, 167, 157
168, 157, 167
163, 169, 170
165, 170, 157
169, 158, 170
41, 162, 42
171, 43, 172
47, 173, 48
168, 49, 166
50, 169, 51
47, 168, 167
160, 51, 169
174, 175, 176
55, 177, 80
58, 178, 179
180, 181, 182
182, 183, 184
185, 184, 183
186, 182, 187
188, 189, 190
191, 192, 184
193, 189, 188
194, 195, 196
197, 190, 189
198, 196, 190
178, 80, 177
179, 177, 199
200, 138, 201
202, 203, 135
137, 204, 205
200, 137, 205
86, 206, 207
90, 208, 209
210, 206, 211
209, 212, 213
213, 214, 210
86, 209, 211
215, 216, 217
176, 215, 174
176, 218, 219
220, 221, 222
223, 224, 225
108, 226, 227
226, 110, 228
228, 112, 229
230, 114, 227
229, 116, 230
221, 223, 225
231, 221, 232
224, 233, 216
223, 174, 215
233, 217, 216
234, 215, 217
235, 224, 216
175, 231, 218
219, 221, 176
221, 235, 176
220, 175, 174
123, 224, 234
236, 234, 217
125, 236, 233
123, 236, 126
233, 120, 125
209, 210, 211
198, 193, 194
227, 228, 229
237, 238, 239
240, 241, 242
240, 239, 238
241, 243, 237
2, 244, 0
245, 0, 244
0, 245, 5
3, 9, 4
9, 83, 4
5, 245, 3
3, 245, 6
8, 246, 9
10, 13, 11
13, 10, 14
15, 14, 16
16, 14, 12
12, 19, 16
12, 11, 18
20, 24, 21
21, 25, 23
24, 26, 25
20, 247, 26
27, 40, 28
30, 34, 31
33, 36, 34
35, 38, 36
37, 46, 29
38, 37, 28
34, 40, 39
36, 28, 40
27, 248, 39
32, 31, 41
45, 249, 172
172, 43, 45
250, 44, 43
46, 37, 47
49, 251, 38
39, 248, 50
38, 251, 47
51, 41, 31
55, 80, 56
58, 81, 59
61, 252, 62
63, 68, 72
65, 64, 63
63, 72, 65
65, 73, 66
63, 62, 67
76, 71, 70
69, 74, 70
72, 253, 73
74, 78, 75
76, 254, 77
69, 79, 78
71, 77, 79
80, 60, 59
56, 59, 81
9, 255, 82
1, 0, 5
84, 1, 4
4, 83, 82
86, 207, 87
89, 256, 90
87, 95, 92
93, 89, 91
95, 93, 94
86, 88, 91
96, 121, 97
53, 52, 96
99, 54, 53
104, 122, 105
107, 257, 108
110, 258, 107
112, 110, 111
114, 116, 115
116, 112, 113
103, 122, 104
103, 102, 117
105, 97, 119
52, 101, 104
121, 124, 119
96, 104, 106
98, 97, 105
117, 102, 54
103, 118, 100
98, 122, 103
54, 102, 101
105, 120, 123
106, 123, 124
124, 126, 125
92, 94, 91
79, 77, 75
254, 75, 77
109, 115, 113
113, 111, 109
127, 133, 128
130, 259, 131
129, 132, 131
133, 259, 130
260, 136, 135
134, 202, 135
139, 260, 203
260, 135, 203
201, 138, 137
139, 203, 137
140, 260, 139
138, 261, 142
143, 147, 144
146, 144, 147
149, 146, 148
149, 152, 145
145, 144, 146
151, 143, 145
153, 156, 154
23, 25, 153
25, 26, 156
26, 247, 154
157, 170, 158
160, 163, 161
163, 165, 164
165, 168, 166
159, 173, 167
168, 165, 157
163, 160, 169
165, 163, 170
169, 262, 158
41, 160, 162
172, 263, 171
171, 264, 43
265, 43, 264
47, 167, 173
168, 251, 49
50, 262, 169
47, 251, 168
160, 41, 51
55, 199, 177
58, 60, 178
180, 266, 181
192, 187, 182
182, 181, 183
184, 192, 182
185, 191, 184
186, 180, 182
190, 196, 188
195, 188, 196
191, 267, 192
193, 197, 189
194, 268, 195
197, 198, 190
198, 194, 196
178, 60, 80
179, 178, 177
200, 269, 138
202, 137, 203
137, 202, 204
200, 201, 137
86, 211, 206
90, 256, 208
210, 214, 206
209, 208, 212
213, 212, 214
86, 90, 209
215, 235, 216
176, 235, 215
176, 175, 218
223, 234, 224
108, 257, 226
226, 258, 110
228, 110, 112
230, 116, 114
229, 112, 116
221, 220, 223
231, 222, 221
224, 120, 233
223, 220, 174
233, 236, 217
234, 223, 215
235, 225, 224
175, 222, 231
219, 232, 221
221, 225, 235
220, 222, 175
123, 120, 224
236, 123, 234
125, 126, 236
209, 213, 210
268, 194, 193
198, 197, 193
229, 230, 227
227, 226, 228
237, 243, 238
240, 270, 241
240, 242, 239
241, 270, 243
