# Project Zomboid Skinned Mesh
# File Version:
1.0
# Model Name:
Cube
# Vertex Stride Element Count:
3
# Vertex Stride Size (in bytes):
76
# Vertex Stride Data:
# (Int)    Offset
# (String) Type
0
VertexArray
12
NormalArray
24
TextureCoordArray
# Vertex Count:
191
# Vertex Buffer:
0.0, 0.10444444, -0.01440643
0.0, 0.63768423, 0.77028716
0.38061216, 0.77853769
0.00638179, 0.10444444, -0.01440643
0.58784753, 0.51585436, 0.62312692
0.38061216, 0.76382524
0.0063818, 0.10599, -0.02253921
0.63167208, 0.72545546, 0.27326274
0.38604933, 0.73521501
0.0083159, 0.01980967, -0.02741055
0.74016541, -0.60475481, 0.29386273
0.08287618, 0.71807808
0.00638181, 0.01980967, -0.02253922
0.59041107, -0.76177251, 0.26654866
0.08287618, 0.73521495
0.0083159, 0.10691581, -0.03429968
0.88351083, 0.29227576, -0.36594746
0.38930607, 0.69384295
0.00344456, 0.01980967, -0.03917101
0.29709768, -0.63023776, -0.71727651
0.08287618, 0.67670608
0.00344456, 0.10691581, -0.03917101
0.36594746, 0.29227576, -0.88351083
0.38930607, 0.67670608
0.0083159, 0.10691581, -0.02741055
0.89724416, 0.39207128, 0.20300913
0.38930607, 0.71807808
0.0083159, 0.01980967, -0.03429968
0.71727651, -0.63023776, -0.29709768
0.08287618, 0.69384295
0.0, 0.01980967, -0.03917101
0.0, -0.70708334, -0.70708334
0.08287618, 0.66415089
0.0, 0.10691581, -0.03917101
0.0, 0.29505295, -0.95544297
0.38930607, 0.66415089
0.00121371, 0.18852046, -0.04150116
0.8964507, -0.43461409, -0.08645894
0.67638254, 0.65177557
0.0, 0.18654209, -0.04469253
0.0, -0.8737449, -0.48634297
0.66567993, 0.63795021
0.00121371, 0.18654209, -0.04469253
0.55363625, -0.72759181, -0.40501115
0.66942292, 0.64054859
0.00344456, 0.03174493, -0.04469253
0.57734919, -0.57734919, -0.57734919
0.12486316, 0.64054859
0.0, 0.03812453, -0.04469253
0.0, 0.32435071, -0.94592118
0.14663275, 0.63175678
0.00344456, 0.03812453, -0.04469253
0.64085817, 0.24900052, -0.72612691
0.14730591, 0.64054859
0.00121371, 0.18258539, -0.03723691
0.36866361, -0.54237497, -0.75490582
0.65550387, 0.66677669
0.0, 0.18852046, -0.04150116
0.0, -0.98074281, -0.19513535
0.67223024, 0.65077636
0.0063818, 0.10974845, -0.03349854
0.86944181, 0.33817559, -0.36011842
0.39927122, 0.69666123
0.00264343, 0.10974845, -0.03723691
0.36011842, 0.33817559, -0.86944181
0.39927122, 0.68351001
0.00264343, 0.10974845, -0.02447332
0.36011842, 0.33817559, 0.86944181
0.39927122, 0.72841102
0.00344456, 0.10691581, -0.02253922
0.36594746, 0.29227576, 0.88351083
0.38930607, 0.73521495
0.0, 0.19507059, -0.04469253
0.0, 0.70708334, -0.70708334
0.70278156, 0.63564637
0.00121371, 0.19507059, -0.04469253
0.57734919, 0.57734919, -0.57734919
0.69942504, 0.64054859
0.00344456, 0.03174493, -0.03917101
0.70708334, -0.70708334, 0.0
0.12486316, 0.65997276
0.0, 0.03174493, -0.04469253
0.0, -0.70708334, -0.70708334
0.12486316, 0.63175678
0.00344456, 0.05059553, -0.0430151
0.57734919, 0.57734919, -0.57734919
0.19117758, 0.64644969
0.0, 0.05059553, -0.03917101
0.0, 1.0, 0.0
0.19709945, 0.65397277
0.00344456, 0.05059553, -0.03917101
0.70708334, 0.70708334, 0.0
0.19117758, 0.65997276
0.0063818, 0.19713879, -0.02821169
0.71727651, 0.63023776, 0.29709768
0.70670092, 0.71525985
0.0063818, 0.10974845, -0.02821169
0.86944181, 0.33817559, 0.36011842
0.39927122, 0.71525979
0.00264343, 0.19713879, -0.03723691
0.29709768, 0.63023776, -0.71727651
0.70670092, 0.68351001
0.0, 0.19713879, -0.03723691
0.0, 0.70708334, -0.70708334
0.70673376, 0.67370039
0.0, 0.10974845, -0.03723691
0.0, 0.29505295, -0.95544297
0.39927122, 0.67370039
0.00344456, 0.0402827, -0.0430151
0.78789634, 0.19974364, -0.58247626
0.15489811, 0.64644963
0.0, 0.05059553, -0.0430151
0.0, 0.70708334, -0.70708334
0.19117758, 0.63848591
0.0, 0.01980967, -0.03429968
0.0, -1.0, 0.0
0.06388089, 0.69384295
0.0063818, 0.19713879, -0.03349854
0.71727651, 0.63023776, -0.29709768
0.70670092, 0.69666123
0.0, 0.01399593, 0.029903
0.0, -0.96334726, -0.26819667
0.03834224, 0.91970104
0.00638183, 0.03521536, -0.00524968
0.79473251, -0.59639269, -0.11249123
0.13707174, 0.79603773
0.00638183, 0.01399593, 0.029903
0.65141761, -0.73088777, -0.20349742
0.06242406, 0.91970104
0.00638179, 0.03379097, -0.0135371
0.85152745, -0.3859981, 0.35474715
0.13206089, 0.76688343
0.0, 0.02234288, -0.0165154
0.0, -0.65456098, 0.75597399
0.07878828, 0.75640607
0.00638182, 0.02234288, -0.0165154
0.61961728, -0.51374859, 0.59334087
0.09178773, 0.75640607
0.00638182, 0.01399593, 0.03933496
0.60029906, -0.66319776, 0.44694358
0.06242406, 0.95288163
0.0, 0.07517, -0.01440643
0.0, 0.48286384, 0.87566757
0.29162309, 0.788297
0.00638182, 0.03570743, 0.04812651
0.58729821, 0.24808496, 0.77037871
0.1388028, 0.98380941
0.00638179, 0.07517, -0.01440643
0.83342999, 0.2667928, 0.48387095
0.27762777, 0.76382524
0.0, 0.03570743, 0.04812651
0.0, 0.30652791, 0.95184177
0.15930261, 1.00000197
0.0, 0.03521536, -0.00524968
0.0, -0.98266548, -0.18533891
0.11532852, 0.79603773
0.0, 0.01980967, -0.02741055
0.0, -1.0, 0.0
0.06388089, 0.71807808
0.00356991, 0.09434256, -0.00202719
0.63023776, 0.71727651, 0.29709768
0.34507492, 0.86128026
0.00356992, 0.08741932, 0.00489606
0.63023776, 0.29709768, 0.71727651
0.32071969, 0.88563555
0.00356992, 0.08671155, 0.0023143
0.80416274, -0.22745445, -0.54911953
0.31822973, 0.87655324
0.0, 0.08741932, 0.00489606
0.0, 0.38267159, 0.92385632
0.3267577, 0.89774346
0.0035699, 0.09183451, -0.00280866
0.80416274, -0.54911953, -0.22745445
0.3362518, 0.85853118
0.0, 0.09183451, -0.01440643
0.0, -1.0, 0.0
0.32598266, 0.81775314
0.00356992, 0.09183451, -0.01440643
0.70708334, -0.70708334, 0.0
0.3362518, 0.81773144
0.00356992, 0.07051606, -0.00703176
0.59352398, 0.66621906, -0.45142978
0.26125577, 0.84367472
0.0, 0.07684912, 0.0023143
0.0, 0.46852016, -0.88341928
0.28960934, 0.8665573
0.00356992, 0.07684912, 0.0023143
0.82915741, 0.26187932, -0.49382001
0.28353485, 0.87655324
0.00356991, 0.07785848, 0.00489606
0.68892485, -0.05993835, 0.72231209
0.28708571, 0.88563555
0.0, 0.06440794, 0.00264723
0.0, -0.16489151, 0.98629719
0.23746249, 0.89089853
0.00356992, 0.06440794, 0.00264723
0.59849846, -0.1320841, 0.79015476
0.23976813, 0.87772447
0.0, 0.08671155, 0.0023143
0.0, -0.38267159, -0.92385632
0.31451112, 0.86830169
0.0, 0.07785848, 0.00489606
0.0, -0.08270516, 0.99655139
0.28652132, 0.89964747
0.00356992, 0.09434256, -0.01440643
0.70708334, 0.70708334, 0.0
0.34507492, 0.81773144
0.0, 0.09434256, -0.00202719
0.0, 0.92385632, 0.38267159
0.35678822, 0.86663884
0.0, 0.09183451, -0.00280866
0.0, -0.92385632, -0.38267159
0.32540938, 0.85439354
0.00121371, 0.19507059, -0.03723691
0.70708334, 0.70708334, 0.0
0.69942504, 0.66677669
0.0, 0.10691581, -0.02253922
0.0, 0.29505295, 0.95544297
0.38930607, 0.74269575
0.00344456, 0.10599, -0.02253922
0.36561173, 0.0, 0.93075353
0.38604933, 0.73521495
0.00264343, 0.19713879, -0.02447332
0.29709768, 0.63023776, 0.71727651
0.70670092, 0.72841102
0.0, 0.10974845, -0.02447332
0.0, 0.29505295, 0.95544297
0.39927122, 0.73713166
0.0, 0.19713879, -0.02447332
0.0, 0.70708334, 0.70708334
0.95336801, 0.72934121
0.0063818, 0.19713879, -0.02821169
0.71727651, 0.63023776, 0.29709768
0.93091744, 0.71618995
0.0063818, 0.19713879, -0.03349854
0.71727651, 0.63023776, -0.29709768
0.93091744, 0.69759136
0.0, 0.0402827, -0.0430151
0.0, 0.32435071, -0.94592118
0.15547109, 0.6384981
0.0, 0.19507059, -0.03723691
0.0, 1.0, 0.0
0.70565355, 0.66664863
0.01020357, 0.02179326, -0.03710008
0.57734919, 0.57734919, -0.57734919
0.08985425, 0.57617894
0.01020357, 0.01714954, -0.02611129
0.57734919, -0.57734919, 0.57734919
0.07351813, 0.61483631
0.01020357, 0.01714954, -0.03710008
0.57734919, -0.57734919, -0.57734919
0.07351813, 0.57617894
0.01020357, 0.02179326, -0.02611129
0.57734919, 0.57734919, 0.57734919
0.08985425, 0.61483631
0.0, 0.01714954, -0.02611129
0.0, -0.70708334, 0.70708334
0.07351813, 0.65073138
0.0, 0.02179326, -0.03710008
0.0, 0.70708334, -0.70708334
0.08985425, 0.54028383
0.0, 0.02179326, -0.02611129
0.0, 0.70708334, 0.70708334
0.09684309, 0.61483631
0.0, 0.01714954, -0.03710008
0.0, -0.70708334, -0.70708334
0.03762305, 0.57617897
-0.0063818, 0.10599, -0.02253921
-0.63167208, 0.72545546, 0.27326274
0.38604933, 0.26478618
0.0, 0.10444444, -0.01440643
0.0, 0.63768423, 0.77028716
0.38061216, 0.2214635
0.0, 0.10691581, -0.02741055
0.0, 0.98239082, 0.18668172
0.38432679, 0.25564104
-0.0083159, 0.01980967, -0.02741055
-0.74016541, -0.60475481, 0.29386273
0.08287618, 0.28192312
-0.0083159, 0.10691581, -0.02741055
-0.69426554, 0.58748132, 0.41569263
0.38930607, 0.28192312
-0.00344456, 0.01980967, -0.03917101
-0.29709768, -0.63023776, -0.71727651
0.08287618, 0.32329506
-0.0083159, 0.10691581, -0.03429968
-0.88351083, 0.29227576, -0.36594746
0.38930607, 0.30615824
-0.00344456, 0.10691581, -0.03917101
-0.36594746, 0.29227576, -0.88351083
0.38930607, 0.32329506
-0.0083159, 0.01980967, -0.03429968
-0.71727651, -0.63023776, -0.29709768
0.08287618, 0.30615824
0.0, 0.01980967, -0.03917101
0.0, -0.70708334, -0.70708334
0.08287618, 0.3358503
0.0, 0.10691581, -0.03917101
0.0, 0.29505295, -0.95544297
0.38930607, 0.3358503
-0.00121371, 0.18852046, -0.04150116
-0.8964507, -0.43461409, -0.08645894
0.67638254, 0.65177557
-0.00121371, 0.18654209, -0.04469253
-0.55363625, -0.72759181, -0.40501115
0.66942292, 0.64054859
-0.00344456, 0.03174493, -0.04469253
-0.57734919, -0.57734919, -0.57734919
0.12486316, 0.64054859
-0.00344456, 0.03812453, -0.04469253
-0.64085817, 0.24900052, -0.72612691
0.14730591, 0.64054859
-0.00121371, 0.18258539, -0.03723691
-0.36866361, -0.54237497, -0.75490582
0.65550387, 0.66677669
-0.0063818, 0.10974845, -0.03349854
-0.86944181, 0.33817559, -0.36011842
0.39927122, 0.3033399
-0.00264343, 0.10974845, -0.03723691
-0.36011842, 0.33817559, -0.86944181
0.39927122, 0.31649119
0.0, 0.10974845, -0.03723691
0.0, 0.29505295, -0.95544297
0.39927122, 0.3263008
-0.00264343, 0.10974845, -0.02447332
-0.36011842, 0.33817559, 0.86944181
0.39927122, 0.27159017
-0.0063818, 0.10974845, -0.02821169
-0.86944181, 0.33817559, 0.36011842
0.39927122, 0.28474134
-0.00121371, 0.19507059, -0.04469253
-0.57734919, 0.57734919, -0.57734919
0.69942504, 0.64054859
-0.00344456, 0.03174493, -0.03917101
-0.70708334, -0.70708334, 0.0
0.12486316, 0.65997276
-0.00344456, 0.05059553, -0.0430151
-0.57734919, 0.57734919, -0.57734919
0.19117758, 0.64644969
-0.00344456, 0.05059553, -0.03917101
-0.70708334, 0.70708334, 0.0
0.19117758, 0.65997276
-0.0063818, 0.19713879, -0.02821169
-0.71727651, 0.63023776, 0.29709768
0.70670092, 0.28474134
-0.00264343, 0.19713879, -0.03723691
-0.29709768, 0.63023776, -0.71727651
0.70670092, 0.31649119
0.0, 0.19713879, -0.03723691
0.0, 0.70708334, -0.70708334
0.70673376, 0.3263008
-0.00344456, 0.0402827, -0.0430151
-0.78789634, 0.19974364, -0.58247626
0.15489811, 0.64644963
0.0, 0.01980967, -0.03429968
0.0, -1.0, 0.0
0.06388089, 0.30615824
-0.0063818, 0.19713879, -0.03349854
-0.71727651, 0.63023776, -0.29709768
0.70670092, 0.3033399
-0.00638183, 0.03521536, -0.00524968
-0.79473251, -0.59639269, -0.11249123
0.13707174, 0.20396346
0.0, 0.01399593, 0.029903
0.0, -0.96334726, -0.26819667
0.03834224, 0.08030015
-0.00638183, 0.01399593, 0.029903
-0.65141761, -0.73088777, -0.20349742
0.06242406, 0.08030015
-0.00638179, 0.03379097, -0.0135371
-0.85152745, -0.3859981, 0.35474715
0.13206089, 0.23311776
0.0, 0.02234288, -0.0165154
0.0, -0.65456098, 0.75597399
0.07878828, 0.24359506
0.0, 0.03379097, -0.0135371
0.0, -0.73625904, 0.67665637
0.11057478, 0.23311776
-0.00638182, 0.01399593, 0.03933496
-0.60029906, -0.66319776, 0.44694358
0.06242406, 0.04711956
0.0, 0.01399593, 0.03933496
0.0, -0.82924896, 0.55885494
0.03692186, 0.04711956
-0.00638179, 0.07517, -0.01440643
-0.83342999, 0.2667928, 0.48387095
0.27762777, 0.23617595
0.0, 0.03570743, 0.04812651
0.0, 0.30652791, 0.95184177
0.15930261, -7.2e-07
0.0, 0.07517, -0.01440643
0.0, 0.48286384, 0.87566757
0.29162309, 0.21170419
-0.00638182, 0.03570743, 0.04812651
-0.58729821, 0.24808496, 0.77037871
0.1388028, 0.01619178
0.0, 0.03521536, -0.00524968
0.0, -0.98266548, -0.18533891
0.11532852, 0.20396346
-0.00638181, 0.01980967, -0.02253922
-0.59041107, -0.76177251, 0.26654866
0.08287618, 0.26478618
-0.00638182, 0.02234288, -0.0165154
-0.61961728, -0.51374859, 0.59334087
0.09178773, 0.24359506
0.0, 0.01980967, -0.02741055
0.0, -1.0, 0.0
0.06388089, 0.28192312
-0.00638179, 0.10444444, -0.01440643
-0.58784753, 0.51585436, 0.62312692
0.38061216, 0.23617595
-0.00356992, 0.08671155, 0.0023143
-0.80416274, -0.22745445, -0.54911953
0.31822973, 0.12344795
-0.00356991, 0.07785848, 0.00489606
-0.68892485, -0.05993835, 0.72231209
0.28708571, 0.11436564
-0.00356992, 0.08741932, 0.00489606
-0.63023776, 0.29709768, 0.71727651
0.32071969, 0.11436564
0.0, 0.08741932, 0.00489606
0.0, 0.38267159, 0.92385632
0.3267577, 0.10225767
-0.00356991, 0.09434256, -0.00202719
-0.63023776, 0.71727651, 0.29709768
0.34507492, 0.13872093
0.0, 0.09183451, -0.01440643
0.0, -1.0, 0.0
0.32598266, 0.18224806
-0.0035699, 0.09183451, -0.00280866
-0.80416274, -0.54911953, -0.22745445
0.3362518, 0.14147002
-0.00356992, 0.09183451, -0.01440643
-0.70708334, -0.70708334, 0.0
0.3362518, 0.18226975
0.0, 0.07684912, 0.0023143
0.0, 0.46852016, -0.88341928
0.28960934, 0.13344389
-0.00356992, 0.07051606, -0.00703176
-0.59352398, 0.66621906, -0.45142978
0.26125577, 0.15632647
-0.00356992, 0.07684912, 0.0023143
-0.82915741, 0.26187932, -0.49382001
0.28353485, 0.12344795
0.0, 0.06440794, 0.00264723
0.0, -0.16489151, 0.98629719
0.23746249, 0.10910267
-0.00356992, 0.06440794, 0.00264723
-0.59849846, -0.1320841, 0.79015476
0.23976813, 0.12227672
0.0, 0.08671155, 0.0023143
0.0, -0.38267159, -0.92385632
0.31451112, 0.1316995
0.0, 0.07785848, 0.00489606
0.0, -0.08270516, 0.99655139
0.28652132, 0.10035366
0.0, 0.09434256, -0.00202719
0.0, 0.92385632, 0.38267159
0.35678822, 0.13336235
-0.00356992, 0.09434256, -0.01440643
-0.70708334, 0.70708334, 0.0
0.34507492, 0.18226975
-0.00121371, 0.19507059, -0.03723691
-0.70708334, 0.70708334, 0.0
0.69942504, 0.66677669
-0.00344456, 0.10599, -0.02253922
-0.36561173, 0.0, 0.93075353
0.38604933, 0.26478618
0.0, 0.10691581, -0.02253922
0.0, 0.29505295, 0.95544297
0.38930607, 0.25730544
-0.00344456, 0.10691581, -0.02253922
-0.36594746, 0.29227576, 0.88351083
0.38930607, 0.26478618
0.0, 0.10974845, -0.02447332
0.0, 0.29505295, 0.95544297
0.39927122, 0.26286954
-0.00264343, 0.19713879, -0.02447332
-0.29709768, 0.63023776, 0.71727651
0.70670092, 0.27159017
-0.0063818, 0.19713879, -0.03349854
-0.71727651, 0.63023776, -0.29709768
0.93091744, 0.69759136
0.0, 0.19713879, -0.03723691
0.0, 0.70708334, -0.70708334
0.95336801, 0.68444017
-0.01020357, 0.01714954, -0.02611129
-0.57734919, -0.57734919, 0.57734919
0.07351813, 0.61483631
-0.01020357, 0.02179326, -0.03710008
-0.57734919, 0.57734919, -0.57734919
0.08985425, 0.57617894
-0.01020357, 0.01714954, -0.03710008
-0.57734919, -0.57734919, -0.57734919
0.07351813, 0.57617894
-0.01020357, 0.02179326, -0.02611129
-0.57734919, 0.57734919, 0.57734919
0.08985425, 0.61483631
0.0, 0.10691581, -0.02741055
0.0, 0.98239082, 0.18668172
0.38432679, 0.74436015
0.0, 0.18258539, -0.03723691
0.0, -0.5834834, -0.81209755
0.6533668, 0.6636439
0.0, 0.03174493, -0.03917101
0.0, -1.0, 0.0
0.11913147, 0.65597239
0.0, 0.03379097, -0.0135371
0.0, -0.73625904, 0.67665637
0.11057478, 0.76688343
0.0, 0.01399593, 0.03933496
0.0, -0.82924896, 0.55885494
0.03692186, 0.95288163
0.0, 0.01980967, -0.02253922
0.0, -0.98025453, 0.19769891
0.06388089, 0.73521495
0.0, 0.07051606, -0.00703176
0.0, 0.82781458, -0.56093019
0.27041093, 0.83760411
0.0, 0.09434256, -0.01440643
0.0, 1.0, 0.0
0.35899511, 0.8183679
0.0, 0.10599, -0.02253922
0.0, 0.0, 1.0
0.38432679, 0.74436015
0.0, 0.19713879, -0.02447332
0.0, 0.70708334, 0.70708334
0.70668632, 0.73761779
0.00264343, 0.19713879, -0.03723691
0.29709768, 0.63023776, -0.71727651
0.94406861, 0.68444017
0.00264343, 0.19713879, -0.02447332
0.29709768, 0.63023776, 0.71727651
0.94406861, 0.72934121
0.0, 0.02179326, -0.02611129
0.0, 0.70708334, 0.70708334
0.08985425, 0.65073138
0.0, 0.01714954, -0.03710008
0.0, -0.70708334, -0.70708334
0.07351813, 0.54028383
0.0, 0.02179326, -0.03710008
0.0, 0.70708334, -0.70708334
0.09684307, 0.57617894
0.0, 0.01714954, -0.02611129
0.0, -0.70708334, 0.70708334
0.03762306, 0.61483634
0.0, 0.01980967, -0.02253922
0.0, -0.98025453, 0.19769891
0.06388089, 0.26478618
0.0, 0.09183451, -0.00280866
0.0, -0.92385632, -0.38267159
0.32540938, 0.14560765
0.0, 0.07051606, -0.00703176
0.0, 0.82781458, -0.56093019
0.27041093, 0.16239709
0.0, 0.09434256, -0.01440643
0.0, 1.0, 0.0
0.35899511, 0.18163329
0.0, 0.10599, -0.02253922
0.0, 0.0, 1.0
0.38432679, 0.25564104
0.0, 0.19713879, -0.02447332
0.0, 0.70708334, 0.70708334
0.70668632, 0.2623834
-0.00264343, 0.19713879, -0.03723691
-0.29709768, 0.63023776, -0.71727651
0.94406861, 0.68444017
-0.0063818, 0.19713879, -0.02821169
-0.71727651, 0.63023776, 0.29709768
0.93091744, 0.71618995
-0.00264343, 0.19713879, -0.02447332
-0.29709768, 0.63023776, 0.71727651
0.94406861, 0.72934121
# Number of Faces:
254
# Face Data:
0, 1, 2
3, 2, 4
5, 6, 7
8, 9, 5
7, 10, 11
12, 13, 14
15, 16, 17
18, 19, 12
20, 8, 5
11, 21, 7
21, 5, 7
8, 22, 23
14, 24, 25
26, 27, 15
28, 29, 30
31, 22, 32
33, 20, 21
34, 21, 35
36, 37, 28
6, 38, 10
39, 32, 20
40, 41, 42
43, 44, 45
46, 40, 42
47, 48, 49
50, 46, 48
51, 43, 41
44, 4, 45
4, 52, 3
49, 0, 47
53, 54, 55
53, 56, 54
57, 58, 59
60, 61, 62
63, 64, 65
62, 66, 55
54, 67, 63
68, 69, 53
57, 66, 70
71, 18, 12
36, 30, 26
49, 41, 43
52, 9, 3
72, 73, 23
74, 75, 22
76, 77, 78
17, 79, 36
22, 72, 23
25, 80, 71
81, 82, 83
73, 8, 23
84, 85, 82
83, 86, 81
81, 87, 84
82, 88, 83
89, 90, 91
92, 89, 93
94, 95, 96
97, 93, 95
98, 96, 99
13, 100, 101
16, 102, 103
19, 104, 100
93, 105, 95
99, 106, 107
95, 106, 96
93, 108, 109
24, 101, 110
27, 111, 102
29, 112, 113
108, 114, 109
105, 115, 106
106, 116, 107
37, 117, 112
94, 118, 97
109, 119, 105
120, 121, 122
123, 124, 125
126, 121, 127
128, 129, 130
126, 129, 131
123, 132, 120
133, 124, 134
135, 133, 92
128, 90, 136
137, 138, 139
140, 141, 139
142, 143, 144
145, 146, 147
148, 138, 149
150, 147, 137
151, 139, 138
152, 153, 141
143, 150, 137
100, 154, 110
113, 112, 117
123, 120, 128
97, 135, 92
155, 156, 157
158, 159, 108
160, 76, 161
79, 103, 117
156, 108, 157
80, 110, 154
162, 163, 164
155, 157, 93
85, 165, 162
86, 164, 163
87, 163, 165
88, 162, 164
2, 8, 166
166, 0, 2
3, 8, 2
5, 9, 6
8, 3, 9
7, 6, 10
12, 19, 13
15, 27, 16
18, 167, 19
20, 32, 8
11, 35, 21
21, 20, 5
8, 32, 22
14, 13, 24
26, 168, 27
28, 37, 29
31, 74, 22
33, 39, 20
34, 33, 21
36, 79, 37
6, 9, 38
39, 31, 32
40, 51, 41
43, 169, 44
46, 170, 40
47, 50, 48
50, 170, 46
51, 169, 43
44, 171, 4
4, 171, 52
49, 1, 0
57, 59, 68
54, 63, 55
65, 60, 62
65, 62, 63
57, 68, 53
63, 62, 55
55, 57, 53
53, 69, 56
57, 70, 58
60, 172, 61
63, 67, 64
62, 61, 66
54, 56, 67
68, 173, 69
57, 55, 66
12, 14, 25
25, 71, 12
26, 15, 17
36, 28, 30
26, 17, 36
4, 2, 49
49, 48, 41
2, 1, 49
43, 45, 4
46, 42, 48
43, 4, 49
48, 42, 41
52, 38, 9
72, 174, 73
74, 175, 75
78, 176, 161
161, 76, 78
177, 77, 76
17, 16, 79
22, 75, 72
25, 24, 80
81, 84, 82
84, 178, 85
83, 179, 86
81, 180, 87
82, 181, 88
91, 93, 89
89, 136, 90
92, 133, 89
94, 97, 95
97, 92, 93
98, 94, 96
13, 19, 100
16, 27, 102
19, 167, 104
93, 109, 105
99, 96, 106
95, 105, 106
93, 157, 108
24, 13, 101
27, 168, 111
29, 37, 112
108, 159, 114
105, 119, 115
106, 115, 116
37, 79, 117
94, 98, 118
109, 114, 119
120, 132, 121
123, 134, 124
126, 122, 121
128, 131, 129
126, 127, 129
123, 125, 132
133, 182, 124
135, 182, 133
128, 130, 90
153, 144, 143
141, 153, 143
149, 138, 147
147, 146, 149
141, 143, 137
137, 147, 138
139, 141, 137
140, 152, 141
142, 183, 143
145, 184, 146
148, 151, 138
150, 145, 147
151, 140, 139
152, 185, 153
143, 183, 150
110, 101, 100
100, 104, 154
103, 102, 111
111, 113, 117
117, 103, 111
136, 89, 128
133, 134, 123
120, 122, 131
122, 126, 131
128, 89, 133
120, 131, 128
128, 133, 123
97, 118, 135
155, 186, 156
158, 187, 159
161, 188, 160
160, 189, 76
190, 76, 189
79, 16, 103
156, 158, 108
80, 24, 110
162, 165, 163
85, 178, 165
86, 179, 164
87, 180, 163
88, 181, 162
