# Project Zomboid Skinned Mesh
# File Version:
1.0
# Model Name:
Cube
# Vertex Stride Element Count:
3
# Vertex Stride Size (in bytes):
76
# Vertex Stride Data:
# (Int)    Offset
# (String) Type
0
VertexArray
12
NormalArray
24
TextureCoordArray
# Vertex Count:
88
# Vertex Buffer:
-0.00962304, 0.01249251, -0.01855719
-0.56450087, -0.6565752, 0.50019836
0.08748984, 0.29554653
-0.0, 0.01931657, -0.04333692
0.0, -0.60600603, -0.79543442
0.0697993, 0.40768313
-0.0, 0.01249251, -0.01855719
0.0, -0.79543442, 0.60600603
0.03616497, 0.29554653
-0.00962304, 0.07462618, -0.01855719
-0.86422312, 0.2931608, 0.40879545
0.36866474, 0.29554653
-0.00962304, 0.16585171, -0.04333692
-0.57734919, 0.57734919, -0.57734919
0.78149074, 0.40768313
-0.00962304, 0.01931657, -0.04333692
-0.59279156, -0.48802149, -0.64058352
0.11837083, 0.40768313
-0.0, 0.16585171, -0.01855719
0.0, 0.70708334, 0.70708334
0.78149074, 0.24924707
-0.0, 0.07462618, -0.01855719
0.0, 0.58278143, 0.81261635
0.36866474, 0.24924707
-0.0, 0.01931657, -0.04333692
0.0, -0.60600603, -0.79543442
0.11837083, 0.46108806
-0.0, 0.16585171, -0.01855719
0.0, 0.70708334, 0.70708334
0.82575893, 0.29554653
-0.00962304, 0.16585171, -0.01855719
-0.57734919, 0.57734919, 0.57734919
0.78149074, 0.29554653
-0.0, 0.02317702, 0.03244364
0.0, -0.88341928, 0.46852016
0.09168351, 0.04080915
-0.00962304, 0.04005752, -0.00544782
-0.83251441, -0.55214089, 0.04495376
0.21223038, 0.23622239
-0.0, 0.04005752, -0.00544782
0.0, -0.99667346, 0.08117923
0.1725229, 0.22981
-0.0, 0.03143767, -0.01855719
0.0, -0.47465438, 0.88015383
0.15012401, 0.25535989
-0.0, 0.01249251, -0.01855719
0.0, -0.79543442, 0.60600603
0.08748984, 0.26011121
-0.0, 0.05541104, 0.03819021
0.0, 0.50892669, 0.86080509
0.30657995, -2.98e-06
-0.00962304, 0.02317702, 0.03244364
-0.56563008, -0.72850734, 0.38636434
0.13584048, 0.06475127
-0.00962304, 0.05541104, 0.03819021
-0.58565021, 0.41251868, 0.69771415
0.28171021, 0.03874612
-0.00962304, 0.03143767, -0.01855719
-0.83098847, -0.26401561, 0.48960844
0.17322266, 0.29554653
-0.00443463, 0.09447619, -0.00388949
-0.86031675, -0.29068881, -0.41871396
0.49983388, 0.17503321
-0.00443463, 0.06870653, -0.00107486
-0.6209296, 0.0, 0.78383738
0.38321766, 0.16229606
-0.00443463, 0.09707137, -0.00107486
-0.59767449, 0.46113467, 0.65581226
0.51157796, 0.16229606
-0.0, 0.10335667, -0.01855719
0.0, 0.94100773, 0.33829767
0.56430125, 0.23081362
-0.00443463, 0.10335667, -0.01855719
-0.6151616, 0.74187446, 0.26673177
0.54002094, 0.2414093
-0.00563252, 0.03608105, -0.04333692
-0.74135566, 0.61122471, -0.27704704
0.90986049, 0.14168084
-0.0, 0.03608105, -0.0452192
0.0, 0.82671589, -0.5625782
0.90986049, 0.10097587
-0.004129, 0.03608105, -0.04736021
-0.2948088, 0.57124543, -0.76598406
0.90986049, 0.12347436
-0.0, 0.06965958, -0.00388951
0.0, 0.0, -0.99996948
0.38757977, 0.19017053
-0.00443463, 0.06965958, -0.00388951
-0.77025664, 0.0, -0.63771474
0.38753057, 0.17503345
-0.0, 0.09707137, -0.00107486
0.0, 0.57518232, 0.81801814
0.52204025, 0.14609337
-0.00443463, 0.09994797, -0.01855719
-0.77523118, -0.59181494, -0.2207709
0.52459538, 0.2414093
-0.0, 0.09447619, -0.00388949
0.0, -0.57026887, -0.82143623
0.48831275, 0.19054365
-0.0, 0.15420343, -0.04848259
0.0, -0.4285104, -0.9035005
0.95221549, 0.1230827
-0.00223466, 0.15804604, -0.04333692
-0.73760188, 0.59440899, -0.32032228
0.96960455, 0.14636838
-0.0, 0.15804604, -0.04848259
0.0, 0.5477767, -0.83660388
0.96960455, 0.1230827
-0.0, 0.15804604, -0.04333692
0.0, 1.0, 0.0
0.97811252, 0.14267349
-0.00223466, 0.15290044, -0.04333692
-0.65968812, -0.60878325, -0.44062623
0.94631886, 0.14636838
-0.0, 0.15290044, -0.04333692
0.0, -0.96938992, -0.24546038
0.93887937, 0.14075392
-0.004129, 0.03093545, -0.04736021
-0.2948088, -0.57124543, -0.76598406
0.8865748, 0.12347436
-0.00563252, 0.03093545, -0.04333692
-0.74135566, -0.61122471, -0.27704704
0.8865748, 0.14168084
-0.0, 0.03093545, -0.0452192
0.0, -0.82671589, -0.5625782
0.8865748, 0.10097587
-0.0, 0.03093545, -0.04333692
0.0, -1.0, 0.0
0.8633514, 0.10097587
-0.0, 0.01931657, -0.04333692
0.0, -0.60600603, -0.79543442
0.0697993, 0.59231561
0.00962304, 0.01249251, -0.01855719
0.56450087, -0.6565752, 0.50019836
0.08748984, 0.70445228
-0.0, 0.01249251, -0.01855719
0.0, -0.79543442, 0.60600603
0.03616497, 0.70445228
0.00962304, 0.16585171, -0.04333692
0.57734919, 0.57734919, -0.57734919
0.78149074, 0.59231561
0.00962304, 0.16585171, -0.01855719
0.57734919, 0.57734919, 0.57734919
0.78149074, 0.70445228
0.00962304, 0.07462618, -0.01855719
0.86422312, 0.2931608, 0.40879545
0.36866474, 0.70445228
-0.0, 0.16585171, -0.01855719
0.0, 0.70708334, 0.70708334
0.78149074, 0.75075173
-0.0, 0.07462618, -0.01855719
0.0, 0.58278143, 0.81261635
0.36866474, 0.75075173
-0.0, 0.01931657, -0.04333692
0.0, -0.60600603, -0.79543442
0.11837083, 0.53891069
0.00962304, 0.01931657, -0.04333692
0.59279156, -0.48802149, -0.64058352
0.11837083, 0.59231561
-0.0, 0.16585171, -0.01855719
0.0, 0.70708334, 0.70708334
0.82575893, 0.70445228
0.00962304, 0.04005752, -0.00544782
0.83251441, -0.55214089, 0.04495376
0.21223038, 0.76377641
-0.0, 0.02317702, 0.03244364
0.0, -0.88341928, 0.46852016
0.09168351, 0.95918961
-0.0, 0.04005752, -0.00544782
0.0, -0.99667346, 0.08117923
0.1725229, 0.77018873
-0.0, 0.03143767, -0.01855719
0.0, -0.47465438, 0.88015383
0.15012401, 0.74463886
-0.0, 0.01249251, -0.01855719
0.0, -0.79543442, 0.60600603
0.08748984, 0.73988754
0.00962304, 0.02317702, 0.03244364
0.56563008, -0.72850734, 0.38636434
0.13584048, 0.93524756
-0.0, 0.05541104, 0.03819021
0.0, 0.50892669, 0.86080509
0.30657995, 1.00000177
0.00962304, 0.05541104, 0.03819021
0.58565021, 0.41251868, 0.69771415
0.28171021, 0.96125264
0.00962304, 0.03143767, -0.01855719
0.83098847, -0.26401561, 0.48960844
0.17322266, 0.70445228
0.00443463, 0.06870653, -0.00107486
0.6209296, 0.0, 0.78383738
0.38321766, 0.83770271
0.00443463, 0.06965958, -0.00388951
0.77025664, 0.0, -0.63771474
0.38753057, 0.82496537
0.00443463, 0.09447619, -0.00388949
0.86031675, -0.29068881, -0.41871396
0.49983388, 0.82496552
-0.0, 0.10335667, -0.01855719
0.0, 0.94100773, 0.33829767
0.56430125, 0.76918519
0.00443463, 0.09707137, -0.00107486
0.59767449, 0.46113467, 0.65581226
0.51157796, 0.83770271
0.00443463, 0.10335667, -0.01855719
0.6151616, 0.74187446, 0.26673177
0.54002094, 0.75858951
0.00563252, 0.03608105, -0.04333692
0.74135566, 0.61122471, -0.27704704
0.90986049, 0.14168084
0.004129, 0.03608105, -0.04736021
0.2948088, 0.57124543, -0.76598406
0.90986049, 0.12347436
-0.0, 0.06965958, -0.00388951
0.0, 0.0, -0.99996948
0.38757977, 0.80982828
-0.0, 0.09707137, -0.00107486
0.0, 0.57518232, 0.81801814
0.52204025, 0.85390542
-0.0, 0.09447619, -0.00388949
0.0, -0.57026887, -0.82143623
0.48831275, 0.8094551
0.00443463, 0.09994797, -0.01855719
0.77523118, -0.59181494, -0.2207709
0.52459538, 0.75858951
0.00223466, 0.15804604, -0.04333692
0.73760188, 0.59440899, -0.32032228
0.96960455, 0.14636838
0.00223466, 0.15290044, -0.04333692
0.65968812, -0.60878325, -0.44062623
0.94631886, 0.14636838
0.004129, 0.03093545, -0.04736021
0.2948088, -0.57124543, -0.76598406
0.8865748, 0.12347436
0.00563252, 0.03093545, -0.04333692
0.74135566, -0.61122471, -0.27704704
0.8865748, 0.14168084
-0.0, 0.16585171, -0.04333692
0.0, 0.70708334, -0.70708334
0.78149074, 0.46108806
-0.0, 0.16585171, -0.04333692
0.0, 0.70708334, -0.70708334
0.82575893, 0.40768313
-0.0, 0.03608105, -0.04333692
0.0, 1.0, 0.0
0.93242514, 0.10097587
-0.0, 0.06870653, -0.00107486
0.0, 0.0, 1.0
0.38405725, 0.14072347
-0.0, 0.09994797, -0.01855719
0.0, -0.93691826, -0.34949797
0.50856185, 0.24714518
-0.0, 0.16585171, -0.04333692
0.0, 0.70708334, -0.70708334
0.78149074, 0.53891069
-0.0, 0.16585171, -0.04333692
0.0, 0.70708334, -0.70708334
0.82575893, 0.59231561
-0.0, 0.06870653, -0.00107486
0.0, 0.0, 1.0
0.38405725, 0.8592753
-0.0, 0.09994797, -0.01855719
0.0, -0.93691826, -0.34949797
0.50856185, 0.75285357
# Number of Faces:
98
# Face Data:
0, 1, 2
3, 4, 5
6, 3, 7
4, 8, 5
9, 4, 10
11, 12, 13
14, 0, 15
16, 17, 11
12, 18, 3
18, 7, 3
13, 19, 14
20, 21, 22
22, 23, 24
25, 26, 27
20, 28, 29
21, 30, 22
31, 32, 20
33, 34, 35
34, 36, 35
37, 33, 38
39, 25, 27
40, 41, 42
27, 41, 39
43, 44, 45
46, 47, 48
48, 49, 50
51, 46, 52
46, 53, 47
54, 55, 56
44, 57, 58
59, 60, 55
61, 59, 54
50, 61, 48
62, 56, 57
63, 64, 65
66, 67, 68
26, 69, 70
71, 65, 64
72, 63, 67
73, 74, 65
75, 33, 35
75, 35, 36
76, 38, 33
69, 77, 70
78, 41, 77
41, 70, 77
0, 5, 1
5, 0, 19
3, 10, 4
5, 19, 3
6, 10, 3
4, 79, 8
9, 80, 4
11, 17, 12
14, 19, 0
16, 18, 17
3, 19, 12
12, 17, 18
18, 16, 7
13, 12, 19
22, 24, 20
20, 29, 21
24, 31, 20
22, 30, 23
25, 81, 26
20, 32, 28
21, 82, 30
31, 83, 32
33, 37, 34
39, 40, 25
40, 39, 41
27, 26, 41
43, 52, 44
62, 44, 52
52, 46, 48
48, 62, 52
48, 47, 49
51, 84, 46
46, 85, 53
54, 59, 55
44, 62, 57
59, 61, 60
54, 62, 48
48, 61, 54
50, 60, 61
62, 54, 56
74, 68, 65
67, 63, 65
65, 68, 67
66, 72, 67
26, 81, 69
71, 73, 65
72, 86, 63
73, 87, 74
75, 76, 33
69, 78, 77
78, 42, 41
41, 26, 70
