# Project Zomboid Skinned Mesh
# File Version:
1.0
# Model Name:
Cube
# Vertex Stride Element Count:
3
# Vertex Stride Size (in bytes):
76
# Vertex Stride Data:
# (Int)    Offset
# (String) Type
0
VertexArray
12
NormalArray
24
TextureCoordArray
# Vertex Count:
238
# Vertex Buffer:
0.0065728, 0.03745825, -0.0069897
0.82451856, -0.41395307, 0.38572344
0.17089134, 0.70912981
0.0065728, 0.03498529, -0.01477153
0.87118137, -0.17020173, -0.46046329
0.15754777, 0.6671406
0.0065728, 0.06941219, -0.01116353
0.87392801, 0.29804376, 0.38383129
0.34330812, 0.68660867
-0.0, 0.0271189, 0.02437794
0.0, -0.99896234, -0.04510636
0.06988978, 0.87838292
0.0065728, 0.02939037, 0.03061499
0.59794915, -0.45963928, 0.65660572
0.12735876, 0.91203666
-0.0, 0.02939037, 0.03061499
0.0, -0.57347333, 0.81917781
0.09650037, 0.91203666
0.00421565, 0.07674001, -0.01116353
0.55018771, 0.718009, 0.42625201
0.40154931, 0.70924783
-0.0, 0.07301313, -0.00488609
0.0, 0.99865717, 0.0512711
0.40265796, 0.74682164
0.00421566, 0.07301313, -0.00488609
0.82833338, 0.55949581, 0.02871792
0.38143989, 0.7431196
-0.0, 0.109201, -0.01116353
0.0, 0.19156468, 0.98147523
0.56437051, 0.70327449
-0.0, 0.06941219, -0.01116353
0.0, 0.61329997, 0.789819
0.3546299, 0.70327449
-0.0, 0.03745825, -0.0069897
0.0, -0.73158973, 0.68172246
0.13394165, 0.70912981
0.0065728, 0.02563439, -0.0113149
0.54496902, -0.83843499, 0.00140385
0.10709232, 0.68579197
-0.0, 0.03913266, -0.00117043
0.0, -0.99682605, -0.07959227
0.14491412, 0.74052942
0.0065728, 0.03913266, -0.00117043
0.795587, -0.60390025, -0.04821924
0.1799261, 0.74052942
0.00421565, 0.09433828, 0.0050298
0.6013062, 0.44163334, 0.66582233
0.49650589, 0.79662359
-0.0, 0.0652725, 0.0050298
0.0, 0.0, 0.99996948
0.34628284, 0.80555534
0.00421565, 0.0652725, 0.0050298
0.64348274, 0.0, 0.76543474
0.33967301, 0.79662359
-0.0, 0.02563439, -0.0113149
0.0, -0.99996948, 0.00167852
0.07333693, 0.68579197
0.00421566, 0.07642545, 0.00249309
0.85042876, 0.28333384, -0.4431898
0.39985195, 0.78293598
-0.0, 0.0933618, 0.00249309
0.0, -0.55662709, -0.83074433
0.47316167, 0.7633363
0.00421566, 0.0933618, 0.00249309
0.85604417, -0.287698, -0.42939544
0.49123693, 0.78293598
0.0065728, 0.05873181, 0.03061499
0.76107061, 0.6247139, -0.1744438
0.28567895, 0.94156611
0.0065728, 0.03969938, 0.03458495
0.57881403, -0.6915189, 0.43214208
0.18298396, 0.96298707
0.0065728, 0.04055804, 0.03061499
0.75048065, -0.64592427, -0.13968322
0.18761715, 0.94156611
-0.0, 0.05873181, 0.03061499
0.0, 0.61329997, 0.789819
0.30410153, 0.91203666
0.0065728, 0.109201, -0.01116353
0.66640216, 0.14282662, 0.73174232
0.55800027, 0.68660867
-0.0, 0.11809072, -0.01477153
0.0, 0.37604907, 0.92657244
0.60596728, 0.68374872
0.00421565, 0.10690774, -0.01116353
0.53959775, 0.82491529, -0.1681875
0.56432819, 0.70924783
-0.0, 0.09991888, -0.00818987
0.0, 0.70809048, 0.70607626
0.53264254, 0.73152864
0.00421565, 0.09991888, -0.00818987
0.80202645, 0.4229255, 0.42170477
0.52661759, 0.72529304
0.0065728, 0.05873181, 0.03061499
0.59166235, 0.49443036, 0.63673818
0.28567895, 0.91203666
0.0065728, 0.0271189, 0.02437794
0.6299631, -0.77581102, -0.03503525
0.11510238, 0.87838292
0.00421565, 0.0917965, -0.01116353
0.54902798, -0.75887328, -0.35016939
0.48279098, 0.70924783
-0.0, 0.09664139, -0.00548238
0.0, -0.98751795, 0.15732291
0.48122376, 0.73705351
-0.0, 0.0917965, -0.01116353
0.0, -0.9079867, -0.41898862
0.45519486, 0.70924783
0.00421566, 0.09664139, -0.00548238
0.84502703, -0.52800071, 0.08410901
0.50893313, 0.73990214
-0.0, 0.09433828, 0.0050298
0.0, 0.55275124, 0.83333844
0.50372404, 0.80400527
-0.0, 0.07642545, 0.00249309
0.0, 0.53862119, -0.84252447
0.40464163, 0.77277792
0.0065728, 0.06132283, 0.03989315
0.55504012, 0.59736931, 0.57878351
0.29965961, 0.991629
-0.0, 0.03969938, 0.03458495
0.0, -0.84801781, 0.52992338
0.15265751, 0.96298707
-0.0, 0.04055804, 0.03061499
0.0, -0.97738576, -0.2113712
0.1573081, 0.94156611
-0.0, 0.06132283, 0.03989315
0.0, 0.71816158, 0.695822
0.32589203, 0.99999571
0.00341423, 0.04626722, -0.0310518
0.39066744, -0.50117499, -0.77208775
0.21842271, 0.57929587
0.0065728, 0.12213565, -0.02573914
0.94430369, 0.24585712, -0.21869564
0.62779278, 0.60796177
0.0065728, 0.04470791, -0.02573914
0.77767265, -0.40763572, -0.47856075
0.21000902, 0.60796177
0.00341423, 0.12213565, -0.0310518
0.44404432, 0.36045411, -0.8202765
0.62779278, 0.57929587
0.00581411, 0.12324955, -0.02637142
0.56547749, 0.79174167, -0.23093356
0.63380313, 0.60455012
0.0065728, 0.04025059, -0.02257314
0.6689657, -0.53181553, -0.51924193
0.18595824, 0.62504482
0.00214884, 0.03434156, -0.02639783
0.56425673, -0.8222602, -0.07415998
0.72282916, 0.11372155
0.00214884, 0.04314318, -0.02427352
0.77452928, 0.59404278, -0.21710868
0.77032071, 0.125184
0.00214884, 0.03979726, -0.02143697
0.73455, -0.45646533, 0.50202948
0.75226694, 0.1404894
-0.0, 0.12213565, -0.0310518
0.0, 0.39185765, -0.92001098
0.62779278, 0.56165957
0.00282292, 0.12324955, -0.0298926
0.1741081, 0.90517896, -0.38764611
0.63380313, 0.58555067
-0.0, 0.04626722, -0.0310518
0.0, -0.59929198, -0.80050051
0.21842271, 0.56165957
-0.0, 0.04025059, -0.02257314
0.0, -0.71550643, -0.69859922
0.18595824, 0.59964752
-0.0, 0.03498529, -0.01477153
0.0, -0.82888269, -0.55940425
0.15754777, 0.64325666
-0.0, 0.04470791, -0.02573914
0.0, -0.81423384, -0.58049256
0.21000902, 0.57900989
-0.0, 0.12324955, -0.02573914
0.0, 1.0, 0.0
0.63380313, 0.60455012
0.00581411, 0.12324955, -0.01814903
0.48768577, 0.84603411, 0.21527757
0.63380313, 0.64891648
-0.0, 0.12109214, -0.01477153
0.0, 0.4804529, 0.87701041
0.62216204, 0.67588186
0.0065728, 0.12109214, -0.01477153
0.61983091, 0.39494002, 0.67809075
0.62216204, 0.6671406
0.0065728, 0.11809072, -0.01477153
0.89440596, 0.0, 0.44718772
0.60596728, 0.6671406
0.00341423, 0.04893873, -0.03330441
0.62639242, 0.31516466, -0.71291238
0.85770291, 0.12123895
0.00341423, 0.04626722, -0.0310518
0.54664755, -0.71590322, -0.4342784
0.843288, 0.1333937
0.00341423, 0.04763373, -0.03330441
0.6115604, -0.38813439, -0.68941313
0.85066146, 0.12123895
0.00106141, 0.12169086, -0.03216565
0.61055332, 0.49247718, -0.62019718
0.94413644, 0.12147766
0.00106141, 0.11681425, -0.0310518
0.64210945, -0.7417829, -0.19339579
0.91782361, 0.12748778
0.00106141, 0.11728015, -0.03283856
0.58299506, -0.44669941, -0.67860955
0.92033726, 0.11784679
-0.0, 0.0509885, -0.0310518
0.0, 0.7396161, -0.6729942
0.88088572, 0.10999477
0.00341423, 0.0509885, -0.0310518
0.46827602, 0.65349287, -0.59465313
0.86876303, 0.1333937
-0.0, 0.03434156, -0.02639783
0.0, -0.99594104, -0.08981597
0.70703918, 0.11241513
-0.0, 0.04893873, -0.03330441
0.0, 0.40430921, -0.91460919
0.85827577, 0.10238129
-0.0, 0.12213565, -0.0310518
0.0, 0.92867821, -0.37083042
0.95411712, 0.12278694
0.00106141, 0.12213565, -0.0310518
0.60411388, 0.74004334, -0.29551074
0.9465366, 0.12748778
-0.0, 0.12169086, -0.03216565
0.0, 0.62184513, -0.78310496
0.94770986, 0.11488122
-0.0, 0.04763373, -0.03330441
0.0, -0.49055451, -0.87139499
0.84728515, 0.1034469
-0.0, 0.11728015, -0.03283856
0.0, -0.5498215, -0.83526111
0.91642982, 0.11235213
0.00214884, 0.04087601, -0.03047668
0.56718647, 0.2677694, -0.77880186
0.75808752, 0.09171301
-0.0, 0.04314318, -0.02427352
0.0, 0.93920714, -0.34327221
0.78799438, 0.11768895
-0.0, 0.04087601, -0.03047668
0.0, 0.3251442, -0.94564652
0.7604633, 0.07211775
0.00410747, 0.12508908, -0.0256645
0.42213202, 0.88949245, -0.17484054
0.64372903, 0.60836446
0.00240828, 0.12324955, -0.02977724
0.27002776, 0.70857877, -0.65190589
0.63380313, 0.58617306
0.00170137, 0.12508908, -0.02807061
0.17484054, 0.88949245, -0.42213202
0.64372903, 0.59538174
0.00410747, 0.12508908, -0.02226177
0.42213202, 0.88949245, 0.17484054
0.64372903, 0.62672496
0.00170137, 0.12508908, -0.01985566
0.17484054, 0.88949245, 0.42213202
0.64372903, 0.63970768
0.00581411, 0.12324955, -0.02155485
0.65190589, 0.70857877, 0.27002776
0.63380313, 0.6305393
-0.0, 0.12324955, -0.01814903
0.0, 0.68010497, 0.7330851
0.63378853, 0.66295505
0.00240828, 0.12324955, -0.01814903
0.27002776, 0.70857877, 0.65190589
0.63380313, 0.64891648
-0.0, 0.12508908, -0.02807061
0.0, 0.91653186, -0.39991456
0.64372903, 0.58616686
0.00141573, 0.12508908, -0.027381
0.22745445, 0.80416274, -0.54911953
0.64372903, 0.59910262
-0.0, 0.12324955, -0.02977724
0.0, 0.68010497, -0.7330851
0.63380313, 0.57491648
0.00141573, 0.12619744, -0.02054527
0.29709768, 0.63023776, 0.71727651
0.64970928, 0.63598669
-0.0, 0.12508908, -0.02054527
0.0, 0.70708334, 0.70708334
0.64372903, 0.64511526
0.00141573, 0.12508908, -0.02054527
0.22742394, 0.80416274, 0.54911953
0.64372903, 0.63598669
0.00341787, 0.12508908, -0.02254742
0.54911953, 0.80416274, 0.22745445
0.64372903, 0.62518358
-0.0, 0.12508908, -0.01985566
0.0, 0.91653186, 0.39991456
0.64372903, 0.64970326
-0.0, 0.12619744, -0.02054527
0.0, 0.70708334, 0.70708334
0.69627589, 0.63599187
0.00341787, 0.12619744, -0.02254742
0.71727651, 0.63023776, 0.29709768
0.71471822, 0.62518877
0.00341787, 0.12619744, -0.02537885
0.71727651, 0.63023776, -0.29709768
0.71471822, 0.60991091
0.00341787, 0.12619744, -0.02254742
0.71727651, 0.63023776, 0.29709768
0.64970928, 0.62518358
0.00141573, 0.12619744, -0.027381
0.29709768, 0.63023776, -0.71727651
0.64970928, 0.59910262
0.00341787, 0.12508908, -0.02537885
0.54911953, 0.80416274, -0.22745445
0.64372903, 0.60990572
-0.0, 0.12619744, -0.027381
0.0, 0.70708334, -0.70708334
0.64970928, 0.59427738
-0.0, 0.12508908, -0.027381
0.0, 0.70708334, -0.70708334
0.64372903, 0.59075046
0.00341787, 0.12619744, -0.02537885
0.71727651, 0.63023776, -0.29709768
0.64970928, 0.60990572
-0.0065728, 0.06941219, -0.01116353
-0.87392801, 0.29804376, 0.38383129
0.34330812, 0.31338519
-0.0065728, 0.03498529, -0.01477153
-0.87118137, -0.17020173, -0.46046329
0.15754777, 0.3328532
-0.0065728, 0.03745825, -0.0069897
-0.82451856, -0.41395307, 0.38572344
0.17089134, 0.29086405
-0.0065728, 0.02939037, 0.03061499
-0.59794915, -0.45963928, 0.65660572
0.12735876, 0.08795708
-0.0, 0.0271189, 0.02437794
0.0, -0.99896234, -0.04510636
0.06988978, 0.12161094
-0.0, 0.02939037, 0.03061499
0.0, -0.57347333, 0.81917781
0.09650037, 0.08795708
-0.0, 0.07301313, -0.00488609
0.0, 0.99865717, 0.0512711
0.40265796, 0.25317216
-0.00421565, 0.07674001, -0.01116353
-0.55018771, 0.718009, 0.42625201
0.40154931, 0.29074597
-0.00421566, 0.07301313, -0.00488609
-0.82833338, 0.55949581, 0.02871792
0.38143989, 0.2568742
-0.0, 0.109201, -0.01116353
0.0, 0.19156468, 0.98147523
0.56437051, 0.29671931
-0.0, 0.06941219, -0.01116353
0.0, 0.61329997, 0.789819
0.3546299, 0.29671931
-0.0065728, 0.02563439, -0.0113149
-0.54496902, -0.83843499, 0.00140385
0.10709232, 0.31420189
-0.0, 0.03745825, -0.0069897
0.0, -0.73158973, 0.68172246
0.13394165, 0.29086405
-0.0, 0.03913266, -0.00117043
0.0, -0.99682605, -0.07959227
0.14491412, 0.25946444
-0.0065728, 0.03913266, -0.00117043
-0.795587, -0.60390025, -0.04821924
0.1799261, 0.25946444
-0.0, 0.0652725, 0.0050298
0.0, 0.0, 0.99996948
0.34628284, 0.1944384
-0.00421565, 0.09433828, 0.0050298
-0.6013062, 0.44163334, 0.66582233
0.49650589, 0.20337015
-0.00421565, 0.0652725, 0.0050298
-0.64348274, 0.0, 0.76543474
0.33967301, 0.20337015
-0.0, 0.02563439, -0.0113149
0.0, -0.99996948, 0.00167852
0.07333693, 0.31420189
-0.0, 0.0933618, 0.00249309
0.0, -0.55662709, -0.83074433
0.47316167, 0.2366575
-0.00421566, 0.07642545, 0.00249309
-0.85042876, 0.28333384, -0.4431898
0.39985195, 0.21705776
-0.00421566, 0.0933618, 0.00249309
-0.85604417, -0.287698, -0.42939544
0.49123693, 0.21705776
-0.0065728, 0.03969938, 0.03458495
-0.57881403, -0.6915189, 0.43214208
0.18298396, 0.03700668
-0.0065728, 0.05873181, 0.03061499
-0.76107061, 0.6247139, -0.1744438
0.28567895, 0.05842775
-0.0065728, 0.04055804, 0.03061499
-0.75048065, -0.64592427, -0.13968322
0.18761715, 0.05842775
-0.0, 0.05873181, 0.03061499
0.0, 0.61329997, 0.789819
0.30410153, 0.08795708
-0.0, 0.11809072, -0.01477153
0.0, 0.37604907, 0.92657244
0.60596728, 0.31624514
-0.0065728, 0.109201, -0.01116353
-0.66640216, 0.14282662, 0.73174232
0.55800027, 0.31338519
-0.0, 0.09991888, -0.00818987
0.0, 0.70809048, 0.70607626
0.53264254, 0.26846522
-0.00421565, 0.10690774, -0.01116353
-0.53959775, 0.82491529, -0.1681875
0.56432819, 0.29074597
-0.00421565, 0.09991888, -0.00818987
-0.80202645, 0.4229255, 0.42170477
0.52661759, 0.27470076
-0.0065728, 0.05873181, 0.03061499
-0.59166235, 0.49443036, 0.63673818
0.28567895, 0.08795708
-0.0065728, 0.0271189, 0.02437794
-0.6299631, -0.77581102, -0.03503525
0.11510238, 0.12161094
-0.0, 0.0917965, -0.01116353
0.0, -0.9079867, -0.41898862
0.45519486, 0.29074597
-0.00421566, 0.09664139, -0.00548238
-0.84502703, -0.52800071, 0.08410901
0.50893313, 0.26009166
-0.00421565, 0.0917965, -0.01116353
-0.54902798, -0.75887328, -0.35016939
0.48279098, 0.29074597
-0.0, 0.09664139, -0.00548238
0.0, -0.98751795, 0.15732291
0.48122376, 0.26294029
-0.0, 0.09433828, 0.0050298
0.0, 0.55275124, 0.83333844
0.50372404, 0.19598854
-0.0, 0.07642545, 0.00249309
0.0, 0.53862119, -0.84252447
0.40464163, 0.22721589
-0.0, 0.03969938, 0.03458495
0.0, -0.84801781, 0.52992338
0.15265751, 0.03700668
-0.0065728, 0.06132283, 0.03989315
-0.55504012, 0.59736931, 0.57878351
0.29965961, 0.00836468
-0.0, 0.04055804, 0.03061499
0.0, -0.97738576, -0.2113712
0.1573081, 0.05842775
-0.0, 0.06132283, 0.03989315
0.0, 0.71816158, 0.695822
0.32589203, -1.91e-06
-0.00341423, 0.04626722, -0.0310518
-0.39066744, -0.50117499, -0.77208775
0.21842271, 0.42069793
-0.0065728, 0.12213565, -0.02573914
-0.94430369, 0.24585712, -0.21869564
0.62779278, 0.39203203
-0.00341423, 0.12213565, -0.0310518
-0.44404432, 0.36045411, -0.8202765
0.62779278, 0.42069799
-0.00581411, 0.12324955, -0.02637142
-0.56547749, 0.79174167, -0.23093356
0.63380313, 0.39544374
-0.00282292, 0.12324955, -0.0298926
-0.1741081, 0.90517896, -0.38767663
0.63380313, 0.41444319
-0.0065728, 0.04470791, -0.02573914
-0.77767265, -0.40763572, -0.47856075
0.21000902, 0.39203203
-0.0065728, 0.11809072, -0.01477153
-0.89440596, 0.0, 0.44718772
0.60596728, 0.3328532
-0.00214884, 0.03434156, -0.02639783
-0.56425673, -0.8222602, -0.07415998
0.72282916, 0.11372155
-0.00214884, 0.04314318, -0.02427352
-0.77452928, 0.59404278, -0.21710868
0.77032071, 0.125184
-0.00214884, 0.04087601, -0.03047668
-0.56718647, 0.2677694, -0.77880186
0.75808752, 0.09171301
-0.0, 0.12213565, -0.0310518
0.0, 0.39185765, -0.92001098
0.62779278, 0.43833423
-0.0, 0.04626722, -0.0310518
0.0, -0.59929198, -0.80050051
0.21842271, 0.43833423
-0.0, 0.04025059, -0.02257314
0.0, -0.71550643, -0.69859922
0.18595824, 0.40034634
-0.0065728, 0.04025059, -0.02257314
-0.6689657, -0.53181553, -0.51924193
0.18595824, 0.37494904
-0.0, 0.03498529, -0.01477153
0.0, -0.82888269, -0.55940425
0.15754777, 0.3567372
-0.0, 0.04470791, -0.02573914
0.0, -0.81423384, -0.58049256
0.21000902, 0.42098397
-0.00581411, 0.12324955, -0.01814903
-0.48768577, 0.84603411, 0.21527757
0.63380313, 0.64891648
-0.00581411, 0.12324955, -0.02637142
-0.56547749, 0.79174167, -0.23093356
0.63380313, 0.60455012
-0.00581411, 0.12324955, -0.01814903
-0.48768577, 0.84603411, 0.21527757
0.63380313, 0.35107738
-0.0, 0.12109214, -0.01477153
0.0, 0.4804529, 0.87701041
0.62216204, 0.32411194
-0.0, 0.12324955, -0.01814903
0.0, 0.95986813, 0.28040406
0.63380313, 0.33125991
-0.0065728, 0.12109214, -0.01477153
-0.61983091, 0.39494002, 0.67809075
0.62216204, 0.3328532
-0.00282292, 0.12324955, -0.0298926
-0.1741081, 0.90517896, -0.38767663
0.63380313, 0.58555067
-0.00341423, 0.04626722, -0.0310518
-0.54664755, -0.71590322, -0.4342784
0.843288, 0.1333937
-0.00341423, 0.04893873, -0.03330441
-0.62639242, 0.31516466, -0.71291238
0.85770291, 0.12123895
-0.00341423, 0.04763373, -0.03330441
-0.6115604, -0.38813439, -0.68941313
0.85066146, 0.12123895
-0.00106141, 0.11681425, -0.0310518
-0.64210945, -0.7417829, -0.19339579
0.91782361, 0.12748778
-0.00106141, 0.12169086, -0.03216565
-0.61055332, 0.49247718, -0.62019718
0.94413644, 0.12147766
-0.00106141, 0.11728015, -0.03283856
-0.58299506, -0.44669941, -0.67860955
0.92033726, 0.11784679
-0.00341423, 0.0509885, -0.0310518
-0.46827602, 0.65349287, -0.59465313
0.86876303, 0.1333937
-0.00214884, 0.03979726, -0.02143697
-0.73455, -0.45646533, 0.50202948
0.75226694, 0.1404894
-0.00106141, 0.12213565, -0.0310518
-0.60411388, 0.74004334, -0.29551074
0.9465366, 0.12748778
-0.00421565, 0.10690774, -0.01116353
-0.53959775, 0.82491529, -0.1681875
0.56432819, 0.70924783
-0.00421565, 0.0917965, -0.01116353
-0.54902798, -0.75887328, -0.35016939
0.48279098, 0.70924783
-0.00240828, 0.12324955, -0.02977724
-0.27002776, 0.70857877, -0.65190589
0.63380313, 0.4138208
-0.00410747, 0.12508908, -0.0256645
-0.42213202, 0.88949245, -0.17484054
0.64372903, 0.3916294
-0.00170137, 0.12508908, -0.02807061
-0.17484054, 0.88949245, -0.42213202
0.64372903, 0.40461212
-0.00410747, 0.12508908, -0.02226177
-0.42213202, 0.88949245, 0.17484054
0.64372903, 0.3732689
-0.00581411, 0.12324955, -0.02155485
-0.65190589, 0.70857877, 0.27002776
0.63380313, 0.36945456
-0.00170137, 0.12508908, -0.01985566
-0.17484054, 0.88949245, 0.42213202
0.64372903, 0.36028612
-0.0, 0.12324955, -0.01814903
0.0, 0.68010497, 0.7330851
0.63378853, 0.33703876
-0.0, 0.12508908, -0.01985566
0.0, 0.91653186, 0.39991456
0.64372903, 0.35029054
-0.00141573, 0.12508908, -0.027381
-0.22745445, 0.80416274, -0.54911953
0.64372903, 0.59910262
-0.0, 0.12324955, -0.02977724
0.0, 0.68010497, -0.7330851
0.63380313, 0.42507738
-0.0, 0.12508908, -0.02807061
0.0, 0.91653186, -0.39991456
0.64372903, 0.41382694
-0.0, 0.12508908, -0.02054527
0.0, 0.70708334, 0.70708334
0.64372903, 0.35487854
-0.00141573, 0.12619744, -0.02054527
-0.29709768, 0.63023776, 0.71727651
0.64970928, 0.36400712
-0.00141573, 0.12508908, -0.02054527
-0.22745445, 0.80416274, 0.54911953
0.64372903, 0.36400712
-0.00410747, 0.12508908, -0.0256645
-0.42213202, 0.88949245, -0.17484054
0.64372903, 0.60836446
-0.00341787, 0.12508908, -0.02254742
-0.54911953, 0.80416274, 0.22745445
0.64372903, 0.62518358
-0.00341787, 0.12508908, -0.02537885
-0.54911953, 0.80416274, -0.22745445
0.64372903, 0.60990572
-0.00170137, 0.12508908, -0.02807061
-0.17484054, 0.88949245, -0.42213202
0.64372903, 0.59538174
-0.00141573, 0.12508908, -0.02054527
-0.22745445, 0.80416274, 0.54911953
0.64372903, 0.63598669
-0.00170137, 0.12508908, -0.01985566
-0.17484054, 0.88949245, 0.42213202
0.64372903, 0.63970768
-0.00410747, 0.12508908, -0.02226177
-0.42213202, 0.88949245, 0.17484054
0.64372903, 0.62672496
-0.00341787, 0.12619744, -0.02537885
-0.71727651, 0.63023776, -0.29709768
0.67783356, 0.60991091
-0.0, 0.12619744, -0.027381
0.0, 0.70708334, -0.70708334
0.69627589, 0.59910774
-0.00341787, 0.12619744, -0.02254742
-0.71727651, 0.63023776, 0.29709768
0.64970928, 0.37481028
-0.00341787, 0.12508908, -0.02254742
-0.54911953, 0.80416274, 0.22745445
0.64372903, 0.37481022
-0.00341787, 0.12508908, -0.02537885
-0.54911953, 0.80416274, -0.22745445
0.64372903, 0.39008808
-0.00141573, 0.12619744, -0.027381
-0.29709768, 0.63026828, -0.717246
0.64970928, 0.40089124
-0.00141573, 0.12508908, -0.027381
-0.22745445, 0.80416274, -0.54911953
0.64372903, 0.40089124
-0.0, 0.12619744, -0.027381
0.0, 0.70708334, -0.70708334
0.64970928, 0.40571642
-0.0, 0.12508908, -0.027381
0.0, 0.70708334, -0.70708334
0.64372903, 0.40924335
-0.00341787, 0.12619744, -0.02537885
-0.71727651, 0.63023776, -0.29709768
0.64970928, 0.39008814
-0.0, 0.07674001, -0.01116353
0.0, 0.85985899, 0.51048309
0.41809797, 0.71816373
-0.0, 0.03498529, -0.01477153
0.0, -0.34672078, -0.93795586
0.12588507, 0.6671406
-0.0, 0.10690774, -0.01116353
0.0, 0.97982728, -0.19977416
0.57409388, 0.70924783
0.00421565, 0.06941219, -0.01116353
0.99996948, 0.0, 0.0
0.36201009, 0.70924783
-0.0, 0.05873181, 0.03061499
0.0, 0.96313363, -0.26895961
0.31289124, 0.95091701
-0.0, 0.12324955, -0.0298926
0.0, 0.92764062, -0.37345499
0.63380313, 0.57042861
-0.0, 0.12324955, -0.01814903
0.0, 0.95986813, 0.28040406
0.63380313, 0.66873395
-0.0, 0.03979726, -0.02143697
0.0, -0.67275, 0.73986024
0.74118608, 0.15044016
-0.0, 0.04626722, -0.0310518
0.0, -0.85497606, -0.51863158
0.83130908, 0.11269081
-0.0, 0.11681425, -0.0310518
0.0, -0.96761984, -0.25229651
0.91093785, 0.12433082
-0.0, 0.12619744, -0.02054527
0.0, 0.70708334, 0.70708334
0.64970928, 0.64131832
0.00141573, 0.12619744, -0.027381
0.29709768, 0.63023776, -0.71727651
0.70391506, 0.59910774
0.00141573, 0.12619744, -0.02054527
0.29709768, 0.63023776, 0.71727651
0.70391506, 0.63599187
-0.0, 0.07674001, -0.01116353
0.0, 0.85985899, 0.51048309
0.41809797, 0.28183007
-0.0, 0.03498529, -0.01477153
0.0, -0.34672078, -0.93795586
0.1258851, 0.3328532
-0.0, 0.10690774, -0.01116353
0.0, 0.97982728, -0.19977416
0.57409388, 0.29074597
-0.00421565, 0.06941219, -0.01116353
-0.99996948, 0.0, 0.0
0.36201009, 0.29074597
-0.0, 0.05873181, 0.03061499
0.0, 0.96313363, -0.26895961
0.31289124, 0.04907674
-0.0, 0.12324955, -0.0298926
0.0, 0.92764062, -0.37345499
0.63380313, 0.42956525
-0.00240828, 0.12324955, -0.01814903
-0.27002776, 0.70857877, 0.65190589
0.63380313, 0.35107738
-0.0, 0.12619744, -0.02054527
0.0, 0.70708334, 0.70708334
0.64970928, 0.35867548
-0.00141573, 0.12619744, -0.027381
-0.29709768, 0.63026828, -0.717246
0.68863672, 0.59910774
-0.00341787, 0.12619744, -0.02254742
-0.71727651, 0.63023776, 0.29709768
0.67783356, 0.62518877
-0.00141573, 0.12619744, -0.02054527
-0.29709768, 0.63023776, 0.71727651
0.68863672, 0.63599187
# Number of Faces:
294
# Face Data:
0, 1, 2
3, 4, 5
6, 7, 8
2, 9, 10
11, 12, 0
13, 0, 14
15, 16, 17
18, 1, 12
19, 20, 21
22, 23, 24
25, 2, 10
26, 27, 9
28, 29, 30
5, 31, 25
21, 15, 19
3, 14, 32
33, 34, 35
21, 34, 36
30, 37, 15
8, 38, 19
39, 40, 23
23, 41, 24
22, 42, 39
43, 44, 45
46, 47, 44
1, 48, 45
49, 50, 51
52, 53, 46
54, 46, 43
55, 45, 48
56, 48, 1
57, 43, 45
58, 59, 47
59, 60, 61
60, 62, 61
53, 58, 47
63, 64, 65
66, 67, 68
44, 47, 59
61, 44, 59
63, 69, 70
51, 71, 49
65, 72, 63
66, 73, 74
68, 75, 66
64, 76, 65
67, 77, 68
78, 79, 50
49, 80, 78
35, 28, 33
81, 82, 83
84, 47, 81
85, 86, 84
85, 87, 88
89, 90, 83
83, 91, 89
92, 93, 94
81, 95, 84
90, 81, 83
94, 96, 85
84, 94, 85
97, 98, 99
100, 94, 95
101, 102, 90
103, 90, 104
105, 95, 102
106, 107, 108
109, 110, 111
112, 113, 114
115, 106, 116
117, 118, 108
108, 119, 120
121, 122, 123
107, 124, 117
125, 126, 127
128, 129, 130
106, 131, 116
132, 133, 115
134, 135, 136
137, 111, 131
123, 122, 126
120, 110, 138
139, 140, 141
142, 127, 140
143, 136, 122
144, 114, 126
145, 146, 128
147, 128, 130
148, 129, 146
149, 150, 151
151, 152, 153
154, 107, 155
156, 157, 158
153, 159, 151
151, 160, 149
154, 161, 162
162, 163, 107
149, 164, 154
165, 58, 166
167, 168, 169
155, 168, 170
58, 171, 166
172, 173, 174
175, 176, 177
150, 167, 152
170, 167, 150
69, 173, 178
71, 179, 156
72, 174, 173
73, 176, 180
75, 177, 176
76, 172, 174
77, 175, 177
79, 158, 157
80, 156, 158
181, 35, 182
183, 184, 185
152, 186, 184
187, 188, 186
188, 189, 190
89, 191, 104
192, 185, 193
194, 195, 196
197, 198, 199
197, 191, 200
96, 201, 202
203, 201, 198
204, 97, 205
196, 206, 207
208, 209, 210
210, 211, 212
207, 213, 208
31, 4, 32
31, 32, 14
62, 26, 2
2, 31, 14
0, 12, 1
2, 14, 0
1, 62, 2
3, 32, 4
6, 214, 7
2, 26, 9
11, 18, 12
13, 11, 0
15, 37, 16
18, 215, 1
19, 38, 20
22, 39, 23
25, 31, 2
26, 62, 27
28, 216, 29
5, 4, 31
17, 217, 8
217, 6, 8
33, 28, 30
36, 33, 30
17, 8, 19
21, 36, 15
17, 19, 15
36, 30, 15
3, 13, 14
33, 36, 34
21, 20, 34
30, 29, 37
8, 7, 38
39, 42, 40
23, 40, 41
22, 218, 42
43, 46, 44
46, 53, 47
45, 44, 62
62, 1, 45
44, 61, 62
49, 78, 50
52, 219, 53
54, 52, 46
55, 57, 45
56, 55, 48
57, 54, 43
58, 220, 59
59, 220, 60
60, 27, 62
53, 219, 58
63, 70, 64
66, 74, 67
63, 72, 69
51, 221, 71
65, 76, 72
66, 75, 73
68, 77, 75
64, 222, 76
67, 223, 77
78, 80, 79
49, 71, 80
35, 216, 28
81, 47, 82
84, 86, 47
85, 88, 86
85, 96, 87
89, 104, 90
83, 82, 91
92, 224, 93
81, 102, 95
90, 102, 81
94, 93, 96
84, 95, 94
99, 225, 205
205, 97, 99
226, 98, 97
100, 92, 94
101, 105, 102
103, 101, 90
105, 100, 95
138, 109, 137
106, 133, 155
138, 137, 120
120, 137, 106
106, 155, 107
107, 117, 108
108, 120, 106
109, 138, 110
112, 227, 113
115, 133, 106
117, 124, 118
108, 118, 119
121, 143, 122
107, 228, 124
125, 144, 126
128, 146, 129
106, 137, 131
132, 155, 133
134, 229, 135
137, 109, 111
113, 230, 114
136, 135, 141
136, 141, 140
114, 230, 123
126, 114, 123
122, 136, 140
127, 126, 122
122, 140, 127
120, 119, 110
139, 142, 140
142, 125, 127
143, 134, 136
144, 112, 114
145, 148, 146
147, 145, 128
148, 231, 129
149, 154, 150
151, 150, 152
170, 150, 155
154, 162, 107
155, 150, 154
156, 179, 157
153, 232, 159
151, 159, 160
154, 164, 161
162, 161, 163
149, 160, 164
165, 220, 58
167, 170, 168
155, 132, 168
58, 219, 171
172, 178, 173
175, 180, 176
69, 72, 173
71, 221, 179
72, 76, 174
73, 75, 176
75, 77, 177
76, 222, 172
77, 223, 175
79, 80, 158
80, 71, 156
181, 216, 35
183, 152, 184
152, 187, 186
187, 233, 188
188, 233, 189
89, 200, 191
192, 183, 185
194, 234, 195
197, 203, 198
197, 199, 191
96, 93, 201
203, 202, 201
205, 235, 204
204, 236, 97
237, 97, 236
196, 195, 206
208, 213, 209
210, 209, 211
207, 206, 213
