# Project Zomboid Skinned Mesh
# File Version:
1.0
# Model Name:
Cube
# Vertex Stride Element Count:
3
# Vertex Stride Size (in bytes):
76
# Vertex Stride Data:
# (Int)    Offset
# (String) Type
0
VertexArray
12
NormalArray
24
TextureCoordArray
# Vertex Count:
325
# Vertex Buffer:
0.01417875, 0.17753726, -0.0275478
0.72893459, 0.64601582, -0.22644734
0.58698773, 0.74707767
0.0062642, 0.17753726, -0.03905644
0.36674094, 0.61580247, -0.69731742
0.58698773, 0.72583723
0.0, 0.17753726, -0.03905644
0.0, 0.70708334, -0.70708334
0.58698773, 0.71131659
0.01417875, 0.03239639, 0.00736219
0.70708334, 0.0, 0.70708334
0.29011536, 0.81150798
0.01417875, 0.05098799, -0.0275478
0.95495468, 0.0, -0.29667044
0.3244282, 0.74707767
0.01417875, 0.05098799, 0.00736219
0.81133455, -0.21524705, 0.54344308
0.3244282, 0.81150798
0.0, 0.03239639, 0.00736219
0.0, -0.50611895, 0.8624531
0.29011536, 0.83767651
0.0, 0.05098799, 0.00736219
0.0, -0.41883603, 0.90804774
0.3244282, 0.83767651
0.0062642, 0.03239639, -0.03905644
0.32248908, -0.49784845, -0.80504775
0.29011536, 0.72583723
0.0, 0.05098799, -0.03905644
0.0, 0.0, -1.0
0.3244282, 0.71342033
0.0062642, 0.05098799, -0.03905644
0.46546832, 0.0, -0.88503677
0.3244282, 0.72583723
0.0062642, 0.17138276, -0.03905644
0.46546832, 0.0, -0.88503677
0.575629, 0.72583723
0.0062642, 0.05098799, -0.03905644
0.46546832, 0.0, -0.88503677
0.35342678, 0.72583723
0.0, 0.17138276, -0.03905644
0.0, 0.0, -1.0
0.575629, 0.71131659
0.0, 0.17138276, 0.00736219
0.0, 0.97048861, 0.24100468
0.575629, 0.81150798
0.01417875, 0.17753726, -0.00426444
0.65663624, 0.73192543, 0.18176824
0.58698773, 0.79004982
0.0, 0.17753726, -0.00426444
0.0, 0.97048861, 0.24100468
0.58698773, 0.79004982
0.01038857, 0.06472847, 0.0234633
0.53416544, -0.32227546, 0.78151798
0.37878644, 0.8412244
0.0, 0.05098799, 0.00736219
0.0, -0.41883603, 0.90804774
0.35342678, 0.83682191
0.01417875, 0.05098799, 0.00736219
0.81133455, -0.21524705, 0.54344308
0.35342678, 0.811508
0.01417875, 0.17138276, -0.0275478
0.95495468, 0.0, -0.29667044
0.57562888, 0.74707773
0.01417875, 0.17138276, 0.00736219
0.77343059, 0.58824426, 0.23606066
0.575629, 0.81150798
0.01248686, 0.17138276, 0.01454953
0.53495896, 0.65846735, 0.52931303
0.575629, 0.8247731
0.01038857, 0.1460861, 0.0234633
0.58143866, 0.11713004, 0.80510879
0.52894115, 0.8412244
0.01047938, 0.17753726, -0.0275478
0.65315711, 0.02020325, -0.7569201
0.16136414, 0.55833647
0.01083251, 0.28556088, -0.00548407
0.7116611, 0.69997251, -0.05932798
0.36073393, 0.59905764
0.01417875, 0.17753726, -0.00548407
0.90124208, -0.42677084, -0.07489242
0.16136414, 0.59905764
0.0, 0.17138276, 0.01454953
0.0, 0.81618702, 0.57777643
0.575629, 0.84647694
0.0, 0.06472847, 0.0234633
0.0, -0.41883603, 0.90804774
0.37878644, 0.86260426
0.0, 0.1460861, 0.0234633
0.0, 0.16855372, 0.98568684
0.52894115, 0.86260426
0.01417875, 0.05098799, -0.0275478
0.95495468, 0.0, -0.29667044
0.35342678, 0.74707767
0.01417875, 0.03239639, -0.0275478
0.95495468, 0.0, -0.29667044
0.29011536, 0.74707767
0.00713314, 0.29836485, -0.03282305
0.71727651, 0.63023776, -0.29709768
0.3843649, 0.49932486
0.00295464, 0.17753726, -0.03700151
0.38267159, 0.0, -0.92385632
0.16136414, 0.49161291
0.00295464, 0.29836485, -0.03700151
0.29709768, 0.63023776, -0.71727651
0.38436502, 0.49161291
0.00713314, 0.29836485, -0.02691372
0.71727651, 0.63023776, 0.29709768
0.3843649, 0.51023108
0.00713314, 0.17753726, -0.03282305
0.92385632, 0.0, -0.38267159
0.16136414, 0.49932486
0.00295464, 0.29836485, -0.02273523
0.29709768, 0.63023776, 0.71727651
0.38436502, 0.51794291
0.00713314, 0.17753726, -0.02691372
0.92385632, 0.0, 0.38267159
0.16136414, 0.51023108
0.0, 0.17753726, -0.03700151
0.0, 0.0, -1.0
0.16136414, 0.4861598
0.0, 0.29836485, -0.03700151
0.0, 0.70708334, -0.70708334
0.38436502, 0.4861598
0.0, 0.29836485, -0.02273523
0.0, 0.70708334, 0.70708334
0.46304017, 0.5218412
0.00713314, 0.29836485, -0.02691372
0.71727651, 0.63023776, 0.29709768
0.47620517, 0.51412931
0.00713314, 0.29836485, -0.03282305
0.71727651, 0.63023776, -0.29709768
0.47620517, 0.50322309
0.0, 0.29836485, -0.02273523
0.0, 0.70708334, 0.70708334
0.38436502, 0.52339607
0.00295464, 0.17753726, -0.02273523
0.38267159, 0.0, 0.92385632
0.16136414, 0.51794291
0.00576724, 0.32042393, -0.01499348
0.71727651, 0.63023776, -0.29709768
0.4250775, 0.53623405
0.00238887, 0.28541693, -0.0183719
0.38267159, 0.0, -0.92385632
0.36046821, 0.52999893
0.00238887, 0.32042393, -0.0183719
0.29709768, 0.63023776, -0.71727651
0.4250775, 0.52999893
0.00576725, 0.32042393, -0.01021575
0.71727651, 0.63023776, 0.29709768
0.4250775, 0.5450519
0.00576725, 0.28541693, -0.01499348
0.92385632, 0.0, -0.38267159
0.36046821, 0.53623405
0.00238887, 0.28541693, -0.00683742
0.38267159, 0.0, 0.92385632
0.36046821, 0.55128703
0.00576724, 0.28541693, -0.01021575
0.92385632, 0.0, 0.38267159
0.36046821, 0.5450519
0.0, 0.28541693, -0.0183719
0.0, 0.0, -1.0
0.36046821, 0.52558997
0.0, 0.32042393, -0.0183719
0.0, 0.70708334, -0.70708334
0.4250775, 0.52558991
0.0, 0.32042393, -0.00683742
0.0, 0.70708334, 0.70708334
0.46304017, 0.55118254
0.00576725, 0.32042393, -0.01021575
0.71727651, 0.63023776, 0.29709768
0.47368425, 0.54494736
0.00576724, 0.32042393, -0.01499348
0.71727651, 0.63023776, -0.29709768
0.47368425, 0.5361295
0.0, 0.32042393, -0.00683742
0.0, 0.70708334, 0.70708334
0.4250775, 0.55569604
0.00238887, 0.32042393, -0.00683742
0.29709768, 0.63026828, 0.717246
0.4250775, 0.55128703
0.01038852, 0.12175086, 0.04668821
0.60420543, 0.42619097, 0.67323834
0.48402759, 0.90871063
0.0, 0.13274267, 0.02346327
0.0, 0.90386671, 0.42777795
0.50431442, 0.87905454
0.0, 0.12175086, 0.04668821
0.0, 0.53486741, 0.84490496
0.48402759, 0.92265395
0.01083251, 0.28556088, -0.00256821
0.57399213, 0.61757255, 0.53767508
0.36073381, 0.60443905
0.01038852, 0.06573108, 0.08452755
0.57817316, 0.26590776, 0.77132481
0.3806369, 0.97854742
0.0, 0.03296515, 0.06888446
0.0, -0.96441543, 0.2642903
0.29141489, 0.94967633
0.01038852, 0.03296515, 0.06888446
0.57008576, -0.79235208, 0.21710868
0.3201637, 0.94967633
0.01038856, 0.08643901, 0.04138071
0.94747764, 0.26709801, -0.17584765
0.41885564, 0.89891502
0.01038857, 0.11886115, 0.04138071
0.84594256, -0.27942747, -0.45414594
0.47869441, 0.89891507
0.01038852, 0.08454508, 0.04668821
0.84676659, 0.28015992, 0.45219275
0.41536018, 0.90871063
0.00871029, 0.15575793, 0.05439491
0.69408244, -0.68062377, 0.23441267
0.86663294, 0.85584085
0.0, 0.14701316, 0.02313662
0.0, -0.96301156, 0.26938689
0.83461261, 0.80261186
0.00871036, 0.14701316, 0.02313662
0.72148806, -0.66679889, 0.18652913
0.85049355, 0.79815011
0.0, 0.08643901, 0.04138071
0.0, 0.83520007, -0.54991305
0.43507567, 0.88976387
0.0, 0.11886115, 0.04138071
0.0, -0.52400279, -0.85168004
0.47096285, 0.88688327
0.0, 0.20684454, 0.10424845
0.0, 0.9764092, 0.2158269
0.98325711, 0.95802479
0.0087103, 0.18764305, 0.11675586
0.57628101, -0.17691579, 0.79784536
0.92548043, 0.97093491
0.00871029, 0.20684454, 0.10424845
0.57835627, 0.79653311, 0.17606129
0.96091908, 0.94785111
0.0, 0.06573108, 0.08452755
0.0, 0.32590717, 0.94537187
0.38677791, 0.99999849
0.0, 0.1279102, 0.02346327
0.0, -0.89260536, -0.45078892
0.48357925, 0.86584644
0.01038857, 0.1279102, 0.02346327
0.79210794, -0.54481643, -0.27515489
0.49539539, 0.86584644
0.00871029, 0.18852383, 0.07491767
0.72624898, 0.61119419, -0.31458479
0.92710602, 0.89371783
0.00871029, 0.17689723, 0.04682001
0.72414321, 0.65498823, -0.21573535
0.90564787, 0.84186047
0.0, 0.08454508, 0.04668821
0.0, 0.52665794, 0.85003203
0.4220176, 0.92265395
0.0, 0.0634058, 0.02346327
0.0, -0.83068329, -0.55671865
0.35189453, 0.86584644
0.01038857, 0.0634058, 0.02346327
0.80889308, -0.4883877, -0.32728049
0.37634525, 0.86584644
0.0, 0.09414606, 0.02346327
0.0, 0.91860712, 0.39512315
0.44344458, 0.87030388
0.0, 0.16906488, 0.01536629
0.0, 0.97036654, -0.24161504
0.90602398, 0.7800702
0.00871036, 0.16906488, 0.01536629
0.68477434, 0.70714438, -0.17606129
0.8911925, 0.78380911
0.0, 0.18852383, 0.07491767
0.0, 0.88912624, -0.45762506
0.94476414, 0.88442142
0.0, 0.17689723, 0.04682001
0.0, 0.94979703, -0.31284523
0.92032427, 0.83625831
0.0, 0.18764305, 0.11675586
0.0, -0.2164983, 0.97625661
0.91935444, 0.99403272
0.0087103, 0.16932225, 0.08733696
0.68886381, -0.64500868, 0.3307291
0.89166754, 0.9166391
0.0, 0.16932225, 0.08733696
0.0, -0.88982821, 0.45625171
0.87515205, 0.92500923
0.00526036, 0.29596224, -0.05616313
0.57734919, 0.57734919, -0.57734919
0.37993079, 0.36543709
0.00526036, 0.28556088, -0.01499348
0.70708334, -0.70708334, 0.0
0.36073381, 0.44142026
0.00526036, 0.28556088, -0.05616313
0.57734919, -0.57734919, -0.57734919
0.36073381, 0.36543709
0.0, 0.29596224, -0.05616313
0.0, 0.70708334, -0.70708334
0.39099675, 0.36543709
0.00526036, 0.29596224, -0.01499348
0.70708334, 0.70708334, 0.0
0.37993079, 0.44142026
0.0, 0.28556088, -0.01499348
0.0, -0.99996948, 0.0
0.34987348, 0.44133705
0.0, 0.28556088, -0.05616313
0.0, -0.70708334, -0.70708334
0.36073381, 0.35454184
0.00713314, 0.28556088, -0.0275478
0.51362652, 0.59395123, -0.61915952
0.36073381, 0.55833647
0.0, 0.28556088, -0.00548407
0.0, 1.0, 0.0
0.36073393, 0.59905764
0.0, 0.17753726, 0.01113007
0.0, -0.66112244, 0.75026703
0.16136414, 0.66217384
0.01417875, 0.17753726, 0.01113007
0.58018738, -0.53529465, 0.61384928
0.16136414, 0.62972084
0.0, 0.17753726, -0.0275478
0.0, 0.0, -1.0
0.16136414, 0.53289309
0.01417877, 0.0279613, -0.0275478
0.71584213, -0.57637256, -0.39408553
0.28192985, 0.74707767
0.0, 0.02510825, -0.02014454
0.0, -0.98312324, -0.1828669
0.27666432, 0.7413311
0.01417877, 0.02510825, -0.02014454
0.85891294, -0.28977326, -0.42222357
0.27666432, 0.76074131
0.01417878, -0.08523891, -0.00568527
0.84527117, 0.27881712, 0.45576343
0.0730062, 0.78742751
0.01417877, -0.08270223, -0.02902304
0.60808128, 0.40589619, -0.68221074
0.07768793, 0.74435496
0.01417878, -0.07788244, -0.02014454
0.84206671, 0.27576524, -0.46351513
0.08658336, 0.76074131
0.0, 0.0279613, -0.0275478
0.0, -0.93310344, -0.35956907
0.28192985, 0.72971267
0.0, 0.03239639, -0.03905644
0.0, -0.5658437, -0.82448804
0.29011536, 0.71342033
0.0, 0.02510825, -0.00568524
0.0, -0.96771139, 0.25196081
0.27666432, 0.80018897
0.0, 0.03239639, 0.00736219
0.0, -0.50611895, 0.8624531
0.29011536, 0.824167
0.0, -0.08523891, -0.00568527
0.0, 0.89080477, 0.45435956
0.07300621, 0.81801268
0.01417875, -0.11111341, 0.04491507
0.53965878, -0.22360912, 0.81160927
0.02525188, 0.88081608
0.0, -0.10629916, -0.02902304
0.0, -0.68373668, -0.72969759
0.03413719, 0.71213692
0.01417877, -0.10629916, -0.02902304
0.58082825, -0.55656606, -0.59398174
0.03413719, 0.74435496
0.0, -0.11111341, 0.04491507
0.0, -0.26560259, 0.96404922
0.01492651, 0.94531605
0.0, -0.07788244, -0.02014454
0.0, 0.99990845, -0.01333659
0.08658336, 0.7286756
0.00728984, 0.02510825, -0.00568524
-0.57734919, -0.57734919, 0.57734919
0.27666432, 0.80014162
0.01417877, 0.02510825, -0.00568524
0.84047973, -0.27420881, 0.4672994
0.27666432, 0.78742751
0.00728984, -0.07788244, -0.02014454
-0.77913755, 0.53434861, -0.32764673
0.08658336, 0.74802724
0.00728984, 0.02510825, -0.00568524
-0.57734919, -0.57734919, 0.57734919
0.27666429, 0.73520958
0.00728984, 0.02510825, -0.02014454
-0.57734919, -0.57734919, -0.57734919
0.27666432, 0.748027
0.00728984, -0.07788244, -0.02014454
-0.77913755, 0.53434861, -0.32764673
0.12226705, 0.80873486
0.0, -0.08523891, -0.00568527
0.0, 0.89080477, 0.45435956
0.13537315, 0.83790162
0.00728984, -0.08523891, -0.00568527
-0.37995544, 0.48353526, 0.78853726
0.12226705, 0.83790162
0.00728984, 0.02510825, -0.00568524
-0.57734919, -0.57734919, 0.57734919
0.25356081, 0.84490655
0.0, 0.02510825, -0.02014454
0.0, -0.98312324, -0.1828669
0.24045473, 0.81891082
0.00728984, 0.02510825, -0.02014454
-0.57734919, -0.57734919, -0.57734919
0.25356081, 0.81891082
0.0, 0.08188584, -0.0459398
0.0, 0.97555465, -0.21964172
0.42364892, 0.69526243
0.0062642, 0.07695338, -0.03905644
0.81289101, 0.47337261, 0.33921322
0.40134886, 0.70796639
0.00626421, 0.08188584, -0.0459398
0.57148963, 0.80053103, -0.18024231
0.41045234, 0.69526243
0.00626421, 0.05810413, -0.04931998
0.57734919, -0.57734919, -0.57734919
0.36656049, 0.68902385
0.0, 0.06852564, -0.04931998
0.0, -0.47886592, -0.8778649
0.38579455, 0.68173289
0.00626422, 0.06852564, -0.04931998
0.83223975, -0.26548052, -0.48664814
0.38579455, 0.68902385
0.0062642, 0.05810413, -0.03905644
0.70708334, -0.70708334, 0.0
0.36656049, 0.70796639
0.0, 0.0704354, -0.05228626
0.0, -0.24384288, -0.9697867
0.38931927, 0.67370448
0.00626421, 0.0704354, -0.05228626
0.58088928, -0.19846186, -0.78939176
0.38931927, 0.68354923
0.0, 0.05810413, -0.04931998
0.0, -0.70708334, -0.70708334
0.36656049, 0.68173289
0.0, 0.05810413, -0.03905644
0.0, -1.0, 0.0
0.35210475, 0.70796639
-0.01417875, 0.17753726, -0.0275478
-0.72893459, 0.64601582, -0.22644734
0.58698773, 0.74707767
-0.01417875, 0.05098799, -0.0275478
-0.95495468, 0.0, -0.29667044
0.3244282, 0.25292468
-0.01417875, 0.03239639, 0.00736219
-0.70708334, 0.0, 0.70708334
0.29011536, 0.18849444
-0.01417875, 0.05098799, 0.00736219
-0.81133455, -0.21524705, 0.54344308
0.3244282, 0.18849444
0.0, 0.03239639, 0.00736219
0.0, -0.50611895, 0.8624531
0.29011536, 0.16232586
0.0, 0.05098799, 0.00736219
0.0, -0.41883603, 0.90804774
0.3244282, 0.16232586
0.0, 0.05098799, -0.03905644
0.0, 0.0, -1.0
0.3244282, 0.28658211
-0.0062642, 0.03239639, -0.03905644
-0.32248908, -0.49784845, -0.80504775
0.29011536, 0.27416515
-0.0062642, 0.05098799, -0.03905644
-0.46546832, 0.0, -0.88503677
0.3244282, 0.27416515
0.0, 0.17753726, -0.03905644
0.0, 0.70708334, -0.70708334
0.58698773, 0.2886858
-0.0062642, 0.17138276, -0.03905644
-0.46546832, 0.0, -0.88503677
0.575629, 0.27416515
-0.0062642, 0.17753726, -0.03905644
-0.36674094, 0.61580247, -0.69731742
0.58698773, 0.27416515
0.0, 0.17138276, -0.03905644
0.0, 0.0, -1.0
0.575629, 0.2886858
-0.0062642, 0.05098799, -0.03905644
-0.46546832, 0.0, -0.88503677
0.35342678, 0.27416515
-0.01417875, 0.17753726, -0.00426444
-0.65663624, 0.73192543, 0.18176824
0.58698773, 0.79004982
0.0, 0.05098799, 0.00736219
0.0, -0.41883603, 0.90804774
0.35342678, 0.16318047
-0.01038857, 0.06472847, 0.0234633
-0.53416544, -0.32227546, 0.78151798
0.37878644, 0.15877807
-0.01417875, 0.05098799, 0.00736219
-0.81133455, -0.21524705, 0.54344308
0.35342678, 0.18849444
-0.01417875, 0.17753726, -0.00426444
-0.65663624, 0.73192543, 0.18176824
0.58698773, 0.20995259
-0.01417875, 0.17138276, -0.0275478
-0.95495468, 0.0, -0.29667044
0.57562888, 0.25292468
-0.01417875, 0.17138276, 0.00736219
-0.77343059, 0.58824426, 0.23606066
0.575629, 0.18849444
-0.01248686, 0.17138276, 0.01454953
-0.53495896, 0.65846735, 0.52931303
0.575629, 0.17522931
-0.01038857, 0.1460861, 0.0234633
-0.58143866, 0.11713004, 0.80510879
0.52894115, 0.15877807
-0.01047938, 0.17753726, -0.0275478
-0.65315711, 0.02020325, -0.7569201
0.16136414, 0.55833647
-0.01083251, 0.28556088, -0.00548407
-0.7116611, 0.69997251, -0.05932798
0.36073393, 0.59905764
-0.00713314, 0.28556088, -0.0275478
-0.51362652, 0.59395123, -0.61915952
0.36073381, 0.55833647
-0.01248686, 0.17138276, 0.01454953
-0.53495896, 0.65846735, 0.52931303
0.575629, 0.8247731
0.0, 0.17138276, 0.01454953
0.0, 0.81618702, 0.57777643
0.575629, 0.15352547
0.0, 0.1460861, 0.0234633
0.0, 0.16855372, 0.98568684
0.52894115, 0.13739812
0.0, 0.06472847, 0.0234633
0.0, -0.41883603, 0.90804774
0.37878644, 0.13739812
-0.01417875, 0.05098799, -0.0275478
-0.95495468, 0.0, -0.29667044
0.35342678, 0.25292468
-0.01417875, 0.03239639, -0.0275478
-0.95495468, 0.0, -0.29667044
0.29011536, 0.25292468
-0.01417875, 0.17753726, -0.0275478
-0.72893459, 0.64601582, -0.22644734
0.58698773, 0.25292468
-0.00295464, 0.17753726, -0.03700151
-0.38267159, 0.0, -0.92385632
0.16136414, 0.47541022
-0.00713314, 0.29836485, -0.03282305
-0.71727651, 0.63023776, -0.29709768
0.3843649, 0.46769822
-0.00295464, 0.29836485, -0.03700151
-0.29709768, 0.63023776, -0.71727651
0.38436502, 0.47541022
-0.00713314, 0.17753726, -0.03282305
-0.92385632, 0.0, -0.38267159
0.16136414, 0.46769822
-0.00713314, 0.29836485, -0.02691372
-0.71727651, 0.63023776, 0.29709768
0.3843649, 0.456792
-0.00713314, 0.17753726, -0.02691372
-0.92385632, 0.0, 0.38267159
0.16136414, 0.456792
-0.00295464, 0.29836485, -0.02273523
-0.29709768, 0.63023776, 0.71727651
0.38436502, 0.44908023
0.0, 0.17753726, -0.03700151
0.0, 0.0, -1.0
0.16136414, 0.48086333
0.0, 0.29836485, -0.03700151
0.0, 0.70708334, -0.70708334
0.38436502, 0.48086333
-0.00713314, 0.29836485, -0.03282305
-0.71727651, 0.63023776, -0.29709768
0.44987518, 0.50322309
0.0, 0.29836485, -0.03700151
0.0, 0.70708334, -0.70708334
0.46304017, 0.49551117
-0.00295464, 0.17753726, -0.02273523
-0.38267159, 0.0, 0.92385632
0.16136414, 0.44908023
0.0, 0.29836485, -0.02273523
0.0, 0.70708334, 0.70708334
0.38436502, 0.443627
-0.00238887, 0.28541693, -0.0183719
-0.38267159, 0.0, -0.92385632
0.36046821, 0.52999893
-0.00576724, 0.32042393, -0.01499348
-0.71727651, 0.63023776, -0.29709768
0.4250775, 0.53623405
-0.00238887, 0.32042393, -0.0183719
-0.29709768, 0.63023776, -0.71727651
0.4250775, 0.52999893
-0.00576725, 0.28541693, -0.01499348
-0.92385632, 0.0, -0.38267159
0.36046821, 0.53623405
-0.00576725, 0.32042393, -0.01021575
-0.71727651, 0.63023776, 0.29709768
0.4250775, 0.5450519
-0.00238887, 0.28541693, -0.00683742
-0.38267159, 0.0, 0.92385632
0.36046821, 0.55128703
-0.00238887, 0.32042393, -0.00683742
-0.29709768, 0.63026828, 0.717246
0.4250775, 0.55128703
-0.00576724, 0.32042393, -0.01499348
-0.71727651, 0.63023776, -0.29709768
0.45239609, 0.5361295
0.0, 0.32042393, -0.0183719
0.0, 0.70708334, -0.70708334
0.46304017, 0.52989438
-0.01038852, 0.12175086, 0.04668821
-0.60420543, 0.42619097, 0.67323834
0.48402759, 0.09129179
0.0, 0.13274267, 0.02346327
0.0, 0.90386671, 0.42777795
0.50431442, 0.12094784
-0.01038857, 0.13274267, 0.02346327
-0.58354443, 0.73400068, 0.3473922
0.50431442, 0.13415599
-0.01417875, 0.17753726, -0.00548407
-0.90124208, -0.42677084, -0.07489242
0.16136414, 0.59905764
-0.01083251, 0.28556088, -0.00256821
-0.57399213, 0.61757255, 0.53767508
0.36073381, 0.60443905
0.0, 0.03296515, 0.06888446
0.0, -0.96441543, 0.2642903
0.29141489, 0.05032611
-0.01038852, 0.06573108, 0.08452755
-0.57817316, 0.26590776, 0.77132481
0.3806369, 0.02145505
-0.01038852, 0.03296515, 0.06888446
-0.57008576, -0.79235208, 0.21710868
0.3201637, 0.05032611
-0.01038852, 0.08454508, 0.04668821
-0.84676659, 0.28015992, 0.45219275
0.41536018, 0.09129179
-0.01038857, 0.0634058, 0.02346327
-0.80889308, -0.4883877, -0.32728049
0.37634525, 0.13415599
-0.00871029, 0.15575793, 0.05439491
-0.69408244, -0.68062377, 0.23441267
0.86663294, 0.85584085
0.0, 0.15575793, 0.05439491
0.0, -0.94546342, 0.32563248
0.8511886, 0.86099856
-0.01038857, 0.11886115, 0.04138071
-0.84594256, -0.27942747, -0.45414594
0.47869441, 0.10108733
0.0, 0.08643901, 0.04138071
0.0, 0.83520007, -0.54991305
0.43507567, 0.11023855
-0.01038856, 0.08643901, 0.04138071
-0.94747764, 0.26709801, -0.17584765
0.41885564, 0.10108745
-0.0087103, 0.18764305, 0.11675586
-0.57628101, -0.17691579, 0.79784536
0.92548043, 0.97093491
-0.00871029, 0.20684454, 0.10424845
-0.57835627, 0.79653311, 0.17606129
0.96091908, 0.94785111
0.0, 0.06573108, 0.08452755
0.0, 0.32590717, 0.94537187
0.38677791, 3.93e-06
0.0, 0.1279102, 0.02346327
0.0, -0.89260536, -0.45078892
0.48357925, 0.13415599
-0.01038857, 0.1279102, 0.02346327
-0.79210794, -0.54481643, -0.27515489
0.49539539, 0.13415599
-0.0087103, 0.16932225, 0.08733696
-0.68886381, -0.64500868, 0.3307291
0.89166754, 0.9166391
-0.00871029, 0.18852383, 0.07491767
-0.72624898, 0.61119419, -0.31458479
0.92710602, 0.89371783
0.0, 0.08454508, 0.04668821
0.0, 0.52665794, 0.85003203
0.4220176, 0.07734847
0.0, 0.0634058, 0.02346327
0.0, -0.83068329, -0.55671865
0.35189453, 0.13415599
0.0, 0.09414606, 0.02346327
0.0, 0.91860712, 0.39512315
0.44344458, 0.12969851
-0.01038857, 0.09414606, 0.02346327
-0.5955382, 0.73790705, 0.3173925
0.43307981, 0.13415599
-0.00871029, 0.17689723, 0.04682001
-0.72414321, 0.65498823, -0.21573535
0.90564787, 0.84186047
-0.00871036, 0.16906488, 0.01536629
-0.68477434, 0.70714438, -0.17606129
0.8911925, 0.78380911
-0.00526036, 0.28556088, -0.01499348
-0.70708334, -0.70708334, 0.0
0.36073381, 0.44142026
-0.00526036, 0.29596224, -0.05616313
-0.57734919, 0.57734919, -0.57734919
0.37993079, 0.36543709
-0.00526036, 0.28556088, -0.05616313
-0.57734919, -0.57734919, -0.57734919
0.36073381, 0.36543709
-0.00526036, 0.29596224, -0.01499348
-0.70708334, 0.70708334, 0.0
0.37993079, 0.44142026
0.0, 0.28556088, -0.0275478
0.0, 0.70708334, -0.70708334
0.36073381, 0.54483286
-0.01417875, 0.17753726, 0.01113007
-0.58018738, -0.53529465, 0.61384928
0.16136414, 0.62972084
0.0, 0.28556088, -0.00256821
0.0, 0.75023651, 0.66112244
0.36073381, 0.62046745
-0.01417877, 0.0279613, -0.0275478
-0.71584213, -0.57637256, -0.39408553
0.28192985, 0.25292468
0.0, 0.02510825, -0.02014454
0.0, -0.98312324, -0.1828669
0.27666432, 0.25867128
-0.01417877, 0.02510825, -0.02014454
-0.85891294, -0.28977326, -0.42222357
0.27666432, 0.23926115
-0.01417877, -0.08270223, -0.02902304
-0.60808128, 0.40589619, -0.68221074
0.07768795, 0.25564742
-0.01417877, -0.10629916, -0.02902304
-0.58082825, -0.55656606, -0.59398174
0.03413719, 0.25564742
-0.01417878, -0.08523891, -0.00568527
-0.84527117, 0.27881712, 0.45576343
0.07300618, 0.21257496
0.0, 0.0279613, -0.0275478
0.0, -0.93310344, -0.35956907
0.28192985, 0.27028978
0.0, 0.03239639, -0.03905644
0.0, -0.5658437, -0.82448804
0.29011536, 0.28658211
0.0, 0.02510825, -0.00568524
0.0, -0.96771139, 0.25196081
0.27666432, 0.19981349
-0.01417877, 0.02510825, -0.00568524
-0.84047973, -0.27420881, 0.4672994
0.27666432, 0.21257496
-0.01417875, -0.11111341, 0.04491507
-0.53965878, -0.22360912, 0.81160927
0.0252519, 0.1191864
0.0, -0.08523891, -0.00568527
0.0, 0.89080477, 0.45435956
0.07300621, 0.18198979
0.0, -0.10629916, -0.02902304
0.0, -0.68373668, -0.72969759
0.03413719, 0.28786552
0.0, -0.11111341, 0.04491507
0.0, -0.26560259, 0.96404922
0.01492652, 0.05468643
0.0, -0.07788244, -0.02014454
0.0, 0.99990845, -0.01333659
0.08658335, 0.27132678
0.0, -0.08270223, -0.02902304
0.0, 0.51130712, -0.85937071
0.07768795, 0.28786552
-0.00728984, 0.02510825, -0.00568524
0.57734919, -0.57734919, 0.57734919
0.27666432, 0.19986081
-0.00728984, -0.07788244, -0.02014454
0.77913755, 0.53434861, -0.32764673
0.08658335, 0.25197518
-0.01417878, -0.07788244, -0.02014454
-0.84206671, 0.27576524, -0.46351513
0.08658335, 0.23926115
-0.00728984, 0.02510825, -0.00568524
0.57734919, -0.57734919, 0.57734919
0.27666429, 0.2647928
-0.00728984, 0.02510825, -0.02014454
0.57734919, -0.57734919, -0.57734919
0.27666432, 0.25197542
0.0, -0.08523891, -0.00568527
0.0, 0.89080477, 0.45435956
0.13537315, 0.16210079
-0.00728984, -0.07788244, -0.02014454
0.77913755, 0.53434861, -0.32764673
0.12226704, 0.19126761
-0.00728984, -0.08523891, -0.00568527
0.37995544, 0.48353526, 0.78853726
0.12226704, 0.16210079
0.0, 0.02510825, -0.02014454
0.0, -0.98312324, -0.1828669
0.24045473, 0.18109155
-0.00728984, 0.02510825, -0.00568524
0.57734919, -0.57734919, 0.57734919
0.25356081, 0.15509582
-0.00728984, 0.02510825, -0.02014454
0.57734919, -0.57734919, -0.57734919
0.25356081, 0.18109155
-0.0062642, 0.07695338, -0.03905644
-0.81289101, 0.47337261, 0.33921322
0.40134886, 0.29203606
0.0, 0.08188584, -0.0459398
0.0, 0.97555465, -0.21964172
0.42364892, 0.30473995
-0.00626421, 0.08188584, -0.0459398
-0.57148963, 0.80053103, -0.18024231
0.41045234, 0.30473995
-0.00626421, 0.05810413, -0.04931998
-0.57734919, -0.57734919, -0.57734919
0.36656049, 0.31097853
0.0, 0.06852564, -0.04931998
0.0, -0.47886592, -0.8778649
0.38579455, 0.31826949
0.0, 0.05810413, -0.04931998
0.0, -0.70708334, -0.70708334
0.36656049, 0.31826949
-0.00626422, 0.06852564, -0.04931998
-0.83223975, -0.26548052, -0.48664814
0.38579455, 0.31097853
0.0, 0.0704354, -0.05228626
0.0, -0.24384288, -0.9697867
0.38931927, 0.32591283
-0.00626421, 0.0704354, -0.05228626
-0.58088928, -0.19846186, -0.78939176
0.38931927, 0.31645322
-0.0062642, 0.05810413, -0.03905644
-0.70708334, -0.70708334, 0.0
0.36656049, 0.29203606
0.0, 0.05810413, -0.03905644
0.0, -1.0, 0.0
0.35210475, 0.29203606
-0.00295464, 0.24736762, -0.03554156
0.45204017, 0.71761221, -0.52974027
0.76679111, 0.65387562
-0.01599655, 0.24736762, -0.03769886
-0.81041902, 0.57982117, 0.08349864
0.78326118, 0.64395002
-0.00713314, 0.24736762, -0.030142
-0.46571246, 0.69618821, 0.54625082
0.76631755, 0.6439549
-0.01181057, 0.24736762, -0.04309844
-0.08368175, 0.57490766, -0.81389815
0.78372645, 0.65387779
-0.01599655, 0.23663139, -0.03769886
-0.81041902, -0.57982117, 0.08349864
0.79366314, 0.66949686
-0.01599655, 0.24736762, -0.03769886
-0.81041902, 0.57982117, 0.08349864
0.79366517, 0.65387905
-0.01599655, 0.23663139, -0.03769886
-0.81041902, -0.57982117, 0.08349864
0.78325665, 0.67942321
-0.00295464, 0.23663139, -0.03554156
0.45204017, -0.71761221, -0.52974027
0.76678908, 0.66949347
-0.00713314, 0.23663139, -0.030142
-0.46571246, -0.69618821, 0.54625082
0.76631302, 0.67941403
-0.00713314, 0.23663139, -0.030142
-0.46571246, -0.69618821, 0.54625082
0.76631302, 0.62833709
-0.01181057, 0.23663139, -0.04309844
-0.08368175, -0.57490766, -0.81389815
0.78372449, 0.66949561
0.0, 0.05098799, -0.03905644
0.0, 0.0, -1.0
0.35342678, 0.71131659
0.00295464, 0.29836485, -0.03700151
0.29709768, 0.63023776, -0.71727651
0.46849328, 0.49551117
0.00295464, 0.29836485, -0.02273523
0.29709768, 0.63023776, 0.71727651
0.46849328, 0.5218412
0.0, 0.17753726, -0.02273523
0.0, 0.0, 1.0
0.16136414, 0.52339602
0.00238887, 0.32042393, -0.0183719
0.29709768, 0.63023776, -0.71727651
0.46744913, 0.52989438
0.00238887, 0.32042393, -0.00683742
0.29709768, 0.63026828, 0.717246
0.46744901, 0.55118254
0.0, 0.28541693, -0.00683742
0.0, 0.0, 1.0
0.36046821, 0.55569598
0.01038857, 0.13274267, 0.02346327
0.58354443, 0.73400068, 0.3473922
0.50431442, 0.86584644
0.01038857, 0.09414606, 0.02346327
0.5955382, 0.73790705, 0.3173925
0.43307981, 0.86584644
0.0, 0.29596224, -0.01499348
0.0, 1.0, 0.0
0.39099675, 0.4413088
0.0, 0.28556088, -0.05616313
0.0, -0.70708334, -0.70708334
0.34987348, 0.36543709
0.0, 0.29596224, -0.05616313
0.0, 0.70708334, -0.70708334
0.37993079, 0.35454184
0.0, 0.17753726, -0.00548407
0.0, -1.0, 0.0
0.16136414, 0.59905764
0.0, -0.08270223, -0.02902304
0.0, 0.51130712, -0.85937071
0.07768793, 0.71213692
0.00728984, -0.08523891, -0.00568527
-0.37995544, 0.48353526, 0.78853726
0.07300621, 0.80014184
0.00728984, -0.08523891, -0.00568527
-0.37995544, 0.48353526, 0.78853726
0.08658336, 0.73520988
0.0, -0.07788244, -0.02014454
0.0, 0.99990845, -0.01333659
0.13537318, 0.80873486
0.0, 0.02510825, -0.00568524
0.0, -0.96771139, 0.25196081
0.24045473, 0.84490655
0.0, 0.07695338, -0.03905644
0.0, 0.81282997, 0.58244574
0.41675404, 0.70796639
0.0, 0.08188584, -0.0459398
0.0, 0.97555465, -0.21964172
0.41045234, 0.68370318
-0.0062642, 0.17753726, -0.03905644
-0.36674094, 0.61580247, -0.69731742
0.58698773, 0.72583723
0.0, 0.05098799, -0.03905644
0.0, 0.0, -1.0
0.35342678, 0.2886858
-0.01417875, 0.17138276, 0.00736219
-0.77343059, 0.58824426, 0.23606066
0.575629, 0.81150798
-0.00295464, 0.29836485, -0.03700151
-0.29709768, 0.63023776, -0.71727651
0.45758706, 0.49551117
-0.00713314, 0.29836485, -0.02691372
-0.71727651, 0.63023776, 0.29709768
0.44987518, 0.51412931
-0.00295464, 0.29836485, -0.02273523
-0.29709768, 0.63023776, 0.71727651
0.45758706, 0.5218412
0.0, 0.17753726, -0.02273523
0.0, 0.0, 1.0
0.16136414, 0.44362712
-0.00576724, 0.28541693, -0.01021575
-0.92385632, 0.0, 0.38267159
0.36046821, 0.5450519
-0.00238887, 0.32042393, -0.0183719
-0.29709768, 0.63023776, -0.71727651
0.45863122, 0.52989438
-0.00576725, 0.32042393, -0.01021575
-0.71727651, 0.63023776, 0.29709768
0.45239609, 0.54494736
-0.00238887, 0.32042393, -0.00683742
-0.29709768, 0.63026828, 0.717246
0.45863134, 0.55118254
0.0, 0.12175086, 0.04668821
0.0, 0.53486741, 0.84490496
0.48402759, 0.07734847
-0.00871036, 0.14701316, 0.02313662
-0.72148806, -0.66679889, 0.18652913
0.85049355, 0.79815011
0.0, 0.11886115, 0.04138071
0.0, -0.52400279, -0.85168004
0.47096285, 0.11311913
0.0, 0.03239639, 0.00736219
0.0, -0.50611895, 0.8624531
0.29011536, 0.17583537
-0.00728984, -0.08523891, -0.00568527
0.37995544, 0.48353526, 0.78853726
0.07300621, 0.19986057
-0.00728984, -0.08523891, -0.00568527
0.37995544, 0.48353526, 0.78853726
0.08658335, 0.26479256
0.0, -0.07788244, -0.02014454
0.0, 0.99990845, -0.01333659
0.13537318, 0.19126761
0.0, 0.02510825, -0.00568524
0.0, -0.96771139, 0.25196081
0.24045473, 0.15509582
0.0, 0.07695338, -0.03905644
0.0, 0.81282997, 0.58244574
0.41675404, 0.29203606
0.0, 0.08188584, -0.0459398
0.0, 0.97555465, -0.21964172
0.41045234, 0.3162992
-0.01599655, 0.23663139, -0.03769886
-0.81041902, -0.57982117, 0.08349864
0.78325665, 0.6283322
# Number of Faces:
364
# Face Data:
0, 1, 2
3, 4, 5
6, 5, 7
8, 9, 10
11, 2, 1
12, 13, 11
14, 15, 16
17, 18, 19
15, 20, 0
19, 20, 21
22, 23, 17
24, 25, 26
21, 17, 19
14, 22, 21
27, 23, 22
28, 23, 29
12, 20, 30
8, 4, 31
11, 0, 20
32, 33, 34
35, 36, 32
37, 38, 35
34, 39, 40
41, 42, 43
44, 45, 37
46, 47, 48
49, 50, 46
49, 51, 52
48, 53, 54
55, 56, 57
58, 51, 59
60, 61, 62
63, 26, 25
64, 65, 66
67, 68, 69
70, 71, 72
68, 73, 74
75, 76, 77
69, 78, 64
68, 79, 80
81, 70, 82
60, 83, 69
66, 84, 85
67, 86, 73
87, 82, 88
89, 77, 81
90, 81, 82
91, 92, 76
93, 70, 92
94, 95, 96
97, 98, 94
99, 96, 95
100, 94, 96
101, 102, 25
103, 26, 104
102, 63, 25
63, 103, 104
105, 101, 24
8, 31, 106
107, 106, 108
109, 110, 111
8, 112, 113
114, 3, 115
116, 117, 109
118, 110, 119
120, 119, 117
110, 121, 111
122, 109, 123
124, 108, 111
124, 125, 126
127, 128, 129
130, 131, 132
133, 134, 135
136, 137, 138
139, 138, 134
140, 135, 141
137, 141, 138
142, 139, 143
2, 144, 16
145, 146, 147
147, 148, 149
150, 151, 152
153, 154, 155
156, 157, 154
158, 14, 16
159, 160, 161
162, 163, 164
163, 161, 164
165, 160, 166
167, 168, 169
164, 160, 165
14, 170, 27
171, 166, 172
166, 173, 172
163, 157, 174
145, 151, 175
176, 154, 163
177, 178, 179
180, 181, 178
182, 183, 181
184, 179, 185
186, 41, 187
188, 189, 183
190, 191, 192
193, 194, 191
194, 195, 196
53, 192, 54
197, 55, 198
195, 58, 196
199, 200, 201
202, 203, 168
204, 205, 206
206, 207, 208
209, 71, 210
211, 212, 213
214, 75, 215
216, 207, 205
217, 211, 218
209, 219, 220
221, 199, 207
222, 206, 208
213, 223, 224
225, 87, 226
215, 89, 220
220, 90, 225
219, 91, 214
209, 93, 219
227, 228, 229
230, 97, 228
229, 99, 227
228, 100, 229
169, 102, 231
202, 103, 232
203, 102, 168
203, 103, 233
169, 105, 167
151, 234, 175
234, 235, 236
237, 238, 239
240, 151, 241
242, 146, 243
244, 245, 239
237, 246, 238
238, 247, 244
237, 248, 249
239, 250, 243
236, 251, 252
253, 251, 254
255, 256, 257
258, 259, 260
261, 262, 263
264, 265, 266
263, 267, 261
263, 268, 269
265, 269, 268
270, 266, 271
272, 273, 274
275, 276, 277
278, 279, 280
273, 281, 274
272, 282, 275
2, 16, 0
15, 0, 16
3, 31, 4
6, 3, 5
8, 113, 9
11, 13, 2
12, 283, 13
14, 21, 15
17, 28, 18
15, 21, 20
19, 30, 20
24, 101, 25
21, 22, 17
14, 27, 22
27, 29, 23
28, 17, 23
12, 11, 20
8, 10, 4
11, 1, 0
32, 36, 33
35, 38, 36
37, 45, 38
34, 33, 39
43, 284, 187
187, 41, 43
285, 42, 41
44, 286, 45
46, 50, 47
49, 52, 50
49, 59, 51
48, 47, 53
57, 287, 198
198, 55, 57
288, 56, 55
58, 289, 51
60, 290, 61
63, 104, 26
64, 78, 65
66, 85, 69
85, 291, 67
69, 64, 66
80, 290, 68
68, 290, 60
69, 85, 67
68, 60, 69
70, 210, 71
68, 67, 73
75, 91, 76
69, 83, 78
68, 74, 79
72, 88, 82
81, 77, 92
72, 82, 70
92, 70, 81
77, 76, 92
60, 62, 83
66, 65, 84
67, 291, 86
87, 90, 82
89, 75, 77
90, 89, 81
91, 93, 92
93, 210, 70
94, 98, 95
97, 292, 98
99, 293, 96
100, 294, 94
101, 231, 102
103, 295, 26
102, 233, 63
63, 233, 103
105, 231, 101
107, 112, 106
106, 31, 108
31, 3, 123
108, 31, 123
109, 117, 119
108, 123, 111
119, 110, 109
111, 123, 109
8, 106, 112
114, 123, 3
116, 120, 117
118, 296, 110
120, 118, 119
110, 296, 121
122, 297, 109
124, 126, 108
124, 298, 125
127, 299, 128
130, 300, 131
133, 301, 134
136, 142, 137
135, 134, 138
139, 136, 138
138, 141, 135
140, 302, 135
137, 140, 141
142, 136, 139
158, 16, 144
2, 303, 144
145, 175, 146
147, 146, 148
150, 241, 151
153, 156, 154
156, 304, 157
158, 305, 14
159, 173, 160
162, 176, 163
163, 174, 161
167, 202, 168
164, 161, 160
14, 305, 170
171, 165, 166
166, 160, 173
163, 154, 157
145, 152, 151
176, 155, 154
177, 180, 178
180, 182, 181
182, 188, 183
184, 177, 179
187, 306, 186
186, 307, 41
308, 41, 307
188, 309, 189
190, 193, 191
193, 310, 194
194, 310, 195
53, 190, 192
198, 311, 197
197, 312, 55
313, 55, 312
195, 289, 58
199, 314, 200
202, 232, 203
204, 216, 205
224, 208, 213
206, 205, 207
199, 201, 211
201, 218, 211
207, 199, 211
213, 208, 207
207, 211, 213
209, 315, 71
211, 316, 212
214, 91, 75
216, 221, 207
217, 316, 211
225, 226, 315
315, 209, 225
219, 214, 215
220, 225, 209
219, 215, 220
221, 314, 199
222, 204, 206
213, 212, 223
225, 90, 87
215, 75, 89
220, 89, 90
219, 93, 91
209, 210, 93
227, 230, 228
230, 292, 97
229, 293, 99
228, 294, 100
169, 168, 102
202, 295, 103
203, 233, 102
203, 232, 103
169, 231, 105
234, 240, 235
146, 175, 243
175, 234, 236
243, 175, 236
252, 237, 239
243, 236, 252
238, 244, 239
239, 243, 252
240, 234, 151
242, 317, 146
244, 247, 245
237, 249, 246
238, 246, 247
237, 252, 248
239, 318, 250
236, 254, 251
253, 319, 251
255, 320, 256
258, 321, 259
261, 322, 262
264, 267, 265
270, 261, 267
263, 269, 267
267, 264, 270
263, 323, 268
265, 267, 269
270, 264, 266
272, 275, 273
275, 282, 276
278, 282, 279
273, 324, 281
272, 279, 282
