# Project Zomboid Skinned Mesh
# File Version:
1.0
# Model Name:
Cube
# Vertex Stride Element Count:
3
# Vertex Stride Size (in bytes):
76
# Vertex Stride Data:
# (Int)    Offset
# (String) Type
0
VertexArray
12
NormalArray
24
TextureCoordArray
# Vertex Count:
221
# Vertex Buffer:
0.01088202, 0.08826329, 0.01569611
0.60420543, -0.42619097, 0.67323834
0.50572777, 0.75739837
0.01088199, 0.10605873, -0.02238166
0.67802972, -0.09891049, -0.72832423
0.54356456, 0.67643684
0.01088202, 0.10605873, 0.01569611
0.70708334, 0.0, 0.70708334
0.54356456, 0.75739837
0.0, 0.20875262, -0.02238166
0.0, 1.0, 0.0
0.78486609, 0.67643684
0.01088202, 0.20875263, 0.01569611
0.57734919, 0.57734919, 0.57734919
0.76061618, 0.75739837
0.01088205, 0.2087526, -0.02238166
0.57734919, 0.57734919, -0.57734919
0.76061618, 0.67643684
0.0, 0.08826329, 0.01569611
0.0, -0.53486741, 0.84490496
0.50467014, 0.7807266
0.01088199, 0.07438952, -0.01361813
0.56883448, -0.74776453, -0.34238717
0.47382131, 0.69680241
0.0, 0.10605873, -0.02238166
0.0, -0.26667073, -0.9637745
0.53736413, 0.65119132
0.0, 0.10605873, 0.01569611
0.0, 0.0, 1.0
0.54356456, 0.78292403
0.0, 0.20875265, 0.01569611
0.0, 0.0, 1.0
0.76061618, 0.78292403
0.0, 0.20875262, -0.02238166
0.0, 0.0, -1.0
0.76061618, 0.65047181
0.01088199, 0.07438952, -0.01361813
0.66820276, -0.42130801, -0.6131779
0.43654138, 0.70039555
0.0, 0.05137689, 0.00219371
0.0, -0.56630147, -0.82418287
0.35299283, 0.72237447
0.0, 0.07438952, -0.01361813
0.0, -0.56630147, -0.82418287
0.42259556, 0.67255342
-0.01088199, 0.10605873, -0.02238166
-0.67802972, -0.09891049, -0.72832423
0.54356456, 0.62450686
-0.01088196, 0.08826329, 0.01569611
-0.60420543, -0.42619097, 0.67323834
0.50572777, 0.54354534
-0.01088202, 0.10605873, 0.01569611
-0.70708334, 0.0, 0.70708334
0.54356456, 0.54354534
-0.01088202, 0.20875263, 0.01569611
-0.57734919, 0.57734919, 0.57734919
0.76061618, 0.54354534
0.0, 0.20875262, -0.02238166
0.0, 1.0, 0.0
0.78486609, 0.62450686
-0.01088205, 0.2087526, -0.02238166
-0.57734919, 0.57731867, -0.57734919
0.76061618, 0.62450686
-0.01088199, 0.07438952, -0.01361813
-0.56883448, -0.74776453, -0.34238717
0.47382131, 0.6051859
0.0, 0.08826329, 0.01569611
0.0, -0.53486741, 0.84490496
0.50467014, 0.52021709
0.0, 0.10605873, -0.02238166
0.0, -0.26667073, -0.9637745
0.53736413, 0.64975241
0.0, 0.10605873, 0.01569611
0.0, 0.0, 1.0
0.54356456, 0.51801971
0.0, 0.20875265, 0.01569611
0.0, 0.0, 1.0
0.76061618, 0.51801971
0.0, 0.07438952, -0.01361813
0.0, -0.56630147, -0.82418287
0.42259556, 0.62839028
-0.01088199, 0.05137689, 0.00219371
-0.58970916, -0.77324748, -0.23300882
0.35299283, 0.55339256
-0.01088199, 0.07438952, -0.01361813
-0.66820276, -0.42130801, -0.6131779
0.43654138, 0.60159275
0.0, 0.20875265, 0.01569611
0.0, 1.0, 0.0
0.78486609, 0.75739837
0.0, 0.07438952, -0.01361813
0.0, -0.90386671, 0.42777795
0.47025663, 0.71240053
0.0, 0.07438952, -0.01361813
0.0, -0.26667073, -0.9637745
0.46551049, 0.66502598
0.0, 0.10605873, -0.02238166
0.0, 0.0, -1.0
0.54356456, 0.65047181
0.01088199, 0.05137689, 0.00219371
0.75151831, -0.37357709, -0.54371774
0.35299283, 0.74755117
0.0, 0.20875265, 0.01569611
0.0, 1.0, 0.0
0.78486609, 0.54354534
0.0, 0.07438952, -0.01361813
0.0, -0.90386671, 0.42777795
0.47025663, 0.58854321
0.0, 0.07438952, -0.01361813
0.0, -0.26667073, -0.9637745
0.46551043, 0.63591775
0.0, 0.05137689, 0.00219371
0.0, -0.56630147, -0.82418287
0.35299283, 0.5785692
0.0068398, 0.12887429, 0.03091598
0.85790581, -0.28907132, -0.4247261
0.5905205, 0.7897591
0.0, 0.13138191, 0.02455726
0.0, -0.99734491, 0.07263406
0.58475208, 0.77562761
0.0068398, 0.13138191, 0.02455726
0.8188116, -0.57252723, 0.04168829
0.59585226, 0.77623908
0.0068398, 0.1072905, 0.03422968
0.59730828, -0.46327096, 0.65465254
0.54462862, 0.79680473
0.0, 0.10075258, 0.01569611
0.0, -0.94302195, 0.33265176
0.51245153, 0.76615334
0.0068398, 0.10075258, 0.01569611
0.61702323, -0.74208808, 0.26178777
0.53072774, 0.75739837
0.0068398, 0.10854434, 0.02213916
0.84078491, 0.52397227, 0.13592944
0.54729462, 0.77109767
0.0, 0.11104988, 0.03091598
0.0, 0.60228276, -0.79827267
0.5600853, 0.78223316
0.0068398, 0.11104988, 0.03091598
0.87041843, 0.29648733, -0.39295632
0.55262208, 0.7897591
0.0068398, 0.14078568, 0.01569611
0.58919036, 0.73598439, 0.33338419
0.61584675, 0.75739837
0.0, 0.13239013, 0.03422969
0.0, 0.54191715, 0.8404187
0.60510099, 0.80898708
0.0068398, 0.13239013, 0.03422969
0.60304576, 0.43226418, 0.67036957
0.59799588, 0.79680473
0.0068398, 0.11499249, 0.01569611
0.44700462, 0.63225198, 0.63274026
0.56100488, 0.75739837
0.0, 0.10854434, 0.02213916
0.0, 0.96792507, 0.25113681
0.5588361, 0.77463551
0.0, 0.12887429, 0.03091598
0.0, -0.56263924, -0.82668537
0.58352172, 0.78133909
0.0, 0.12629603, 0.01569611
0.0, -0.867275, 0.49778742
0.5773145, 0.76202124
0.0068398, 0.12629603, 0.01569611
0.55561996, -0.72109133, 0.41386151
0.58503866, 0.75739837
0.0, 0.1072905, 0.03422968
0.0, -0.57762384, 0.81627858
0.53793097, 0.81073025
0.00763495, 0.42615095, -0.0173257
0.85604417, -0.37607959, -0.35456404
0.47532383, 0.15471274
0.0031625, 0.20875265, -0.02179813
0.38267159, 0.0, -0.92385632
0.01557669, 0.14126444
0.0031625, 0.42615095, -0.02179813
0.35456404, -0.37607959, -0.85604417
0.47532377, 0.14126265
0.00763495, 0.42615095, -0.01100069
0.85604417, -0.37607959, 0.35456404
0.47532383, 0.16816109
0.00763495, 0.20875265, -0.0173257
0.92385632, 0.0, -0.38267159
0.01557669, 0.15471274
0.0031625, 0.42615095, -0.00652826
0.35456404, -0.37607959, 0.85604417
0.47532383, 0.18161118
0.00763495, 0.20875265, -0.01100069
0.92385632, 0.0, 0.38267159
0.01557669, 0.16816109
0.0, 0.42615095, -0.00652826
0.0, -0.44718772, 0.89440596
0.47532386, 0.18919677
0.0031625, 0.20875265, -0.00652826
0.38267159, 0.0, 0.92385632
0.01557664, 0.18160945
0.0, 0.42615095, -0.00652826
0.0, -0.44718772, 0.89440596
0.70464128, 0.08688021
-0.00763495, 0.42615095, -0.01100069
-0.85604417, -0.37607959, 0.35456404
0.71975297, 0.07802796
0.0, 0.42615095, -0.02179813
0.0, -0.44718772, -0.89440596
0.70464128, 0.05665684
0.0, 0.20875265, -0.02179813
0.0, 0.0, -1.0
0.01559083, 0.13367879
0.0, 0.42615095, -0.02179813
0.0, -0.44718772, -0.89440596
0.47532368, 0.13367707
0.00763495, 0.46171394, 0.00192875
0.71727651, 0.63023776, -0.29709768
0.687971, 0.24585193
0.0031625, 0.20875265, -0.00254369
0.38267159, 0.0, -0.92385632
0.01557669, 0.23004812
0.0031625, 0.46171394, -0.00254369
0.29709768, 0.63023776, -0.71727651
0.687971, 0.23004812
0.00763495, 0.46171394, 0.00825378
0.71727651, 0.63023776, 0.29709768
0.687971, 0.25930023
0.00763495, 0.20875265, 0.00192881
0.92385632, 0.0, -0.38267159
0.01557669, 0.24585193
0.0031625, 0.46171394, 0.01272622
0.29709768, 0.63023776, 0.71727651
0.687971, 0.27527016
0.00763495, 0.20875265, 0.00825378
0.92385632, 0.0, 0.38267159
0.01557669, 0.25930023
0.0, 0.46171394, 0.01272622
0.0, 0.70708334, 0.70708334
0.687971, 0.28263938
0.0031625, 0.20875265, 0.01272622
0.38267159, 0.0, 0.92385632
0.01557669, 0.27526933
0.0, 0.20875265, -0.00254369
0.0, 0.0, -1.0
0.01557669, 0.22181988
0.0, 0.46171394, -0.00254369
0.0, 0.70708334, -0.70708334
0.687971, 0.22181988
0.01354356, 0.39947438, -0.00051867
0.71727651, 0.63023776, -0.29709768
0.80350137, 0.87911808
0.00560999, 0.33824688, -0.00845242
0.38267159, 0.0, -0.92385632
0.66769648, 0.86226982
0.00560992, 0.39947438, -0.00845229
0.29709768, 0.63026828, -0.71727651
0.80350155, 0.86226982
0.01354354, 0.39947438, 0.01070119
0.71727651, 0.63023776, 0.29709768
0.80350137, 0.90294498
0.01354371, 0.33824688, -0.00051874
0.92385632, 0.0, -0.38267159
0.66769648, 0.87911808
0.00560992, 0.39947438, 0.01863482
0.29709768, 0.63023776, 0.71727651
0.80350155, 0.91979319
0.01354371, 0.33824688, 0.01070127
0.92385632, 0.0, 0.38267159
0.66769648, 0.90294498
0.0, 0.39947438, 0.01863482
0.0, 0.70708334, 0.70708334
0.80350155, 0.93470353
0.00560998, 0.33824688, 0.01863497
0.38267159, 0.0, 0.92385632
0.66769648, 0.91979319
0.0, 0.33824688, -0.00845242
0.0, 0.0, -1.0
0.66769648, 0.84756631
0.0, 0.39947438, -0.00845229
0.0, 0.70708334, -0.70708334
0.80352128, 0.84756631
0.01354244, 0.27575675, -0.00051822
0.71727651, -0.63026828, -0.29709768
0.52940071, 0.87911808
0.00560946, 0.27575675, -0.00845119
0.29709768, -0.63026828, -0.717246
0.52940071, 0.86226982
0.01354244, 0.27575675, 0.01070074
0.71727651, -0.63026828, 0.29709768
0.52940071, 0.90294498
0.0, 0.33824688, 0.01863497
0.0, 0.0, 0.99996948
0.66769648, 0.93470353
0.00560946, 0.27575675, 0.01863372
0.29709768, -0.63026828, 0.71727651
0.52940071, 0.91979319
0.0, 0.27575675, -0.00845119
0.0, -0.70711386, -0.70708334
0.52940071, 0.84756631
-0.00763495, 0.44402179, 0.00192875
-0.70708334, -0.70708334, 0.0
0.63956761, 0.21730685
0.00763495, 0.44402179, -0.01100069
0.70708334, -0.70708334, 0.0
0.63956761, 0.189816
0.00763495, 0.44402179, 0.00192875
0.70708334, -0.70708334, 0.0
0.63956761, 0.21730685
0.0031625, 0.4864811, -0.02179813
0.29709768, 0.63023776, -0.71727651
0.687971, 0.14126402
0.0, 0.4864811, -0.02179813
0.0, 0.70708334, -0.70708334
0.687971, 0.13367707
0.0, 0.4864811, -0.00652826
0.0, 0.70708334, 0.70708334
0.687971, 0.18919677
0.0031625, 0.4864811, -0.00652826
0.29709768, 0.63023776, 0.71727651
0.687971, 0.18160981
0.00763495, 0.4864811, -0.01100069
0.71727651, 0.63023776, 0.29709768
0.687971, 0.16816109
0.00763495, 0.4864811, -0.0173257
0.71727651, 0.63023776, -0.29709768
0.687971, 0.15471274
0.0, 0.13138191, 0.02455726
0.0, -0.99734491, 0.07263406
0.58475208, 0.52531609
-0.0068398, 0.12887429, 0.03091598
-0.85790581, -0.28907132, -0.4247261
0.5905205, 0.5111846
-0.0068398, 0.13138191, 0.02455726
-0.8188116, -0.57252723, 0.04168829
0.59585226, 0.52470461
0.0, 0.10075258, 0.01569611
0.0, -0.94302195, 0.33265176
0.51245153, 0.53479037
-0.0068398, 0.1072905, 0.03422968
-0.59730828, -0.46327096, 0.65465254
0.54462862, 0.50413898
-0.0068398, 0.10075258, 0.01569611
-0.61702323, -0.74208808, 0.26178777
0.53072774, 0.54354534
0.0, 0.11104988, 0.03091598
0.0, 0.60228276, -0.79827267
0.5600853, 0.51871052
-0.0068398, 0.10854434, 0.02213916
-0.84078491, 0.52397227, 0.13592944
0.54729462, 0.52984604
-0.0068398, 0.11104988, 0.03091598
-0.87041843, 0.29648733, -0.39295632
0.55262208, 0.5111846
0.0, 0.13239013, 0.03422969
0.0, 0.54191715, 0.8404187
0.60510099, 0.49195659
-0.0068398, 0.14078568, 0.01569611
-0.58919036, 0.73598439, 0.33338419
0.61584675, 0.54354534
-0.0068398, 0.13239013, 0.03422969
-0.60304576, 0.43226418, 0.67036957
0.59799588, 0.50413898
0.0, 0.10854434, 0.02213916
0.0, 0.96792507, 0.25113681
0.5588361, 0.52630821
-0.0068398, 0.11499249, 0.01569611
-0.44700462, 0.63225198, 0.63274026
0.56100488, 0.54354534
0.0, 0.12887429, 0.03091598
0.0, -0.56263924, -0.82668537
0.58352172, 0.51960465
0.0, 0.12629603, 0.01569611
0.0, -0.867275, 0.49778742
0.5773145, 0.53892246
-0.0068398, 0.12629603, 0.01569611
-0.55561996, -0.72109133, 0.41386151
0.58503866, 0.54354534
0.0, 0.1072905, 0.03422968
0.0, -0.57762384, 0.81627858
0.53793097, 0.49021351
-0.0031625, 0.20875265, -0.02179813
-0.38267159, 0.0, -0.92385632
0.01557669, 0.14126265
-0.00763495, 0.42615095, -0.0173257
-0.85604417, -0.37607959, -0.35456404
0.47532383, 0.15471274
-0.0031625, 0.42615095, -0.02179813
-0.35456404, -0.37607959, -0.85604417
0.47532389, 0.14126444
-0.00763495, 0.20875265, -0.0173257
-0.92385632, 0.0, -0.38267159
0.01557669, 0.15471274
-0.00763495, 0.42615095, -0.01100069
-0.85604417, -0.37607959, 0.35456404
0.47532383, 0.16816109
-0.00763495, 0.20875265, -0.01100069
-0.92385632, 0.0, 0.38267159
0.01557669, 0.16816109
-0.0031625, 0.42615095, -0.00652826
-0.35456404, -0.37607959, 0.85604417
0.47532383, 0.18160939
-0.0031625, 0.20875265, -0.00652826
-0.38267159, 0.0, 0.92385632
0.01557674, 0.18161118
-0.0031625, 0.20875265, -0.00254369
-0.38267159, 0.0, -0.92385632
0.01557669, 0.23004735
-0.00763495, 0.46171394, 0.00192875
-0.71727651, 0.63023776, -0.29709768
0.687971, 0.24585193
-0.0031625, 0.46171394, -0.00254369
-0.29709768, 0.63023776, -0.71727651
0.687971, 0.23004866
-0.00763495, 0.20875265, 0.00192881
-0.92385632, 0.0, -0.38267159
0.01557669, 0.24585193
-0.00763495, 0.46171394, 0.00825378
-0.71727651, 0.63023776, 0.29709768
0.687971, 0.25930023
-0.00763495, 0.20875265, 0.00825378
-0.92385632, 0.0, 0.38267159
0.01557669, 0.25930023
-0.0031625, 0.46171394, 0.01272622
-0.29709768, 0.63023776, 0.71727651
0.687971, 0.27526957
-0.0031625, 0.20875265, 0.01272622
-0.38267159, 0.0, 0.92385632
0.01557669, 0.27527016
-0.00560999, 0.33824688, -0.00845242
-0.38267159, 0.0, -0.92385632
0.66769648, 0.86226982
-0.01354356, 0.39947438, -0.00051867
-0.71727651, 0.63023776, -0.29709768
0.80350137, 0.87911808
-0.00560992, 0.39947438, -0.00845229
-0.29709768, 0.63026828, -0.71727651
0.80350155, 0.86226982
-0.01354371, 0.33824688, -0.00051874
-0.92385632, 0.0, -0.38267159
0.66769648, 0.87911808
-0.01354354, 0.39947438, 0.01070119
-0.71727651, 0.63023776, 0.29709768
0.80350137, 0.90294498
-0.01354371, 0.33824688, 0.01070127
-0.92385632, 0.0, 0.38267159
0.66769648, 0.90294498
-0.00560992, 0.39947438, 0.01863482
-0.29709768, 0.63023776, 0.71727651
0.80350155, 0.91979319
-0.00560998, 0.33824688, 0.01863497
-0.38267159, 0.0, 0.92385632
0.66769648, 0.91979319
-0.01354244, 0.27575675, -0.00051822
-0.71727651, -0.63026828, -0.29709768
0.52940071, 0.87911808
-0.00560946, 0.27575675, -0.00845119
-0.29709768, -0.63026828, -0.717246
0.52940071, 0.86226982
-0.01354244, 0.27575675, 0.01070074
-0.71727651, -0.63026828, 0.29709768
0.52940071, 0.90294498
-0.00560946, 0.27575675, 0.01863372
-0.29709768, -0.63026828, 0.71727651
0.52940071, 0.91979319
0.0, 0.27575675, 0.01863372
0.0, -0.70711386, 0.70708334
0.52940071, 0.93470353
0.00763495, 0.45294771, 0.00192875
0.70708334, 0.70708334, 0.0
0.65854621, 0.21730685
-0.00763495, 0.45294771, -0.01100069
-0.70708334, 0.70708334, 0.0
0.65854621, 0.189816
-0.00763495, 0.45294771, 0.00192875
-0.70708334, 0.70708334, 0.0
0.65854621, 0.21730685
-0.00763495, 0.44402179, -0.01100069
-0.70708334, -0.70708334, 0.0
0.63956761, 0.189816
0.00763495, 0.45294771, -0.01100069
0.70708334, 0.70708334, 0.0
0.65854621, 0.189816
-0.0031625, 0.4864811, -0.02179813
-0.29709768, 0.63023776, -0.71727651
0.68797112, 0.14126444
-0.0031625, 0.4864811, -0.00652826
-0.29709768, 0.63023776, 0.71727651
0.687971, 0.18160939
-0.00763495, 0.4864811, -0.01100069
-0.71727651, 0.63023776, 0.29709768
0.687971, 0.16816109
-0.00763495, 0.4864811, -0.0173257
-0.71727651, 0.63023776, -0.29709768
0.687971, 0.15471274
-0.00802365, 0.26981226, -0.00129968
0.99996948, 0.0, -0.00778222
0.71303546, 0.95922494
-0.00805806, 0.20875265, -0.00571978
0.99996948, 0.0, -0.00778222
0.58320951, 0.96862304
-0.00805806, 0.27586791, -0.00571978
0.99996948, 0.0, -0.00778222
0.7259109, 0.96862304
0.0, 0.4864811, -0.00652826
0.0, 0.70708334, 0.70708334
0.7046414, 0.17682177
0.00763495, 0.4864811, -0.01100069
0.71727651, 0.63023776, 0.29709768
0.6895296, 0.16796964
0.0, 0.4864811, -0.02179813
0.0, 0.70708334, -0.70708334
0.70464128, 0.1465984
0.00802365, 0.26981226, -0.00129968
0.99996948, 0.0, 0.00778222
0.71303546, 0.95922494
0.00805806, 0.20875265, -0.00571978
0.99996948, 0.0, 0.00778222
0.58320951, 0.96862304
0.00805806, 0.27586791, -0.00571978
0.99996948, 0.0, 0.00778222
0.7259109, 0.96862304
-0.01088196, 0.05932897, 0.02191132
-0.64952546, -0.59822381, 0.46922207
0.35299283, 0.55339256
-0.01088196, 0.08826329, 0.01569611
-1.0, 0.0, 0.0
0.43654138, 0.60159275
0.01088202, 0.05932897, 0.02191132
1.0, 0.0, 0.0
0.35299283, 0.74755117
-0.01088196, 0.1072905, 0.03422968
-1.0, 0.0, 0.0
0.35299283, 0.55339256
-0.01088196, 0.10075258, 0.01569611
-0.99996948, 0.0, 0.0
0.43654138, 0.60159275
0.01088202, 0.08826329, 0.01569611
1.0, 0.0, 0.0
0.43654138, 0.70039555
0.01088202, 0.1072905, 0.03422968
0.57060456, 0.77440715, -0.27317119
0.35299283, 0.74755117
0.01088202, 0.10075258, 0.01569611
0.77233189, 0.59901732, -0.21131016
0.43654138, 0.70039555
-0.01088196, 0.1072905, 0.03422968
0.0, 0.94302195, -0.33265176
0.35299283, 0.74755117
0.01088199, 0.05137689, 0.00219371
0.0, -0.92739648, 0.37400433
0.35299283, 0.55339256
0.01088202, 0.05932897, 0.02191132
0.0, -0.78682822, 0.6171453
0.35299283, 0.55339256
0.01088201, 0.06347786, 0.02489763
0.0, -0.96813869, 0.25028229
0.35299283, 0.55339256
-0.01088197, 0.06347786, 0.02489763
0.0, -0.96813869, 0.25028229
0.35299283, 0.55339256
-0.01088195, 0.0392884, 0.07615759
0.0, -0.89693898, 0.44212165
0.35299283, 0.55339256
0.01088203, 0.0392884, 0.07615759
0.0, -0.89693898, 0.44212165
0.35299283, 0.55339256
-0.01088194, 0.07223323, 0.08331447
0.0, 0.43473616, 0.90054017
0.35299283, 0.55339256
0.01088202, 0.09709752, 0.03279159
0.0, 0.46763512, 0.8838771
0.35299283, 0.55339256
-0.01088196, 0.09709752, 0.03279159
0.0, 0.46763512, 0.8838771
0.35299283, 0.55339256
0.01088202, 0.09709752, 0.03279159
1.0, 0.0, 0.0
0.35299283, 0.74755117
0.01088201, 0.06347786, 0.02489763
1.0, 0.0, 0.0
0.35299283, 0.74755117
0.01088204, 0.07223323, 0.08331447
1.0, 0.0, 0.0
0.35299283, 0.74755117
0.01088203, 0.0392884, 0.07615759
1.0, 0.0, 0.0
0.35299283, 0.74755117
0.0, 0.14078568, 0.01569611
0.0, 0.91088593, 0.41261023
0.63033724, 0.76588191
0.0, 0.11499249, 0.01569611
0.0, 0.70680869, 0.707358
0.56849861, 0.76464856
0.0, 0.20875265, -0.00652826
0.0, 0.0, 1.0
0.01556243, 0.1891951
-0.0031625, 0.42615095, -0.02179813
-0.35456404, -0.37607959, -0.85604417
0.71090072, 0.05665684
-0.00763495, 0.42615095, -0.0173257
-0.85604417, -0.37607959, -0.35456404
0.71975297, 0.06550896
0.0031625, 0.42615095, -0.02179813
0.35456404, -0.37607959, -0.85604417
0.69838184, 0.05665684
0.00763495, 0.42615095, -0.0173257
0.85604417, -0.37607959, -0.35456404
0.6895296, 0.06550896
0.00763495, 0.42615095, -0.01100069
0.85604417, -0.37607959, 0.35456404
0.6895296, 0.07802796
0.0031625, 0.42615095, -0.00652826
0.35456404, -0.37607959, 0.85604417
0.69838184, 0.08688021
-0.0031625, 0.42615095, -0.00652826
-0.35456404, -0.37607959, 0.85604417
0.71090072, 0.08688021
0.0, 0.20875265, 0.01272622
0.0, 0.0, 1.0
0.01557669, 0.28263861
0.0, 0.14078568, 0.01569611
0.0, 0.91088593, 0.41261023
0.63033724, 0.53506181
0.0, 0.11499249, 0.01569611
0.0, 0.70680869, 0.707358
0.56849861, 0.53629515
-0.00797692, 0.27586791, 0.00470465
0.99996948, 0.0, -0.00778222
0.7259109, 0.94645846
-0.00802365, 0.20875265, -0.00129968
0.99996948, 0.0, -0.00778222
0.58320951, 0.95922494
-0.0031625, 0.4864811, -0.02179813
-0.29709768, 0.63023776, -0.71727651
0.71090072, 0.1465984
-0.00763495, 0.4864811, -0.0173257
-0.71727651, 0.63023776, -0.29709768
0.71975297, 0.15545064
-0.00763495, 0.4864811, -0.01100069
-0.71727651, 0.63023776, 0.29709768
0.71975297, 0.16796964
0.0031625, 0.4864811, -0.00652826
0.29709768, 0.63023776, 0.71727651
0.69838184, 0.17682177
-0.0031625, 0.4864811, -0.00652826
-0.29709768, 0.63023776, 0.71727651
0.71090072, 0.17682177
0.0031625, 0.4864811, -0.02179813
0.29709768, 0.63023776, -0.71727651
0.69838184, 0.1465984
0.00763495, 0.4864811, -0.0173257
0.71727651, 0.63023776, -0.29709768
0.6895296, 0.15545064
0.00797692, 0.27586791, 0.00470465
0.99996948, 0.0, 0.00778222
0.7259109, 0.94645846
0.00802365, 0.20875265, -0.00129968
0.99996948, 0.0, 0.00778222
0.58320951, 0.95922494
-0.01088196, 0.10075258, 0.01569611
0.0, 0.94302195, -0.33265176
0.43654138, 0.70039555
0.01088204, 0.07223323, 0.08331447
0.0, 0.43473616, 0.90054017
0.35299283, 0.55339256
0.01088202, 0.1072905, 0.03422968
0.0, -0.13968322, 0.99017304
0.35299283, 0.55339256
# Number of Faces:
268
# Face Data:
0, 1, 2
3, 4, 5
6, 7, 0
7, 8, 1
9, 0, 2
10, 2, 4
1, 11, 5
2, 5, 4
12, 13, 14
15, 16, 17
18, 19, 20
21, 22, 16
23, 21, 15
16, 24, 17
17, 25, 18
11, 15, 20
20, 17, 18
26, 27, 28
0, 7, 1
3, 29, 4
6, 30, 7
7, 31, 8
9, 6, 0
10, 9, 2
1, 32, 11
2, 1, 5
12, 33, 13
15, 21, 16
18, 34, 19
21, 35, 22
23, 36, 21
16, 22, 24
17, 24, 25
11, 32, 15
20, 15, 17
26, 37, 27
38, 39, 40
41, 42, 43
44, 45, 46
47, 48, 49
50, 51, 44
46, 52, 38
40, 53, 54
49, 55, 41
38, 49, 46
56, 57, 58
59, 60, 56
61, 62, 59
63, 64, 61
65, 66, 67
58, 68, 69
70, 71, 72
73, 74, 70
75, 76, 73
77, 78, 75
77, 73, 70
72, 79, 80
81, 82, 83
84, 85, 81
86, 87, 84
88, 89, 86
88, 84, 81
83, 90, 91
92, 82, 85
93, 90, 82
89, 94, 87
94, 85, 87
95, 96, 89
94, 97, 92
98, 99, 100
101, 69, 102
103, 61, 104
104, 59, 105
105, 56, 106
106, 58, 101
107, 108, 109
110, 111, 112
113, 114, 115
116, 117, 118
119, 120, 114
121, 115, 108
122, 109, 123
124, 118, 111
111, 118, 115
125, 126, 127
128, 129, 126
130, 131, 129
132, 63, 131
68, 127, 69
133, 134, 135
136, 137, 134
138, 139, 137
140, 77, 139
134, 77, 80
79, 135, 80
141, 142, 143
144, 145, 142
146, 147, 145
148, 88, 147
142, 88, 91
90, 143, 91
141, 149, 144
90, 150, 141
148, 151, 152
144, 151, 146
95, 152, 153
97, 153, 151
154, 155, 156
156, 157, 98
100, 158, 154
69, 159, 102
131, 103, 160
129, 160, 161
126, 161, 162
127, 162, 159
163, 164, 165
166, 167, 168
169, 170, 171
28, 172, 173
12, 174, 33
173, 175, 176
177, 178, 174
179, 180, 178
172, 181, 182
172, 183, 184
183, 185, 184
186, 187, 185
187, 188, 189
188, 175, 189
174, 190, 191
172, 189, 175
191, 192, 193
184, 187, 189
38, 52, 39
41, 55, 42
44, 51, 45
47, 194, 48
50, 195, 51
46, 45, 52
40, 39, 53
49, 48, 55
43, 50, 44
43, 44, 41
40, 54, 47
38, 40, 49
41, 44, 46
40, 47, 49
41, 46, 49
56, 60, 57
59, 62, 60
61, 64, 62
63, 196, 64
197, 67, 198
199, 200, 67
201, 202, 65
65, 203, 66
66, 198, 67
67, 200, 201
201, 65, 67
58, 57, 68
70, 74, 71
73, 76, 74
75, 78, 76
77, 204, 78
70, 72, 80
80, 77, 70
75, 73, 77
72, 71, 79
81, 85, 82
84, 87, 85
86, 89, 87
88, 95, 89
81, 83, 91
91, 88, 81
86, 84, 88
83, 82, 90
92, 93, 82
93, 97, 90
89, 96, 94
94, 92, 85
95, 153, 96
93, 92, 97
94, 96, 153
153, 97, 94
98, 157, 99
101, 58, 69
103, 63, 61
104, 61, 59
105, 59, 56
106, 56, 58
107, 121, 108
110, 124, 111
113, 119, 114
116, 205, 117
119, 206, 120
121, 113, 115
122, 107, 109
124, 116, 118
117, 123, 109
117, 109, 118
114, 120, 112
115, 114, 111
118, 109, 108
114, 112, 111
118, 108, 115
125, 128, 126
128, 130, 129
130, 132, 131
132, 196, 63
68, 125, 127
133, 136, 134
136, 138, 137
138, 140, 139
140, 204, 77
80, 135, 134
134, 137, 77
139, 77, 137
79, 133, 135
141, 144, 142
144, 146, 145
146, 148, 147
148, 95, 88
91, 143, 142
142, 145, 88
147, 88, 145
90, 141, 143
141, 150, 149
90, 97, 150
148, 146, 151
144, 149, 151
95, 148, 152
151, 149, 97
150, 97, 149
153, 152, 151
154, 158, 155
156, 155, 157
100, 99, 158
69, 127, 159
131, 63, 103
129, 131, 160
126, 129, 161
127, 126, 162
165, 207, 163
163, 208, 164
168, 209, 210
210, 211, 166
166, 212, 167
211, 213, 166
214, 168, 215
167, 215, 168
210, 166, 168
171, 216, 169
169, 217, 170
28, 27, 172
12, 177, 174
173, 172, 175
177, 179, 178
179, 218, 180
172, 27, 181
172, 182, 183
183, 186, 185
186, 219, 187
187, 219, 188
188, 220, 175
174, 178, 190
172, 184, 189
191, 190, 192
184, 185, 187
