# Project Zomboid Skinned Mesh
# File Version:
1.0
# Model Name:
Cube
# Vertex Stride Element Count:
3
# Vertex Stride Size (in bytes):
76
# Vertex Stride Data:
# (Int)    Offset
# (String) Type
0
VertexArray
12
NormalArray
24
TextureCoordArray
# Vertex Count:
190
# Vertex Buffer:
0.0, 0.05431499, 0.06529273
0.0, -0.92181158, 0.38755456
0.17732978, 0.93603545
0.00984126, 0.07654057, 0.01261344
0.83220923, -0.55162203, 0.05536058
0.24707837, 0.81260461
0.00984126, 0.05431499, 0.06529273
0.57609791, -0.75347149, 0.31678212
0.19883898, 0.92694265
0.00984126, 0.28494191, 0.03077808
0.5714286, 0.61323893, 0.54530472
0.69940478, 0.85203016
0.0, 0.27918947, -0.01809474
0.0, 0.66447949, -0.74727625
0.68691939, 0.72898573
0.0, 0.28494191, 0.03077808
0.0, 0.74727625, 0.66447949
0.70432633, 0.87001884
0.00984131, 0.13564384, 0.02732602
0.86181217, -0.29166541, -0.41492966
0.3753598, 0.84453756
0.00984131, 0.14334896, 0.00591266
0.94170964, -0.27518541, 0.19342631
0.39208338, 0.79806083
0.00984126, 0.22123393, 0.03077808
0.84820092, 0.28144169, 0.4486526
0.56112874, 0.85203016
0.0, 0.11845487, 0.09058052
0.0, -0.1866512, 0.98242134
0.33805144, 0.99987572
0.00984126, 0.11845487, 0.09058052
0.66737878, -0.13901182, 0.73158973
0.33805144, 0.98182869
0.00984126, 0.19232786, 0.09058052
0.60478532, 0.42320016, 0.67461163
0.49838948, 0.98182869
0.0, 0.19232786, 0.09058052
0.0, 0.5314188, 0.84710228
0.49838948, 0.99987572
0.0, 0.22123393, 0.03077808
0.0, 0.5314188, 0.84710228
0.56112874, 0.87191981
0.00984126, 0.06980412, -0.01809474
0.57734919, -0.57734919, -0.57734919
0.23245713, 0.74595386
0.00984126, 0.27918947, -0.01809474
0.58375806, 0.5395062, -0.60673851
0.68691939, 0.74595386
0.0, 0.07654057, 0.01261344
0.0, -0.99499494, 0.09985656
0.22183034, 0.81477517
0.00984126, 0.06980412, 0.00275214
0.64629048, -0.72905666, 0.2252266
0.23245713, 0.79120106
0.0, 0.06980412, 0.00275214
0.0, -0.95541245, 0.29517502
0.20888382, 0.79211646
0.00984114, 0.10831616, 0.00591266
0.86001158, 0.29050568, 0.41947693
0.3160463, 0.79806083
0.00984117, 0.10270379, 0.02085254
0.90118104, 0.39710686, -0.17349772
0.30386466, 0.83048719
0.00984131, 0.11802609, 0.03103415
0.66743982, -0.13885921, 0.73158973
0.3371208, 0.85258591
0.00984117, 0.10134646, 0.02446585
0.90636921, 0.17154454, 0.38605914
0.30091846, 0.83832973
0.00984126, 0.11856147, 0.02732603
0.75310528, 0.12668233, -0.64555806
0.33828291, 0.84453756
0.0, 0.10270379, 0.02085254
0.0, 0.91631824, -0.40037233
0.32473716, 0.82353264
0.0, 0.11856147, 0.02732603
0.0, 0.19257179, -0.98126161
0.34117037, 0.83172935
0.0, 0.14334896, 0.00591266
0.0, -0.81807917, 0.57506025
0.36683634, 0.80817026
0.0, 0.13564384, 0.02732602
0.0, -0.57506025, -0.81807917
0.36274981, 0.83112544
0.0, 0.08404254, 0.07052682
0.0, 0.91155738, -0.41114536
0.2860564, 0.92593187
0.00984126, 0.08404254, 0.07052682
0.90398878, 0.38972136, -0.17578661
0.26336139, 0.93830305
0.0, 0.11802609, 0.03103415
0.0, -0.18646809, 0.98245186
0.33202925, 0.86279947
0.00984126, 0.10588904, 0.07884919
0.85778373, -0.118717, -0.50010681
0.31077784, 0.95636642
0.0, 0.12438322, 0.05862119
0.0, -0.85613573, -0.51670891
0.33873665, 0.9086377
0.00984132, 0.12438322, 0.05862119
0.75408185, -0.56227303, -0.33936584
0.35091871, 0.91246235
0.0, 0.13430968, 0.03103415
0.0, -0.81807917, 0.57506025
0.34967861, 0.8688181
0.00984131, 0.13430968, 0.03103415
0.94170964, -0.27518541, 0.19342631
0.37246382, 0.85258591
0.00984123, -0.09195881, -0.01233489
0.57734919, -0.57734919, -0.57734919
0.04672268, 0.60293376
0.0, 0.03987726, -0.01233489
0.0, -0.20908231, -0.9778741
0.33286709, 0.57655615
0.00984123, 0.03987726, -0.01233489
0.75731683, -0.13653982, -0.6385693
0.33286709, 0.60293376
0.00172781, 0.28142774, 0.02066156
0.29709768, -0.63023776, 0.71727651
0.44953775, 0.54124177
0.0, 0.30860487, 0.02066156
0.0, 0.70708334, 0.70708334
0.51033872, 0.54767287
0.0, 0.28142774, 0.02066156
0.0, -0.70708334, 0.70708334
0.44953775, 0.54687154
0.00984123, -0.06132062, 0.06841452
0.59004486, 0.50337231, 0.6311838
0.1132215, 0.77819693
0.0, -0.09195887, 0.06841452
0.0, -0.70708334, 0.70708334
0.02819985, 0.80256623
0.00984123, -0.09195887, 0.06841452
0.57734919, -0.57734919, 0.57734919
0.04672253, 0.77819693
0.00417131, 0.28142774, 0.01821806
0.71727651, -0.63023776, 0.29709768
0.44953775, 0.5333719
0.00172781, 0.30860487, 0.02066156
0.29709768, 0.63023776, 0.71727651
0.51035541, 0.54124177
0.0, 0.05272942, -0.01809474
0.0, -0.20908231, -0.9778741
0.35778895, 0.57001513
0.00984126, 0.05272942, -0.01809474
0.66292304, -0.15652944, -0.73210853
0.3607623, 0.59043241
0.00417131, 0.28142774, 0.01476243
0.71727651, -0.63023776, -0.29709768
0.44953775, 0.52224222
0.00417131, 0.30860487, 0.01821806
0.71727651, 0.63023776, 0.29709768
0.51035541, 0.5333719
0.0, -0.09195881, -0.01233489
0.0, -0.70708334, -0.70708334
0.0247938, 0.58436257
0.00984123, 0.01797518, 0.02726859
0.61113316, 0.49238563, 0.61970884
0.28532952, 0.68889147
0.0, -0.05452954, 0.03865363
0.0, 0.68242437, 0.73091829
0.13130805, 0.73048764
0.00984123, -0.05452954, 0.03865363
0.85732597, 0.35126805, 0.37623218
0.12796116, 0.71360219
0.00172781, 0.28142774, 0.01231893
0.29709768, -0.63026828, -0.717246
0.44953775, 0.51437235
0.00417131, 0.30860487, 0.01476243
0.71727651, 0.63023776, -0.29709768
0.51035541, 0.52224222
0.0, -0.06132062, 0.06841452
0.0, 0.62349313, 0.78179264
0.12679911, 0.79695159
0.00984123, 0.02595876, 0.00749459
0.85686821, 0.28830835, 0.4273507
0.30265766, 0.64597285
0.0, 0.01797518, 0.02726859
0.0, 0.62208927, 0.78292185
0.28780985, 0.70281345
0.00984123, 0.05652463, 0.00749459
0.67061371, 0.12659077, 0.73088777
0.36899918, 0.64597285
0.0, 0.06980412, 0.00275214
0.0, 0.33631396, 0.94174016
0.40333903, 0.6577369
0.0, 0.05652463, 0.00749459
0.0, 0.17065951, 0.98532057
0.37221253, 0.66490597
0.00813717, 0.09483015, -0.02767202
0.89013338, 0.34092227, -0.30225533
0.52301055, 0.65629667
0.00813718, 0.11106164, -0.01809474
0.67442852, 0.73149818, -0.10003968
0.55824047, 0.67708373
0.00813718, 0.08746322, -0.01809474
0.70708334, -0.70708334, 0.0
0.50702059, 0.67708373
0.0, 0.02595876, 0.00749459
0.0, 0.55928218, 0.82894373
0.30265766, 0.66612673
0.0, 0.06980412, -0.01809474
0.0, 0.0, -1.0
0.39669195, 0.56729865
0.00984126, 0.06980412, -0.01809474
0.70708334, 0.0, -0.70708334
0.39782172, 0.59043241
0.0, 0.28142774, 0.01231893
0.0, -0.70708334, -0.70708334
0.44953775, 0.50910789
0.00813717, 0.25992545, -0.02767202
0.89013338, 0.34092227, -0.30225533
0.88134223, 0.65629667
0.00813718, 0.27615693, -0.01809474
0.67442852, 0.73149818, -0.10003968
0.91657209, 0.67708373
0.00813718, 0.25255829, -0.01809474
0.70708334, -0.70708334, 0.0
0.86535227, 0.67708373
0.00813718, 0.09483015, -0.04204397
0.66383862, 0.6005432, -0.44566178
0.52301055, 0.62510294
0.0, 0.09483015, -0.02767202
0.0, 0.74822229, -0.66341138
0.54140836, 0.65629667
0.00813718, 0.25992545, -0.04204397
0.66383862, 0.6005432, -0.44566178
0.88134223, 0.62510294
0.0, 0.25992545, -0.02767202
0.0, 0.74822229, -0.66341138
0.8997401, 0.65629673
0.0, 0.11000212, -0.02584188
0.0, 0.70146793, -0.71266824
0.56908268, 0.66026896
0.00813718, 0.11000212, -0.02584188
0.59199804, 0.56532484, -0.57435834
0.55594075, 0.66026896
0.0, 0.11106164, -0.01809474
0.0, 0.99075288, -0.13547166
0.5722037, 0.67708367
0.00813718, 0.08746322, -0.04204397
0.66383862, -0.6005432, -0.44566178
0.50702059, 0.62510294
0.0, 0.08746322, -0.01809474
0.0, -1.0, 0.0
0.48809507, 0.67708373
0.0, 0.08746322, -0.04537287
0.0, -0.63097018, -0.7757805
0.48809507, 0.62510294
0.0, 0.09483015, -0.04537287
0.0, 0.63097018, -0.7757805
0.54140842, 0.625103
0.0, 0.27509719, -0.02584188
0.0, 0.70143741, -0.71269876
0.92741436, 0.66026896
0.00813718, 0.27509719, -0.02584188
0.59199804, 0.56532484, -0.57435834
0.91427243, 0.66026896
0.0, 0.27615693, -0.01809474
0.0, 0.99075288, -0.13550219
0.93053538, 0.67708373
0.00813718, 0.25255829, -0.04204397
0.66383862, -0.6005432, -0.44566178
0.86535227, 0.62510294
0.0, 0.25255829, -0.01809474
0.0, -1.0, 0.0
0.84642673, 0.67708373
0.0, 0.25255829, -0.04537287
0.0, -0.63097018, -0.7757805
0.84642673, 0.62510294
0.0, 0.25992545, -0.04537287
0.0, 0.63097018, -0.7757805
0.8997401, 0.62510294
0.00417131, 0.30860487, 0.01821806
0.71727651, 0.63023776, 0.29709768
0.90311438, 0.53375119
0.0, 0.30860487, 0.01231893
0.0, 0.70708334, -0.70708334
0.91654921, 0.51475161
0.0, 0.30860487, 0.02066156
0.0, 0.70708334, 0.70708334
0.91654909, 0.54162103
0.00172781, 0.30860487, 0.01231893
0.29709768, 0.63023776, -0.71727651
0.51035541, 0.51437235
-0.00984126, 0.07654057, 0.01261344
-0.83220923, -0.55162203, 0.05536058
0.24707837, 0.18739086
0.0, 0.05431499, 0.06529273
0.0, -0.92181158, 0.38755456
0.17732978, 0.06396002
-0.00984126, 0.05431499, 0.06529273
-0.57609791, -0.75347149, 0.31678212
0.19883898, 0.07305282
0.0, 0.27918947, -0.01809474
0.0, 0.66447949, -0.74727625
0.68691939, 0.27100974
-0.00984126, 0.28494191, 0.03077808
-0.5714286, 0.61323893, 0.54530472
0.69940478, 0.14796531
0.0, 0.28494191, 0.03077808
0.0, 0.74727625, 0.66447949
0.70432633, 0.12997663
-0.00984131, 0.13430968, 0.03103415
-0.94170964, -0.27518541, 0.19342631
0.37246382, 0.14740956
-0.00984132, 0.12438322, 0.05862119
-0.75408185, -0.56227303, -0.33936584
0.35091871, 0.08753312
-0.00984126, 0.19232786, 0.09058052
-0.60478532, 0.42320016, 0.67461163
0.49838948, 0.01816678
0.0, 0.11845487, 0.09058052
0.0, -0.1866512, 0.98242134
0.33805144, 0.00011975
-0.00984126, 0.11845487, 0.09058052
-0.66737878, -0.13901182, 0.73158973
0.33805144, 0.01816678
0.0, 0.19232786, 0.09058052
0.0, 0.5314188, 0.84710228
0.49838948, 0.00011975
0.0, 0.22123393, 0.03077808
0.0, 0.5314188, 0.84710228
0.56112874, 0.12807566
-0.00984126, 0.06980412, -0.01809474
-0.57734919, -0.57734919, -0.57734919
0.23245713, 0.25404161
-0.00984126, 0.27918947, -0.01809474
-0.58375806, 0.5395062, -0.60673851
0.68691939, 0.25404161
-0.00984126, 0.06980412, 0.00275214
-0.64629048, -0.72905666, 0.2252266
0.23245713, 0.20879441
0.0, 0.07654057, 0.01261344
0.0, -0.99499494, 0.09985656
0.22183034, 0.1852203
0.0, 0.06980412, 0.00275214
0.0, -0.95541245, 0.29517502
0.20888382, 0.20787901
-0.00984126, 0.22123393, 0.03077808
-0.84820092, 0.28144169, 0.4486526
0.56112874, 0.14796531
-0.00984114, 0.10831616, 0.00591266
-0.86001158, 0.29050568, 0.41947693
0.3160463, 0.20193464
-0.00984126, 0.11856147, 0.02732603
-0.75310528, 0.12668233, -0.64555806
0.33828291, 0.15545791
-0.00984131, 0.11802609, 0.03103415
-0.66743982, -0.13885921, 0.73158973
0.3371208, 0.14740956
0.0, 0.10270379, 0.02085254
0.0, 0.91631824, -0.40037233
0.32473716, 0.17646283
0.0, 0.10831616, 0.00591266
0.0, 0.56935334, 0.8220771
0.33218595, 0.18826312
-0.00984117, 0.10270379, 0.02085254
-0.90118104, 0.39710686, -0.17349772
0.30386466, 0.16950828
0.0, 0.11856147, 0.02732603
0.0, 0.19257179, -0.98126161
0.34117037, 0.16826612
0.0, 0.14334896, 0.00591266
0.0, -0.81807917, 0.57506025
0.36683634, 0.19182521
-0.00984131, 0.14334896, 0.00591266
-0.94170964, -0.27518541, 0.19342631
0.39208338, 0.20193464
0.0, 0.13564384, 0.02732602
0.0, -0.57506025, -0.81807917
0.36274981, 0.16887003
-0.00984131, 0.13564384, 0.02732602
-0.86181217, -0.29166541, -0.41492966
0.3753598, 0.15545791
-0.00984117, 0.10134646, 0.02446585
-0.90636921, 0.17154454, 0.38605914
0.30091846, 0.16166574
0.0, 0.08404254, 0.07052682
0.0, 0.91155738, -0.41114536
0.2860564, 0.0740636
0.0, 0.10134646, 0.02446585
0.0, 0.40604877, 0.91381574
0.30654824, 0.13830954
0.0, 0.11802609, 0.03103415
0.0, -0.18646809, 0.98245186
0.33202925, 0.137196
-0.00984126, 0.10588904, 0.07884919
-0.85778373, -0.118717, -0.50010681
0.31077784, 0.04362905
0.0, 0.12438322, 0.05862119
0.0, -0.85613573, -0.51670891
0.33873665, 0.09135777
0.0, 0.10588904, 0.07884919
0.0, -0.23096408, -0.97293007
0.31043163, 0.06554818
-0.00984126, 0.08404254, 0.07052682
-0.90398878, 0.38972136, -0.17578661
0.26336139, 0.06169242
0.0, 0.13430968, 0.03103415
0.0, -0.81807917, 0.57506025
0.34967861, 0.13117737
0.0, 0.03987726, -0.01233489
0.0, -0.20908231, -0.9778741
0.33286709, 0.42343932
-0.00984123, -0.09195881, -0.01233489
-0.57734919, -0.57734919, -0.57734919
0.04672268, 0.39706171
-0.00984123, 0.03987726, -0.01233489
-0.75731683, -0.13653982, -0.6385693
0.33286709, 0.39706171
-0.00172781, 0.28142774, 0.02066156
-0.29709768, -0.63023776, 0.71727651
0.44953775, 0.54124177
0.0, -0.09195887, 0.06841452
0.0, -0.70708334, 0.70708334
0.02819985, 0.19742924
-0.00984123, -0.06132062, 0.06841452
-0.59004486, 0.50337231, 0.6311838
0.1132215, 0.22179854
-0.00984123, -0.09195887, 0.06841452
-0.57734919, -0.57734919, 0.57734919
0.04672253, 0.22179854
-0.00172781, 0.30860487, 0.02066156
-0.29709768, 0.63023776, 0.71727651
0.51035541, 0.54124177
-0.00417131, 0.28142774, 0.01821806
-0.71727651, -0.63023776, 0.29709768
0.44953775, 0.5333719
0.0, 0.05272942, -0.01809474
0.0, -0.20908231, -0.9778741
0.35778895, 0.42998034
-0.00984126, 0.05272942, -0.01809474
-0.66292304, -0.15652944, -0.73210853
0.3607623, 0.40956306
-0.00417131, 0.30860487, 0.01821806
-0.71727651, 0.63023776, 0.29709768
0.51035541, 0.5333719
-0.00417131, 0.28142774, 0.01476243
-0.71727651, -0.63023776, -0.29709768
0.44953775, 0.52224222
0.0, -0.09195881, -0.01233489
0.0, -0.70708334, -0.70708334
0.0247938, 0.4156329
0.0, -0.05452954, 0.03865363
0.0, 0.68242437, 0.73091829
0.13130805, 0.26950783
-0.00984123, 0.01797518, 0.02726859
-0.61113316, 0.49238563, 0.61970884
0.28532952, 0.311104
-0.00984123, -0.05452954, 0.03865363
-0.85732597, 0.35126805, 0.37623218
0.12796116, 0.28639328
-0.00417131, 0.30860487, 0.01476243
-0.71727651, 0.63023776, -0.29709768
0.51035541, 0.52224222
-0.00172781, 0.28142774, 0.01231893
-0.29709768, -0.63023776, -0.71727651
0.44953775, 0.51437235
0.0, -0.06132062, 0.06841452
0.0, 0.62349313, 0.78179264
0.12679911, 0.20304388
-0.00984123, 0.05652463, 0.00749459
-0.67061371, 0.12659077, 0.73088777
0.36899918, 0.35402262
0.0, 0.01797518, 0.02726859
0.0, 0.62208927, 0.78292185
0.28780985, 0.29718202
-0.00984123, 0.02595876, 0.00749459
-0.85686821, 0.28830835, 0.4273507
0.30265766, 0.35402262
0.0, 0.06980412, 0.00275214
0.0, 0.33631396, 0.94174016
0.40333903, 0.34225857
-0.00984126, 0.06980412, 0.00275214
-0.77297282, 0.2133549, 0.59746087
0.39782172, 0.36431587
-0.00813718, 0.11106164, -0.01809474
-0.67442852, 0.73149818, -0.10003968
0.55824047, 0.67708373
-0.00813718, 0.11000212, -0.02584188
-0.59199804, 0.56532484, -0.57435834
0.55594075, 0.66026896
-0.00813717, 0.09483015, -0.02767202
-0.89013338, 0.34092227, -0.30225533
0.52301055, 0.65629667
0.0, 0.02595876, 0.00749459
0.0, 0.55928218, 0.82894373
0.30265766, 0.33386874
0.0, 0.06980412, -0.01809474
0.0, 0.0, -1.0
0.39669195, 0.43269682
-0.00984126, 0.06980412, -0.01809474
-0.70708334, 0.0, -0.70708334
0.39782172, 0.40956306
-0.00813718, 0.27615693, -0.01809474
-0.67442852, 0.73149818, -0.10003968
0.91657209, 0.67708373
-0.00813718, 0.27509719, -0.02584188
-0.59199804, 0.56532484, -0.57435834
0.91427243, 0.66026896
-0.00813717, 0.25992545, -0.02767202
-0.89013338, 0.34092227, -0.30225533
0.88134223, 0.65629667
-0.00813718, 0.09483015, -0.04204397
-0.66383862, 0.6005432, -0.44566178
0.52301055, 0.62510294
-0.00813718, 0.25992545, -0.04204397
-0.66383862, 0.6005432, -0.44566178
0.88134223, 0.62510294
-0.00813718, 0.08746322, -0.04204397
-0.66383862, -0.6005432, -0.44566178
0.50702059, 0.62510294
-0.00813718, 0.08746322, -0.01809474
-0.70708334, -0.70708334, 0.0
0.50702059, 0.67708373
-0.00813718, 0.25255829, -0.04204397
-0.66383862, -0.6005432, -0.44566178
0.86535227, 0.62510294
-0.00813718, 0.25255829, -0.01809474
-0.70708334, -0.70708334, 0.0
0.86535227, 0.67708373
-0.00417131, 0.30860487, 0.01476243
-0.71727651, 0.63023776, -0.29709768
0.90311438, 0.52262148
-0.00417131, 0.30860487, 0.01821806
-0.71727651, 0.63023776, 0.29709768
0.90311438, 0.53375119
-0.00172781, 0.30860487, 0.01231893
-0.29709768, 0.63023776, -0.71727651
0.51035541, 0.51437235
0.0, 0.06980412, -0.01809474
0.0, -0.70708334, -0.70708334
0.23245713, 0.72898573
0.0, 0.10831616, 0.00591266
0.0, 0.56935334, 0.8220771
0.33218595, 0.81173235
0.0, 0.10134646, 0.02446585
0.0, 0.40604877, 0.91381574
0.30654824, 0.86168593
0.0, 0.10588904, 0.07884919
0.0, -0.23096408, -0.97293007
0.31043163, 0.93444729
0.00984126, 0.06980412, 0.00275214
0.77297282, 0.2133549, 0.59746087
0.39782172, 0.6356796
0.00172781, 0.30860487, 0.02066156
0.29709768, 0.63023776, 0.71727651
0.91098428, 0.54162103
0.00417131, 0.30860487, 0.01476243
0.71727651, 0.63023776, -0.29709768
0.90311438, 0.52262148
0.00172781, 0.30860487, 0.01231893
0.29709768, 0.63023776, -0.71727651
0.91098428, 0.51475158
0.0, 0.30860487, 0.01231893
0.0, 0.70708334, -0.70708334
0.51034105, 0.50854445
0.0, 0.06980412, -0.01809474
0.0, -0.70708334, -0.70708334
0.23245713, 0.27100974
0.0, 0.05652463, 0.00749459
0.0, 0.17065951, 0.98532057
0.37221253, 0.3350895
-0.00172781, 0.30860487, 0.02066156
-0.29709768, 0.63023776, 0.71727651
0.91098428, 0.54162103
-0.00172781, 0.30860487, 0.01231893
-0.29709768, 0.63023776, -0.71727651
0.91098428, 0.51475158
# Number of Faces:
274
# Face Data:
0, 1, 2
3, 4, 5
6, 7, 8
9, 2, 10
9, 11, 12
11, 13, 12
14, 4, 15
16, 17, 1
18, 14, 17
8, 5, 13
1, 19, 20
21, 22, 23
19, 24, 20
20, 25, 23
26, 19, 7
23, 27, 6
27, 7, 6
22, 28, 29
30, 22, 21
31, 32, 33
28, 31, 29
34, 21, 35
32, 35, 33
36, 37, 38
39, 40, 41
42, 43, 44
45, 46, 39
38, 47, 48
49, 50, 45
44, 51, 36
52, 53, 54
55, 56, 49
54, 57, 42
54, 36, 58
58, 59, 52
60, 61, 62
63, 64, 65
60, 66, 58
48, 67, 68
69, 49, 41
70, 71, 72
73, 74, 63
75, 76, 70
63, 77, 78
78, 79, 64
80, 81, 82
80, 83, 73
70, 84, 85
85, 86, 71
87, 88, 89
87, 90, 75
91, 92, 93
69, 94, 55
95, 96, 97
98, 99, 100
101, 102, 103
97, 104, 105
103, 104, 106
107, 103, 106
98, 108, 109
110, 111, 95
108, 112, 110
100, 113, 107
114, 110, 95
115, 116, 101
114, 117, 118
119, 120, 117
114, 121, 122
115, 123, 120
122, 123, 124
125, 126, 127
125, 128, 116
129, 130, 131
129, 126, 132
116, 133, 101
101, 130, 102
134, 135, 136
40, 137, 41
138, 139, 140
141, 142, 137
143, 136, 144
145, 146, 142
147, 140, 135
148, 149, 150
151, 152, 146
153, 150, 139
136, 154, 144
155, 156, 149
154, 157, 158
159, 160, 161
162, 154, 156
163, 144, 164
142, 146, 41
165, 166, 167
74, 168, 161
76, 169, 167
77, 161, 160
79, 160, 159
170, 81, 171
83, 170, 168
84, 167, 166
86, 166, 165
172, 88, 173
90, 172, 169
92, 174, 175
176, 69, 152
0, 16, 1
3, 15, 4
8, 11, 35
10, 2, 29
10, 29, 31
15, 3, 8
11, 10, 33
10, 31, 33
7, 15, 8
35, 6, 8
11, 33, 35
9, 0, 2
9, 10, 11
11, 8, 13
14, 177, 4
16, 18, 17
18, 177, 14
8, 3, 5
29, 2, 1
1, 17, 19
14, 15, 7
14, 7, 19
22, 29, 1
17, 14, 19
20, 22, 1
23, 6, 35
35, 21, 23
22, 20, 23
19, 178, 24
20, 24, 25
26, 178, 19
23, 25, 27
27, 26, 7
22, 179, 28
30, 179, 22
31, 180, 32
28, 180, 31
34, 30, 21
32, 34, 35
36, 51, 37
39, 46, 40
42, 57, 43
45, 50, 46
38, 37, 47
49, 56, 50
44, 43, 51
52, 59, 53
55, 94, 56
54, 53, 57
38, 48, 60
68, 181, 48
58, 52, 54
181, 60, 48
38, 60, 58
54, 42, 44
38, 58, 36
54, 44, 36
58, 66, 59
60, 181, 61
65, 80, 63
63, 78, 64
80, 73, 63
60, 62, 66
48, 47, 67
39, 41, 45
69, 55, 49
49, 45, 41
72, 87, 70
70, 85, 71
87, 75, 70
73, 83, 74
75, 90, 76
63, 74, 77
78, 77, 79
80, 65, 81
80, 82, 83
70, 76, 84
85, 84, 86
87, 72, 88
87, 89, 90
93, 182, 91
91, 183, 92
184, 92, 183
69, 185, 94
95, 111, 96
98, 109, 99
105, 103, 102
113, 99, 109
109, 122, 113
122, 124, 113
103, 113, 101
132, 97, 105
129, 132, 105
113, 124, 101
102, 129, 105
97, 96, 104
103, 105, 104
107, 113, 103
98, 186, 108
110, 112, 111
108, 186, 112
100, 99, 113
95, 97, 132
132, 125, 95
114, 122, 108
125, 119, 95
108, 110, 114
95, 119, 114
122, 109, 108
101, 124, 115
115, 119, 125
125, 116, 115
114, 119, 117
119, 115, 120
114, 118, 121
115, 124, 123
122, 121, 123
125, 132, 126
125, 127, 128
129, 102, 130
129, 131, 126
116, 128, 133
101, 133, 130
134, 147, 135
40, 141, 137
138, 153, 139
141, 145, 142
143, 134, 136
145, 151, 146
147, 138, 140
148, 155, 149
151, 176, 152
153, 148, 150
164, 144, 158
135, 140, 150
150, 149, 156
140, 139, 150
158, 144, 154
136, 135, 156
156, 154, 136
135, 150, 156
155, 162, 156
154, 187, 157
168, 170, 161
171, 159, 161
161, 170, 171
162, 187, 154
163, 143, 144
69, 41, 146
137, 142, 41
146, 152, 69
169, 172, 167
173, 165, 167
167, 172, 173
74, 83, 168
76, 90, 169
77, 74, 161
79, 77, 160
170, 82, 81
83, 82, 170
84, 76, 167
86, 84, 166
172, 89, 88
90, 89, 172
175, 188, 93
93, 92, 175
189, 174, 92
176, 185, 69
