# Project Zomboid Skinned Mesh
# File Version:
1.0
# Model Name:
Cube
# Vertex Stride Element Count:
3
# Vertex Stride Size (in bytes):
76
# Vertex Stride Data:
# (Int)    Offset
# (String) Type
0
VertexArray
12
NormalArray
24
TextureCoordArray
# Vertex Count:
247
# Vertex Buffer:
-0.0, 0.3021518, -0.01422262
0.0, -0.99996948, 0.0
0.444195, 0.9502455
0.01067812, 0.3021518, -0.02358331
0.50230414, -0.59025848, -0.63185525
0.45217898, 0.9445926
0.01284491, 0.3021518, -0.01422262
0.74040955, -0.64992219, -0.17136143
0.45217898, 0.95827657
0.01284491, 0.25553662, 0.0157688
0.68810081, 0.06283761, 0.72286141
0.56104439, 0.84120679
0.01284491, 0.10297039, -0.01422262
0.86849576, -0.18817712, -0.45857114
0.33801389, 0.79736352
0.01284491, 0.32565749, -0.01422262
0.99996948, 0.0, 0.0
0.66355145, 0.79736352
-0.0, 0.25553662, 0.0157688
0.0, 0.08661153, 0.9962157
0.56104439, 0.85987258
0.01284491, 0.32565749, 0.00348283
0.74306464, 0.11548204, 0.65913874
0.66355145, 0.82324642
-0.0, 0.32565749, 0.00348283
0.0, 0.17258216, 0.98498487
0.66355145, 0.84202194
0.00853151, 0.6231786, 0.00348283
0.70543534, 0.00509659, 0.70873135
0.92147547, 0.98415947
-0.0, 0.32565749, 0.00348283
0.0, 0.0, 1.0
0.48667541, 0.9999963
0.01284491, 0.32565749, 0.00348283
0.71028781, 0.01028474, 0.70381784
0.48654112, 0.98415947
-0.0, 0.13174535, 0.0157688
0.0, 0.11310159, 0.99356061
0.38007894, 0.85986698
0.01284491, 0.06678538, 0.03075538
0.72008425, 0.19403668, 0.66618854
0.28511646, 0.86311507
0.01284491, 0.13174535, 0.0157688
0.73345137, 0.07687613, 0.67534411
0.38007894, 0.84120679
-0.0, -0.0981785, 0.07985082
0.0, -0.5658437, 0.82448804
0.04396221, 0.96376866
0.01284491, -0.01720578, 0.06047859
0.69542527, 0.20374157, 0.68907744
0.16233307, 0.90656632
-0.0, -0.01720578, 0.06047859
0.0, 0.28351694, 0.95895261
0.16233307, 0.92632174
-0.0, 0.06678538, 0.03075538
0.0, 0.27964109, 0.96008182
0.28511646, 0.88102174
0.01284491, 0.04124354, 0.01111004
0.79781485, -0.01263466, -0.60274059
0.24777785, 0.83439636
-0.0, 0.10297039, -0.01422262
0.0, -0.37965026, -0.9251076
0.33245701, 0.78276789
0.01284491, -0.10755465, 0.00976839
0.57417524, -0.63502914, -0.51670891
0.03025559, 0.83243501
-0.0, 0.01350911, 0.00106554
0.0, 0.13739432, -0.99050874
0.2093257, 0.79799825
0.01284491, 0.01350911, 0.00106554
0.6631062, 0.10284737, -0.74138618
0.207234, 0.8197127
-0.0, 0.04124354, 0.01111004
0.0, -0.02096622, -0.99975586
0.24892803, 0.81404203
0.01284491, -0.0981785, 0.07985082
0.57216102, -0.46406445, 0.67616808
0.04396221, 0.93488586
-0.0, 0.63932949, -0.01422262
0.0, 0.70708334, -0.70708334
0.94508582, 0.94568318
0.00853151, 0.6231786, -0.01422262
0.89159822, 0.26477858, -0.36729026
0.92147553, 0.95827657
-0.0, 0.6231786, -0.01422262
0.0, 0.70708334, -0.70708334
0.92147553, 0.94568318
0.01284491, 0.32565749, -0.01422262
0.99987793, 0.01446577, 0.0
0.48654112, 0.95827657
-0.0, 0.32565731, -0.02358331
0.0, 0.0, -1.0
0.48568425, 0.93752521
-0.0, 0.3021518, -0.02358331
0.0, -0.70708334, -0.70708334
0.444195, 0.93752521
0.00636472, 0.6231786, -0.02358331
0.49790949, 0.59358501, -0.63219094
0.92147547, 0.9445926
-0.0, 0.10297039, -0.01422262
0.0, -0.31412703, -0.94936979
0.26202959, 0.62379962
0.00826304, 0.13125947, -0.02358331
0.48915067, -0.10571612, -0.86574906
0.3033843, 0.61531407
0.01284491, 0.10297039, -0.01422262
0.19837031, -0.27878657, -0.93963438
0.26202959, 0.62899804
0.01284491, 0.18538968, -0.01422262
0.48826563, -0.38608965, -0.78261667
0.38251531, 0.62899804
0.00826304, 0.3021518, -0.02358331
0.52931303, 0.0, -0.84841454
0.55320501, 0.61531407
0.01284491, 0.3021518, -0.01422262
0.89815974, 0.0, -0.43961912
0.55320501, 0.62899804
0.00826304, 0.18538968, -0.02358331
0.42139959, -0.60512102, -0.67543566
0.38251525, 0.61531407
-0.0, 0.3021518, -0.02358331
0.0, 0.0, -1.0
0.55320501, 0.60924506
0.00583403, 0.69259638, -0.01653182
0.71727651, 0.63023776, -0.29709768
0.82254732, 0.55940586
0.00241653, 0.6231786, -0.01994931
0.38267159, 0.0, -0.92385632
0.72106814, 0.55441001
0.00241654, 0.69259638, -0.01994933
0.29709768, 0.63026828, -0.717246
0.82254732, 0.55441001
0.00583403, 0.69259638, -0.01169875
0.71727651, 0.63023776, 0.29709768
0.82254732, 0.56647119
0.00583403, 0.6231786, -0.01653182
0.92385632, 0.0, -0.38267159
0.72106814, 0.55940586
0.00241654, 0.69259638, -0.00828127
0.29709768, 0.63026828, 0.717246
0.82254732, 0.57146701
0.00583403, 0.6231786, -0.01169875
0.92385632, 0.0, 0.38267159
0.72106814, 0.56647119
-0.0, 0.69259638, -0.00828127
0.0, 0.70708334, 0.70708334
0.82254732, 0.57515591
0.00241653, 0.6231786, -0.00828126
0.38267159, 0.0, 0.92385632
0.72106814, 0.57146701
0.00853151, 0.63932949, 0.00348283
0.57734919, 0.57734919, 0.57734919
0.94508582, 0.98415947
-0.0, 0.63932949, 0.00348283
0.0, 0.70708334, 0.70708334
0.94508582, 0.9999963
-0.0, 0.69259638, -0.00828127
0.0, 0.70708334, 0.70708334
0.8427459, 0.57204008
0.00583403, 0.69259638, -0.01169875
0.71727651, 0.63023776, 0.29709768
0.83423686, 0.56705561
0.00583403, 0.69259638, -0.01653182
0.71727651, 0.63023776, -0.29709768
0.8342368, 0.5600065
-0.0, 0.6231786, -0.01994931
0.0, 0.0, -0.99996948
0.72098267, 0.55073753
-0.0, 0.69259638, -0.01994933
0.0, 0.70708334, -0.70708334
0.82254732, 0.55073753
0.01067812, 0.32565749, -0.02358331
0.62401193, 0.00451674, -0.78136539
0.48654112, 0.9445926
0.01284491, 0.13796043, -0.01422262
0.48826563, 0.38608965, -0.78261667
0.31318009, 0.62899804
0.00826304, 0.13796043, -0.02358331
0.42139959, 0.60512102, -0.67543566
0.31318009, 0.61531407
-0.0, 0.13796043, -0.02358331
0.0, 0.70708334, -0.70708334
0.31318009, 0.61014277
0.00540683, 0.18538968, -0.01957067
0.26502272, -0.83184302, -0.48759422
0.38251519, 0.58770937
-0.0, 0.18538968, -0.02358331
0.0, -0.70708334, -0.70708334
0.38251525, 0.59964436
0.00826304, 0.18538968, -0.02358331
0.42139959, -0.60512102, -0.67543566
0.38251525, 0.5935753
0.00887312, 0.18538968, -0.01422262
0.37699515, -0.61375773, -0.69362468
0.38251525, 0.62899804
0.00540683, 0.13796043, -0.01957067
0.26502272, 0.83184302, -0.48759422
0.31318015, 0.62118
-0.0, 0.18538968, -0.01957067
0.0, -0.70708334, -0.70708334
0.38251525, 0.61426371
0.00540683, 0.18538968, -0.01957067
0.26502272, -0.83184302, -0.48759422
0.38251519, 0.62118
0.00887312, 0.13796043, -0.01422262
0.37699515, 0.61375773, -0.69362468
0.31318015, 0.62899804
0.00641532, 0.19470127, 0.02369472
0.65245521, 0.33283487, 0.68077642
0.47211161, 0.88638717
-0.0, 0.2037289, 0.0157688
0.0, 0.65974915, 0.75145727
0.49211684, 0.88337427
-0.0, 0.19470127, 0.02369472
0.0, 0.43919188, 0.89837337
0.47611248, 0.89510536
0.00800562, 0.11503103, -0.01744383
0.75786614, 0.0, -0.65236366
0.27966055, 0.51725781
0.00331603, 0.08230178, -0.02213341
0.29709768, -0.63023776, -0.71727651
0.23181495, 0.51040226
0.00331603, 0.13720076, -0.02213341
0.70708334, 0.0, -0.70708334
0.31206983, 0.51040226
0.00641532, 0.09719397, 0.02225017
0.74877161, 0.5683462, -0.3409833
0.32956955, 0.88427538
-0.0, 0.1062946, 0.03741796
0.0, 0.40565202, -0.91399884
0.34906244, 0.89817452
0.00641533, 0.1062946, 0.03741796
0.86178166, 0.20575579, -0.46360669
0.34287348, 0.90644866
0.00800562, 0.09541695, -0.01081173
0.99267554, 0.0, 0.12073122
0.25098738, 0.5269531
0.00800563, 0.08230178, -0.01744385
0.71727651, -0.63023776, -0.29709768
0.23181495, 0.51725781
-0.0, 0.12897417, 0.03293985
0.0, -0.77254558, -0.63490707
0.3721267, 0.89926028
0.00641533, 0.12897417, 0.03293985
0.88088626, -0.36564225, -0.30048525
0.37602767, 0.89990222
0.00331604, 0.08463529, -0.00612216
0.47398296, 0.0, 0.88052005
0.23522615, 0.53380853
0.00800562, 0.08230178, -0.01081173
0.71727651, -0.63023776, 0.29709768
0.23181495, 0.5269531
-0.0, 0.08463529, -0.00612216
0.0, 0.0, 1.0
0.23335826, 0.53635806
0.00331603, 0.08230178, -0.00612213
0.29709768, -0.63023776, 0.71727651
0.23181495, 0.53380865
-0.0, 0.10253882, 0.04131825
0.0, -0.39109468, 0.92031616
0.33458003, 0.92085803
0.00641532, 0.10253882, 0.04131825
0.6006043, -0.31269264, 0.7358318
0.33738303, 0.91215026
-0.0, 0.12897417, 0.0157688
0.0, -1.0, 0.0
0.36526725, 0.87726897
0.00641541, 0.12897417, 0.0157688
0.70708334, -0.70708334, 0.0
0.37602767, 0.87480056
-0.0, 0.08230178, -0.02213341
0.0, -0.70708334, -0.70708334
0.23181495, 0.50683498
-0.0, 0.09141573, 0.02427254
0.0, -0.83745843, 0.54646444
0.31144193, 0.89504468
0.00641533, 0.09141573, 0.02427254
0.64598531, -0.6392712, 0.41712698
0.32112268, 0.88723195
0.00331603, 0.13720076, -0.02504255
0.57734919, 0.57734919, -0.57734919
0.31206983, 0.50614959
-0.0, 0.13720076, -0.02213341
0.0, 1.0, 0.0
0.31206983, 0.50752354
0.00331603, 0.10437122, -0.02504255
0.67757195, -0.10058901, -0.72850734
0.26407754, 0.50614959
0.00331603, 0.09403805, -0.02213341
0.08783227, -0.13623463, -0.98675495
0.24897173, 0.51040226
-0.0, 0.09403805, -0.02213341
0.0, -0.13678396, -0.99060029
0.24897173, 0.50683498
-0.0, 0.10437122, -0.02504257
0.0, -0.13678396, -0.99060029
0.26407754, 0.50200278
-0.0, 0.13720076, -0.02504255
0.0, 0.70708334, -0.70708334
0.31206983, 0.50200278
0.00540683, 0.1539741, -0.01957067
0.0, 0.58644366, -0.80996126
0.3213194, 0.5028373
0.03370538, 0.1414085, -0.01957067
0.57734919, -0.57734919, -0.57734919
0.36439782, 0.5219658
0.00540683, 0.1414085, -0.01957067
0.0, -0.58644366, -0.80996126
0.32131934, 0.5219658
0.03370538, 0.1414085, -0.00741235
0.57734919, -0.57734919, 0.57734919
0.36439782, 0.5219658
0.01103361, 0.1539741, -0.00741235
0.0, 0.78707236, 0.61684012
0.32988489, 0.5028373
0.01103361, 0.1414085, -0.00741235
0.0, -0.78707236, 0.61684012
0.32988489, 0.5219658
0.03370538, 0.1539741, -0.01957067
0.57734919, 0.57734919, -0.57734919
0.36439782, 0.5028373
0.03370538, 0.1539741, -0.00741235
0.57734919, 0.57734919, 0.57734919
0.36439782, 0.5028373
0.00530897, 0.68369842, -0.03018836
0.75475323, 0.59642321, -0.27304912
0.80953979, 0.53045091
0.00241654, 0.67502505, -0.01994933
0.62361521, -0.76158941, 0.17615284
0.79686081, 0.54541877
0.00530897, 0.67502505, -0.03018836
0.75475323, -0.59642321, -0.27304912
0.79686081, 0.53045091
-0.0, 0.67502505, -0.03382974
0.0, -0.59923095, -0.80056155
0.79129231, 0.53045091
-0.0, 0.67502505, -0.01994933
0.0, -0.99996948, 0.0
0.79129231, 0.54541877
-0.0, 0.68369842, -0.01994933
0.0, 0.99996948, 0.0
0.81505805, 0.54541877
-0.0, 0.68369842, -0.03382974
0.0, 0.59923095, -0.80056155
0.81505805, 0.53045091
-0.0, 0.29096264, -0.02358331
0.0, 0.13913389, -0.99026459
0.54376894, 0.50607705
0.00826304, 0.24984403, -0.02936152
0.0, 0.13913389, -0.99026459
0.47605813, 0.51955158
-0.0, 0.24984403, -0.02936152
0.0, 0.13913389, -0.99026459
0.47605813, 0.50607705
-0.0, 0.66963243, 0.00176348
0.0, 0.70708334, 0.70708334
0.79263371, 0.58859339
0.00284324, 0.63932949, 0.00176349
0.86602372, 0.0, 0.49998474
0.7446785, 0.58615103
0.00284324, 0.66963243, 0.00176348
0.72057253, 0.55467391, 0.4159978
0.78897727, 0.58615103
-0.0, 0.63932949, -0.00316115
0.0, 0.0, -0.99996948
0.7446785, 0.57895187
-0.0, 0.66963243, -0.00316117
0.0, 0.55467391, -0.83202612
0.78897727, 0.57895187
-0.0, 0.6231786, 0.00348283
0.0, 0.0, 1.0
0.92147547, 0.9999963
0.00853151, 0.63932949, -0.01422262
0.57734919, 0.57734919, -0.57734919
0.94508582, 0.95827657
-0.0, 0.3021518, -0.01422262
0.0, -0.99996948, 0.0
0.444195, 0.04975283
-0.01067813, 0.3021518, -0.02358331
-0.50230414, -0.59025848, -0.63185525
0.45217898, 0.05540574
-0.0, 0.3021518, -0.02358331
0.0, -0.70708334, -0.70708334
0.444195, 0.06247318
-0.01284492, 0.10297039, -0.01422262
-0.86849576, -0.18817712, -0.45857114
0.33801389, 0.20263481
-0.01284492, 0.13174535, 0.0157688
-0.73345137, 0.07687613, 0.67534411
0.38007894, 0.15879154
-0.01284492, 0.25553662, 0.0157688
-0.68810081, 0.06283761, 0.72286141
0.56104439, 0.15879154
-0.01284492, 0.32565749, 0.00348283
-0.74306464, 0.11548204, 0.65913874
0.66355145, 0.17675197
-0.0, 0.25553662, 0.0157688
0.0, 0.08661153, 0.9962157
0.56104439, 0.14012575
-0.0, 0.32565749, 0.00348283
0.0, 0.17258216, 0.98498487
0.66355145, 0.15797639
-0.0, 0.32565749, 0.00348283
0.0, 0.0, 1.0
0.48667541, 2.03e-06
-0.00853151, 0.6231786, 0.00348283
-0.70543534, 0.00509659, 0.70873135
0.92147547, 0.01583886
-0.01284492, 0.32565749, 0.00348283
-0.71028781, 0.01028474, 0.70381784
0.48654112, 0.01583886
-0.01284492, 0.06678538, 0.03075538
-0.72008425, 0.19403668, 0.66618854
0.28511646, 0.13688326
-0.0, 0.13174535, 0.0157688
0.0, 0.11310159, 0.99356061
0.38007894, 0.14013135
-0.01284492, -0.01720578, 0.06047859
-0.69542527, 0.20374157, 0.68907744
0.16233307, 0.09343207
-0.0, -0.0981785, 0.07985082
0.0, -0.5658437, 0.82448804
0.04396221, 0.03622973
-0.0, -0.01720578, 0.06047859
0.0, 0.28351694, 0.95895261
0.16233307, 0.07367659
-0.0, 0.06678538, 0.03075538
0.0, 0.27964109, 0.96008182
0.28511646, 0.11897659
-0.0, 0.10297039, -0.01422262
0.0, -0.37965026, -0.9251076
0.33245701, 0.21723044
-0.01284492, 0.04124354, 0.01111004
-0.79781485, -0.01263466, -0.60274059
0.24777785, 0.16560197
-0.0, 0.01350911, 0.00106554
0.0, 0.13739432, -0.99050874
0.2093257, 0.20200014
-0.01284492, -0.10755465, 0.00976839
-0.57417524, -0.63502914, -0.51670891
0.03025559, 0.16756332
-0.01284492, 0.01350911, 0.00106554
-0.6631062, 0.10284737, -0.74138618
0.207234, 0.18028569
-0.0, 0.04124354, 0.01111004
0.0, -0.02096622, -0.99975586
0.24892803, 0.18595636
-0.01284492, -0.0981785, 0.07985082
-0.57216102, -0.46406445, 0.67616808
0.04396221, 0.06511247
-0.00853151, 0.6231786, -0.01422262
-0.89159822, 0.26477858, -0.36729026
0.92147553, 0.04172182
-0.0, 0.63932949, -0.01422262
0.0, 0.70708334, -0.70708334
0.94508582, 0.05431521
-0.0, 0.6231786, -0.01422262
0.0, 0.70708334, -0.70708334
0.92147553, 0.05431521
-0.01284492, 0.32565749, -0.01422262
-0.99987793, 0.01446577, 0.0
0.48654112, 0.04172182
-0.0, 0.32565731, -0.02358331
0.0, 0.0, -1.0
0.48568425, 0.06247318
-0.00636472, 0.6231786, -0.02358331
-0.49790949, 0.59358501, -0.63219094
0.92147547, 0.05540574
-0.01284492, 0.3021518, -0.01422262
-0.74040955, -0.64992219, -0.17136143
0.45217898, 0.04172182
-0.0, 0.10297039, -0.01422262
0.0, -0.31412703, -0.94936979
0.26202959, 0.58508974
-0.00826305, 0.13125947, -0.02358331
-0.48915067, -0.10571612, -0.86574906
0.3033843, 0.5935753
-0.0, 0.13125947, -0.02358331
0.0, -0.15909299, -0.98724324
0.3033843, 0.5987466
-0.00826305, 0.3021518, -0.02358331
-0.52931303, 0.0, -0.84841454
0.55320501, 0.5935753
-0.01022715, 0.18538968, -0.01957067
-0.74324781, -0.19589831, -0.63963741
0.38251525, 0.58770943
-0.01284492, 0.3021518, -0.01422262
-0.89815974, 0.0, -0.43961912
0.55320501, 0.57989132
-0.0, 0.3021518, -0.02358331
0.0, 0.0, -1.0
0.55320501, 0.59964436
-0.00826305, 0.18538968, -0.02358331
-0.42139959, -0.60512102, -0.67543566
0.38251525, 0.5935753
-0.00241653, 0.6231786, -0.01994931
-0.38267159, 0.0, -0.92385632
0.72106814, 0.55441001
-0.00583404, 0.69259638, -0.01653182
-0.71727651, 0.63023776, -0.29709768
0.82254732, 0.55940586
-0.00241654, 0.69259638, -0.01994933
-0.29706717, 0.63020724, -0.71730703
0.82254732, 0.55441001
-0.00583403, 0.6231786, -0.01653182
-0.92385632, 0.0, -0.38267159
0.72106814, 0.55940586
-0.00583403, 0.69259638, -0.01169875
-0.71727651, 0.63023776, 0.29709768
0.82254732, 0.56647119
-0.00583403, 0.6231786, -0.01169875
-0.92385632, 0.0, 0.38267159
0.72106814, 0.56647119
-0.00241654, 0.69259638, -0.00828127
-0.29709768, 0.63023776, 0.71727651
0.82254732, 0.57146701
-0.00241653, 0.6231786, -0.00828126
-0.38267159, 0.0, 0.92385632
0.72106814, 0.57146701
-0.00853151, 0.63932949, 0.00348283
-0.57734919, 0.57734919, 0.57734919
0.94508582, 0.98415947
-0.00583404, 0.69259638, -0.01653182
-0.71727651, 0.63023776, -0.29709768
0.8342368, 0.5600065
-0.0, 0.69259638, -0.01994933
0.0, 0.70708334, -0.70708334
0.8427459, 0.55502203
-0.01067813, 0.32565749, -0.02358331
-0.62401193, 0.00451674, -0.78136539
0.48654112, 0.05540574
-0.0, 0.6231786, -0.02358331
0.0, 0.70708334, -0.70708334
0.92147547, 0.06247318
-0.01022714, 0.13796043, -0.01957069
-0.74324781, 0.19589831, -0.63963741
0.31318009, 0.58770943
-0.01284492, 0.13796043, -0.01422262
-0.89815974, 0.0, -0.43961912
0.31318009, 0.57989132
-0.0, 0.13796043, -0.02358331
0.0, 0.70708334, -0.70708334
0.31318009, 0.5987466
-0.00826305, 0.13796043, -0.02358331
-0.42139959, 0.60512102, -0.67543566
0.31318009, 0.5935753
-0.0, 0.13796043, -0.01957067
0.0, 0.70708334, -0.70708334
0.31318009, 0.59461015
-0.00826305, 0.18538968, -0.02358331
-0.42139959, -0.60512102, -0.67543566
0.38251525, 0.61531407
-0.01022715, 0.18538968, -0.01957067
-0.74324781, -0.19589831, -0.63963741
0.38251525, 0.62117994
-0.0, 0.18538968, -0.01957067
0.0, -0.70708334, -0.70708334
0.38251525, 0.59462571
-0.00641532, 0.19470127, 0.02369472
-0.65245521, 0.33283487, 0.68077642
0.47211161, 0.11361122
-0.0, 0.2037289, 0.0157688
0.0, 0.65974915, 0.75145727
0.49211684, 0.11662412
-0.00641541, 0.2037289, 0.0157688
-0.41691336, 0.59965819, 0.68303478
0.48530895, 0.12519777
-0.00331603, 0.08230178, -0.02213341
-0.29709768, -0.63023776, -0.71727651
0.23181495, 0.51040226
-0.00800562, 0.11503103, -0.01744383
-0.75786614, 0.0, -0.65236366
0.27966055, 0.51725781
-0.00331603, 0.13720076, -0.02213341
-0.70708334, 0.0, -0.70708334
0.31206983, 0.51040226
-0.0, 0.1062946, 0.03741796
0.0, 0.40565202, -0.91399884
0.34906244, 0.10182381
-0.00641532, 0.09719397, 0.02225017
-0.74877161, 0.5683462, -0.3409833
0.32956955, 0.11572301
-0.00641533, 0.1062946, 0.03741796
-0.86178166, 0.20575579, -0.46360669
0.34287348, 0.09354973
-0.00800564, 0.08230178, -0.01744385
-0.71727651, -0.63023776, -0.29709768
0.23181495, 0.51725781
-0.00800563, 0.09541695, -0.01081173
-0.99267554, 0.0, 0.12073122
0.25098738, 0.5269531
-0.0, 0.12897417, 0.03293985
0.0, -0.77254558, -0.63490707
0.3721267, 0.10073805
-0.00641533, 0.12897417, 0.03293985
-0.88088626, -0.36564225, -0.30048525
0.37602767, 0.10009611
-0.00800563, 0.08230178, -0.01081173
-0.71727651, -0.63023776, 0.29709768
0.23181495, 0.5269531
-0.00331604, 0.08463529, -0.00612216
-0.47398296, 0.0, 0.88052005
0.23522615, 0.53380853
-0.00331603, 0.08230178, -0.00612213
-0.29709768, -0.63023776, 0.71727651
0.23181495, 0.53380865
-0.0, 0.10253882, 0.04131825
0.0, -0.39109468, 0.92031616
0.33458003, 0.07914031
-0.00641532, 0.10253882, 0.04131825
-0.6006043, -0.31269264, 0.7358318
0.33738303, 0.08784807
-0.0, 0.12897417, 0.0157688
0.0, -1.0, 0.0
0.36526725, 0.12272942
-0.00641541, 0.12897417, 0.0157688
-0.70708334, -0.70708334, 0.0
0.37602767, 0.12519777
-0.0, 0.08230178, -0.00612214
0.0, -0.70708334, 0.70708334
0.23181495, 0.53598195
-0.0, 0.09141573, 0.02427254
0.0, -0.83745843, 0.54646444
0.31144193, 0.10495365
-0.00641533, 0.09141573, 0.02427254
-0.64598531, -0.6392712, 0.41712698
0.32112268, 0.11276639
-0.00331603, 0.13720076, -0.02504255
-0.57734919, 0.57734919, -0.57734919
0.31206983, 0.50614959
-0.00331603, 0.10437122, -0.02504255
-0.67757195, -0.10058901, -0.72850734
0.26407754, 0.50614959
-0.00331603, 0.09403805, -0.02213341
-0.08783227, -0.13623463, -0.98675495
0.24897173, 0.51040226
-0.00241654, 0.67502505, -0.01994933
-0.62361521, -0.76158941, 0.17615284
0.79686081, 0.54541877
-0.00530897, 0.68369842, -0.03018836
-0.75475323, 0.59642321, -0.27304912
0.80953979, 0.53045091
-0.00530897, 0.67502505, -0.03018836
-0.75475323, -0.59642321, -0.27304912
0.79686081, 0.53045091
-0.00241654, 0.68369842, -0.01994933
-0.62361521, 0.76158941, 0.17615284
0.80953979, 0.54541877
-0.00826305, 0.24984403, -0.02936152
0.0, 0.13913389, -0.99026459
0.47605813, 0.51955158
-0.00284324, 0.63932949, 0.00176349
-0.86602372, 0.0, 0.49998474
0.7446785, 0.58615103
-0.00284324, 0.66963243, 0.00176348
-0.72057253, 0.55467391, 0.4159978
0.78897727, 0.58615103
-0.0, 0.6231786, 0.00348283
0.0, 0.0, 1.0
0.92147547, 2.03e-06
-0.00853151, 0.63932949, 0.00348283
-0.57734919, 0.57734919, 0.57734919
0.94508582, 0.01583886
-0.00853151, 0.63932949, -0.01422262
-0.57734919, 0.57734919, -0.57734919
0.94508582, 0.04172182
-0.0, -0.10755465, 0.00976839
0.0, -0.77565843, -0.63112277
0.02518055, 0.81310314
-0.0, 0.6231786, -0.02358331
0.0, 0.70708334, -0.70708334
0.92147547, 0.93752521
-0.0, 0.13125947, -0.02358331
0.0, -0.15909299, -0.98724324
0.3033843, 0.61014277
-0.0, 0.18538968, -0.02358331
0.0, -0.70708334, -0.70708334
0.38251525, 0.60924506
-0.0, 0.6231786, -0.00828126
0.0, 0.0, 1.0
0.7210018, 0.57515591
0.00241654, 0.69259638, -0.01994933
0.29709768, 0.63026828, -0.717246
0.83922124, 0.55502203
0.00241654, 0.69259638, -0.00828127
0.29709768, 0.63026828, 0.717246
0.83922124, 0.57204008
-0.0, 0.13796043, -0.01957067
0.0, 0.70708334, -0.70708334
0.31318009, 0.61427921
0.00641541, 0.2037289, 0.0157688
0.41691336, 0.59965819, 0.68303478
0.48530895, 0.87480056
-0.0, 0.09719397, 0.02225017
0.0, 0.85747856, -0.51448101
0.33629063, 0.8796432
0.00241654, 0.68369842, -0.01994933
0.62361521, 0.76158941, 0.17615284
0.80953979, 0.54541877
0.00826304, 0.29096264, -0.02358331
0.0, 0.13913389, -0.99026459
0.54376894, 0.51955163
-0.0, 0.63932949, 0.00176349
0.0, 0.0, 1.0
0.74486983, 0.59063259
-0.01284492, 0.32565749, -0.01422262
-0.99996948, 0.0, 0.0
0.66355145, 0.20263481
-0.0, -0.10755465, 0.00976839
0.0, -0.77565843, -0.63112277
0.02518055, 0.18689525
-0.01284492, 0.10297039, -0.01422262
-0.19837031, -0.27878657, -0.93963438
0.26202959, 0.57989132
-0.01284492, 0.18538968, -0.01422262
-0.89815974, 0.0, -0.43961912
0.38251531, 0.57989132
-0.00853151, 0.63932949, -0.01422262
-0.57734919, 0.57734919, -0.57734919
0.94508582, 0.95827657
-0.00241654, 0.69259638, -0.01994933
-0.29706717, 0.63020724, -0.71730703
0.83922124, 0.55502203
-0.00583403, 0.69259638, -0.01169875
-0.71727651, 0.63023776, 0.29709768
0.83423686, 0.56705561
-0.00241654, 0.69259638, -0.00828127
-0.29709768, 0.63023776, 0.71727651
0.83922124, 0.57204008
-0.0, 0.19470127, 0.02369472
0.0, 0.43919188, 0.89837337
0.47611248, 0.10489297
-0.0, 0.09719397, 0.02225017
0.0, 0.85747856, -0.51448101
0.33629063, 0.12035513
-0.00826305, 0.29096264, -0.02358331
0.0, 0.13913389, -0.99026459
0.54376894, 0.51955163
-0.0, 0.63932949, 0.00348283
0.0, 0.70708334, 0.70708334
0.94508582, 2.03e-06
# Number of Faces:
294
# Face Data:
0, 1, 2
3, 4, 5
6, 7, 8
9, 10, 11
12, 13, 14
15, 16, 17
13, 4, 14
17, 13, 18
19, 20, 4
21, 22, 23
23, 24, 19
16, 19, 13
15, 21, 25
16, 21, 23
26, 27, 28
27, 11, 29
12, 3, 6
30, 1, 31
32, 28, 27
1, 29, 2
33, 34, 35
36, 37, 38
39, 40, 37
41, 42, 43
44, 45, 41
46, 47, 44
48, 49, 46
50, 26, 51
52, 53, 54
43, 55, 56
57, 27, 29
30, 32, 57
58, 34, 59
34, 60, 59
61, 62, 63
64, 39, 36
65, 66, 67
68, 67, 64
60, 65, 59
58, 64, 36
59, 68, 58
69, 70, 71
72, 73, 74
75, 76, 77
78, 79, 72
77, 80, 81
82, 83, 78
84, 85, 82
69, 86, 87
81, 88, 89
83, 90, 79
87, 91, 92
93, 94, 74
95, 74, 96
97, 73, 90
93, 98, 99
97, 95, 96
87, 77, 81
100, 101, 102
103, 104, 105
106, 104, 107
101, 105, 102
106, 103, 101
108, 109, 110
111, 108, 110
112, 110, 109
113, 108, 114
115, 116, 117
118, 119, 120
120, 121, 122
50, 123, 9
120, 122, 118
124, 9, 27
125, 126, 127
128, 129, 130
131, 132, 133
134, 135, 136
137, 138, 129
139, 140, 141
128, 137, 129
137, 141, 142
143, 144, 128
145, 146, 147
148, 147, 144
144, 139, 137
146, 140, 149
139, 146, 149
150, 151, 152
136, 150, 153
130, 138, 132
126, 154, 127
152, 155, 150
153, 126, 156
157, 158, 159
160, 161, 162
163, 164, 160
165, 166, 167
168, 169, 166
170, 171, 169
172, 48, 171
26, 173, 51
174, 52, 175
55, 167, 56
176, 150, 155
154, 155, 177
178, 158, 179
180, 158, 181
182, 181, 178
183, 66, 184
185, 178, 161
179, 161, 178
186, 187, 188
189, 190, 191
192, 193, 194
195, 196, 190
197, 194, 198
199, 200, 196
201, 84, 200
202, 186, 203
204, 198, 205
90, 206, 199
207, 203, 208
94, 209, 191
191, 210, 211
189, 97, 90
98, 209, 99
97, 210, 98
194, 203, 198
212, 213, 214
213, 111, 214
214, 112, 212
113, 213, 215
216, 115, 117
217, 118, 218
121, 218, 122
219, 220, 135
218, 118, 122
135, 221, 150
0, 31, 1
5, 7, 3
3, 14, 4
6, 3, 7
9, 123, 10
12, 18, 13
15, 25, 16
13, 19, 4
17, 16, 13
19, 24, 20
21, 222, 22
23, 22, 24
16, 23, 19
15, 222, 21
16, 25, 21
26, 124, 27
27, 9, 11
12, 14, 3
30, 57, 1
32, 223, 28
1, 57, 29
33, 224, 34
36, 39, 37
39, 225, 40
41, 45, 42
44, 47, 45
46, 49, 47
48, 226, 49
50, 124, 26
54, 227, 175
175, 52, 54
228, 53, 52
43, 42, 55
57, 32, 27
30, 223, 32
58, 35, 34
34, 224, 60
61, 185, 62
64, 67, 39
65, 229, 66
68, 65, 67
60, 229, 65
58, 68, 64
59, 65, 68
69, 230, 70
72, 79, 73
75, 231, 76
78, 83, 79
77, 76, 80
82, 85, 83
84, 206, 85
69, 71, 86
81, 80, 88
73, 79, 90
83, 85, 206
206, 90, 83
87, 86, 91
93, 99, 94
95, 93, 74
97, 96, 73
93, 95, 98
97, 98, 95
81, 89, 69
230, 69, 89
87, 92, 77
92, 75, 77
81, 69, 87
100, 106, 101
103, 107, 104
106, 100, 104
101, 103, 105
106, 107, 103
108, 232, 109
111, 114, 108
112, 111, 110
113, 232, 108
115, 233, 116
118, 234, 119
120, 119, 121
50, 51, 123
124, 50, 9
125, 156, 126
130, 131, 235
235, 128, 130
131, 130, 132
134, 219, 135
137, 142, 138
139, 149, 140
128, 144, 137
137, 139, 141
143, 148, 144
145, 236, 146
148, 145, 147
144, 147, 139
146, 236, 140
139, 147, 146
150, 221, 151
136, 135, 150
130, 129, 138
126, 176, 154
152, 177, 155
153, 176, 126
157, 237, 158
238, 162, 161
160, 164, 161
163, 62, 164
165, 168, 166
168, 170, 169
170, 172, 171
172, 226, 48
26, 239, 173
175, 240, 174
174, 241, 52
242, 52, 241
55, 165, 167
176, 153, 150
154, 176, 155
237, 179, 158
178, 181, 158
180, 159, 158
182, 180, 181
183, 225, 66
185, 182, 178
179, 238, 161
186, 243, 187
189, 195, 190
192, 244, 193
195, 199, 196
197, 192, 194
199, 201, 200
201, 206, 84
202, 243, 186
204, 197, 198
199, 195, 90
189, 90, 195
206, 201, 199
207, 202, 203
94, 99, 209
191, 209, 210
189, 211, 97
98, 210, 209
97, 211, 210
188, 205, 186
194, 193, 208
186, 205, 198
194, 208, 203
186, 198, 203
212, 215, 213
213, 114, 111
214, 111, 112
113, 114, 213
216, 245, 115
217, 234, 118
121, 217, 218
219, 246, 220
135, 220, 221
