# Project Zomboid Skinned Mesh
# File Version:
1.0
# Model Name:
Cube.010
# Vertex Stride Element Count:
3
# Vertex Stride Size (in bytes):
76
# Vertex Stride Data:
# (Int)    Offset
# (String) Type
0
VertexArray
12
NormalArray
24
TextureCoordArray
# Vertex Count:
314
# Vertex Buffer:
0.01121199, 0.31839484, 0.00285589
0.87636954, 0.22974333, 0.42323068
0.85383183, 0.72310629
0.01121194, 0.1948141, -0.00535227
0.71886349, -0.03750725, -0.69411296
0.6323387, 0.70839494
0.01121203, 0.32988811, -0.00535227
0.53889585, 0.82512891, -0.16940825
0.87443131, 0.70839494
0.0081803, 0.32988811, -0.00535227
0.05566576, 0.96560562, -0.25388348
0.88018298, 0.70897958
0.01121199, 0.19481413, 0.01252066
0.92397839, 0.02584918, 0.38148138
0.63233894, 0.74042839
0.01121186, 0.15372361, -0.00535219
0.91348004, 0.0, -0.40681174
0.55869269, 0.708395
0.0, 0.22610004, -0.00858728
0.0, -0.05148473, -0.99865717
0.68841237, 0.70259684
0.0, 0.19481413, -0.00535227
0.0, -0.05148473, -0.99865717
0.6323387, 0.70839494
0.0081803, 0.31839484, 0.00592773
0.34430984, 0.37095249, 0.8624531
0.8566674, 0.73156908
0.00959846, 0.24366663, -0.00535227
0.38264108, 0.01001007, 0.9238258
0.17525518, 0.24170667
0.0149466, 0.15372361, -0.00835158
0.92367321, 0.01995911, 0.38258004
0.0169012, 0.2322188
0.01328574, 0.24366663, -0.00903955
0.9238258, 0.01001007, 0.38264108
0.17525518, 0.2322188
0.01328574, 0.60153961, -0.01425409
0.92385632, 0.0, -0.38267159
0.80532736, 0.22275174
0.00959846, 0.3352201, -0.01794137
0.38267159, 0.0, -0.92385632
0.33644438, 0.21330941
0.00959846, 0.60153961, -0.01794137
0.38267159, 0.0, -0.92385632
0.80532736, 0.21330941
0.0149466, 0.15372361, -0.01494206
0.92367321, 0.01995911, -0.38258004
0.0169012, 0.22275174
0.00959846, 0.24366663, -0.01794137
0.38264108, 0.01001007, -0.9238258
0.17525518, 0.21330947
0.01328572, 0.24366663, -0.01425409
0.9238258, 0.01001007, -0.38264108
0.17525518, 0.22275174
0.01328574, 0.60153961, -0.00903955
0.92385632, 0.0, 0.38267159
0.80532736, 0.2322188
0.01328572, 0.3352201, -0.01425409
0.92385632, 0.0, -0.38267159
0.33644438, 0.22275174
0.0, 0.15372361, -0.01494206
3.052e-05, 0.99996948, 0.0
0.0169012, 0.27499777
0.00069661, 0.24366663, -0.00903955
-0.92403942, 0.00503555, 0.3822138
0.17525518, 0.260728
0.00069661, 0.24366663, -0.01425409
-0.99996948, 0.00387585, 0.0
0.17525518, 0.27499777
0.00959846, 0.60153961, -0.00535227
0.38267159, 0.0, 0.92385632
0.80532736, 0.24170667
0.01328574, 0.3352201, -0.00903955
0.92385632, 0.0, 0.38267159
0.33644438, 0.2322188
0.00438388, 0.60153961, -0.00535227
-0.38267159, 0.0, 0.92385632
0.80532736, 0.25120801
0.00959846, 0.3352201, -0.00535227
0.38267159, 0.0, 0.92385632
0.33644438, 0.24170667
0.0, 0.15372361, -0.00835158
0.0, 0.03985717, 0.99917603
0.0169012, 0.260728
0.00438388, 0.24366663, -0.00535227
-0.38377026, 0.00802637, 0.92336804
0.17525518, 0.25120801
0.00069661, 0.60153961, -0.00903955
-0.70708334, 0.0, 0.70708334
0.80532736, 0.260728
0.00438388, 0.3352201, -0.00535227
-0.38267159, 0.0, 0.92385632
0.33644438, 0.25120801
0.01028641, 0.15372361, -0.01960225
0.38258004, 0.01995911, -0.92367321
0.0169012, 0.21330947
0.00438388, 0.24366663, -0.01794137
-0.38377026, 0.00802637, -0.92336804
0.17525518, 0.20412868
0.00369592, 0.15372361, -0.00369139
-0.43470564, 0.01992859, 0.90032655
0.0169012, 0.25120801
0.00438388, 0.60153961, -0.01794137
-0.38267159, 0.0, -0.92385632
0.80532736, 0.20412868
0.00069661, 0.3352201, -0.01425409
-0.70708334, 0.0, -0.70708334
0.33644438, 0.19497526
0.00069661, 0.60153961, -0.01425409
-0.70708334, 0.0, -0.70708334
0.80532736, 0.19497526
0.0, 0.15372361, -0.01494206
0.0, 0.02755821, -0.99960327
0.0169012, 0.19497526
0.00069661, 0.24366663, -0.01425409
-0.70708334, 0.00543229, -0.70708334
0.17525518, 0.19497526
0.00438388, 0.3352201, -0.01794137
-0.38267159, 0.0, -0.92385632
0.33644438, 0.20412868
0.00069661, 0.60153961, -0.00903955
0.0, 1.0, 0.0
0.87224728, 0.23085272
0.00959846, 0.60153961, -0.00535227
0.0, 1.0, 0.0
0.85192901, 0.23926878
0.01328574, 0.60153961, -0.01425409
0.0, 1.0, 0.0
0.84351295, 0.21895057
0.01357995, 0.22610004, -0.00858728
0.883816, -0.05587939, -0.46446121
0.68841237, 0.70259684
0.0, 0.31392497, -0.00858728
0.0, 0.09979553, -0.99499494
0.84582061, 0.70259684
0.01358003, 0.31392497, -0.00858728
0.87542343, 0.10614338, -0.47154149
0.84582061, 0.70259684
0.0, 0.32988811, -0.00535227
0.0, 0.95880002, -0.28406629
0.89684749, 0.71142712
0.0, 0.1537237, -0.00535219
0.0, 0.0, -1.0
0.55869269, 0.708395
0.0, 0.13475506, 0.01899808
0.0, 0.11362041, 0.99349958
0.52635503, 0.76845402
0.00818036, 0.19481413, 0.0155925
0.38425854, 0.06198309, 0.92110968
0.63247293, 0.74849105
0.0, 0.19481413, 0.0155925
0.0, 0.06729332, 0.99771112
0.63342333, 0.76344684
0.0, 0.13475506, -0.01378944
0.0, -0.25858334, -0.96597189
0.52469534, 0.677333
0.00818037, 0.14349447, -0.01682209
0.33793145, -0.30393383, -0.89071321
0.5403589, 0.68783754
0.00818037, 0.13475506, -0.01378944
0.33185828, -0.24713889, -0.91036713
0.52469534, 0.69121605
0.0, 0.09140524, -0.00549135
0.0, -0.25693533, -0.96639913
0.44699952, 0.69170937
0.00818038, 0.09140509, -0.00549135
0.32364878, -0.24030274, -0.91512805
0.44699952, 0.70577535
0.0, 0.01934081, 0.06031922
0.0, 0.1150853, 0.99334699
0.32356599, 0.84407225
0.00818036, 0.05254441, 0.06351187
0.32258064, 0.47022921, 0.82146674
0.37817407, 0.83188668
0.0, 0.05254441, 0.06351187
0.0, 0.53263956, 0.84630877
0.38574409, 0.84345081
0.01028641, 0.15372361, -0.01960225
0.3788873, -0.31455427, -0.87032688
0.55869269, 0.68285471
0.01121199, 0.14349447, -0.0137905
0.88204598, -0.24790186, -0.40064698
0.5403589, 0.6932711
0.0149466, 0.15372361, -0.00835158
0.8659932, -0.35572374, 0.35139012
0.55869269, 0.70301926
0.0149466, 0.15372361, -0.01494206
0.8659932, -0.35572374, -0.35139012
0.55869269, 0.69120717
0.01028641, 0.15372361, -0.00369139
0.6699118, -0.31998658, 0.6699118
0.55869269, 0.708395
0.01121199, 0.14349447, -0.00950313
0.99087495, -0.11990722, 0.0614948
0.5403589, 0.70095533
0.01121199, 0.13475506, -0.01131555
0.90755945, -0.10278634, -0.4070864
0.52469534, 0.69770688
0.0, 0.15372361, -0.01960225
0.0, 1.0, 0.0
0.56745052, 0.67309126
0.0, 0.15372361, -0.01494206
0.0, 1.0, 0.0
0.55869269, 0.67309126
0.00369592, 0.15372361, -0.01960225
0.0, 1.0, 0.0
0.55869269, 0.68099797
0.0, 0.15372361, -0.01960225
0.0, -0.26224557, -0.96496475
0.55869269, 0.66730699
0.0, 0.14349447, -0.01682209
0.0, -0.29520553, -0.95541245
0.5403589, 0.67405686
0.01121192, 0.09140509, -0.00301747
0.89178139, -0.11941893, -0.43635365
0.44699952, 0.71257955
0.00818039, 0.04301955, 0.01111326
0.31107518, 0.04806665, -0.94915617
0.35923734, 0.73456207
0.01121192, 0.07841462, 0.02566332
0.93386638, 0.10654011, 0.34131902
0.42371663, 0.76398399
0.01121184, 0.04207188, 0.01308265
0.93166906, 0.04709006, -0.36020997
0.35857981, 0.74143568
0.0, 0.06225796, 0.0370214
0.0, 0.74901575, 0.66249579
0.40800229, 0.79786441
0.00818036, 0.07841462, 0.0287352
0.38447219, 0.30179754, 0.87237161
0.4249289, 0.77103749
0.0, 0.07841462, 0.0287352
0.0, 0.31693473, 0.94842374
0.43000087, 0.78373498
0.01121199, 0.13475506, 0.0159262
0.92938018, 0.0408948, 0.36677146
0.52469534, 0.74653217
0.00818036, 0.13475506, 0.01899808
0.38917202, 0.10583819, 0.91503644
0.52485055, 0.75413284
0.0, 0.02982338, 0.0040894
0.0, 0.19598986, -0.98059022
0.33936089, 0.70749635
0.0, 0.04301955, 0.01111326
0.0, 0.07916501, -0.99685657
0.35460058, 0.7202777
0.00818039, 0.02982338, 0.0040894
0.31431013, 0.1785638, -0.93237096
0.33668473, 0.72287315
0.0, -0.13624443, 0.01984455
0.0, -0.49977112, -0.86611527
0.02675955, 0.7352064
0.01121184, -0.13403307, 0.02211167
0.89700001, -0.29041412, -0.33314005
0.04294772, 0.75761834
0.01121184, 0.02982338, 0.00656326
0.8687399, 0.1102939, -0.48277229
0.33662677, 0.72975102
0.0, -0.12425177, 0.10894968
0.0, -0.5162816, 0.85641038
0.04938634, 0.93390271
0.00818036, 0.01934081, 0.06031922
0.38196966, 0.13153477, 0.91476178
0.31871879, 0.82927784
0.00818039, -0.13813554, 0.02250097
0.40491959, -0.89352089, -0.19403668
0.03288643, 0.75706786
0.0, -0.13813554, 0.02250097
0.0, -0.97372359, -0.22766808
0.01833006, 0.74505553
0.00818039, -0.12425177, 0.10894968
0.41273233, -0.47566149, 0.77675712
0.05954537, 0.91514024
0.01121184, 0.05254441, 0.06044001
0.81081575, 0.4165166, 0.41117588
0.37734956, 0.82631406
0.01121184, 0.02083512, 0.05721425
0.94051945, 0.02218696, 0.33893856
0.32051694, 0.82053253
0.0, 0.24366663, -0.01425409
0.0, 0.00381481, -0.99996948
0.17649963, 0.18948293
0.00069661, 0.3352201, -0.01425409
0.0, 0.0, -1.0
0.33616841, 0.18670189
0.00069661, 0.24366663, -0.01425409
0.0, 0.00381481, -0.99996948
0.17648005, 0.18669581
0.0, 0.60153961, -0.01425409
0.0, 1.0, 0.0
0.87383723, 0.21895057
0.00069661, 0.60153961, -0.01425409
0.0, 1.0, 0.0
0.87224728, 0.21895057
0.0, 0.15372361, -0.01494206
0.0, 0.00762963, -0.99996948
0.0169012, 0.19154781
0.01121188, 0.06225765, 0.03394952
0.93481249, 0.23865475, 0.26294747
0.39475882, 0.77883527
0.00818036, 0.06225796, 0.0370214
0.26310006, 0.77047026, 0.58058411
0.39754513, 0.7875993
0.00379732, 0.11541398, 0.03877926
0.90243232, 0.2732017, -0.33301798
0.49003029, 0.81405398
0.0, 0.13847195, 0.03670996
0.0, -0.7021088, -0.71202737
0.52724713, 0.80642527
0.00379732, 0.13847195, 0.03670996
0.8811304, -0.33198035, -0.3366802
0.53135705, 0.81034517
0.00379732, 0.14275841, 0.04025736
0.58885461, 0.58397168, 0.55873287
0.53903961, 0.81670311
0.00379732, 0.11556177, 0.04365693
0.63374734, -0.18939787, 0.74996185
0.49029523, 0.8227962
0.00275527, 0.10018963, -0.01546627
0.5741142, -0.59138769, -0.56620991
0.59253633, 0.31948775
0.00275528, 0.14495899, -0.01503922
0.117893, 0.00946074, -0.9929502
0.69973403, 0.33790255
0.00275527, 0.10063308, -0.00711098
0.6774804, -0.73448896, 0.03897214
0.57903779, 0.33790255
0.00379732, 0.1445321, 0.01818743
0.67378765, 0.73650318, 0.05917539
0.54221863, 0.77714732
0.0, 0.14275841, 0.04025736
0.0, 0.72252572, 0.69130528
0.54386401, 0.82133466
0.0, 0.14037172, 0.01842978
0.0, -0.99462873, -0.10336619
0.52982962, 0.77720949
0.00379732, 0.14037172, 0.01842978
0.7408368, -0.66808069, -0.06942961
0.53476208, 0.77758166
0.00379732, 0.11364757, 0.0223555
0.69450974, 0.71532333, -0.07690664
0.48686463, 0.78461775
0.0, 0.11541398, 0.03877926
0.0, 0.6342662, -0.77309489
0.49467888, 0.80883396
0.0, 0.14495899, -0.01503922
0.0, 0.00952177, -0.99993896
0.70120972, 0.32886505
0.0, 0.11556177, 0.04365693
0.0, -0.24484999, 0.9695425
0.48902878, 0.83021146
0.0, 0.10018963, -0.01546627
0.0, -0.72231209, -0.69154942
0.58871037, 0.31200278
0.0, 0.09087777, 0.02606777
0.0, -0.58030945, 0.81438643
0.44146201, 0.79786441
0.00379732, 0.09087777, 0.02606777
0.44508195, -0.51963866, 0.72927028
0.44605434, 0.79127124
0.01121184, 0.04207188, 0.01308265
0.0, 0.90108949, 0.43360698
0.48775995, 0.84197409
0.0, 0.04301955, 0.01111326
0.0, 0.90108949, 0.43360698
0.46816128, 0.8381536
0.01121184, 0.02083512, 0.05721425
0.0, 0.90108949, 0.43360698
0.48775995, 0.92758512
0.00818039, -0.13624443, 0.01984455
0.35508287, -0.47837764, -0.80312508
0.03704959, 0.75097248
0.01121184, -0.12119146, 0.10485129
0.91979736, -0.1638844, 0.35648671
0.0659637, 0.90591219
0.0, 0.31839484, 0.00592773
0.0, 0.41416669, 0.91018403
0.86658764, 0.74763951
0.0, 0.60153961, -0.01425409
0.0, 0.0, -1.0
0.80514061, 0.18684018
0.00069661, 0.3352201, -0.01425409
0.0, 0.0, -1.0
0.33695689, 0.19007748
0.0, 0.3352201, -0.01425409
0.0, 0.0, -1.0
0.33683547, 0.18684268
0.00069661, 0.3352201, -0.00903955
-0.86284983, 0.0, 0.50544757
0.33644438, 0.260728
0.00069661, 0.3352201, -0.01425409
-1.0, 0.0, 0.0
0.33644438, 0.27499777
0.00959846, 0.3352201, -0.00535227
0.0, -1.0, 0.0
0.69865835, 0.08603513
0.00069661, 0.3352201, -0.00903955
0.0, -0.99996948, 0.0
0.71897662, 0.07761902
0.01328572, 0.3352201, -0.01425409
0.0, -1.0, 0.0
0.69024229, 0.06571692
0.00069661, 0.3352201, -0.01425409
0.0, -0.99996948, 0.0
0.71897662, 0.06571692
0.0, 0.3352201, -0.00903955
0.0, 1.0, 0.0
0.72056657, 0.07761902
0.00069661, 0.60153961, -0.00903955
0.0, 0.0, 1.0
0.33695352, 0.1900776
0.0, 0.3352201, -0.00903955
0.0, 0.0, 1.0
0.80514061, 0.18684018
0.00069661, 0.3352201, -0.00903955
0.0, 0.0, 1.0
0.80526209, 0.1900751
0.00069661, 0.31392497, -0.00903955
0.0, 0.0, -1.0
0.27970731, 0.18790287
0.0, 0.3352201, -0.00903955
0.0, 0.0, -1.0
0.33612645, 0.18974853
0.00069661, 0.3352201, -0.00903955
0.0, 0.0, -1.0
0.33612645, 0.18790293
-0.01121199, 0.31839484, 0.00285589
-0.87636954, 0.22974333, 0.42323068
0.85383183, 0.57850772
-0.01121194, 0.1948141, -0.00535227
-0.71886349, -0.03750725, -0.69411296
0.6323387, 0.59321904
-0.01121199, 0.19481413, 0.01252066
-0.92397839, 0.02584918, 0.38148138
0.63233894, 0.5611856
-0.0081803, 0.32988811, -0.00535227
-0.05566576, 0.96560562, -0.25388348
0.88018298, 0.59263432
-0.01121203, 0.32988811, -0.00535227
-0.53889585, 0.82512891, -0.16940825
0.87443131, 0.59321904
-0.01121186, 0.15372361, -0.00535219
-0.91348004, 0.0, -0.40681174
0.55869269, 0.59321898
-0.01121199, 0.13475506, 0.0159262
-0.92938018, 0.0408948, 0.36677146
0.52469534, 0.55508181
0.0, 0.22610004, -0.00858728
0.0, -0.05148473, -0.99865717
0.68841237, 0.59901714
0.0, 0.19481413, -0.00535227
0.0, -0.05148473, -0.99865717
0.6323387, 0.59321904
-0.0081803, 0.31839484, 0.00592773
-0.34430984, 0.37095249, 0.8624531
0.8566674, 0.57004488
-0.01328574, 0.24366663, -0.00903955
-0.9238258, 0.01001007, 0.38264108
0.17525518, 0.2322188
-0.01028641, 0.15372361, -0.00369139
-0.38258004, 0.01995911, 0.92367321
0.0169012, 0.24170667
-0.00959846, 0.24366663, -0.00535227
-0.38264108, 0.01001007, 0.9238258
0.17525518, 0.24170667
-0.00959846, 0.3352201, -0.01794137
-0.38267159, 0.0, -0.92385632
0.33644438, 0.21331072
-0.01328574, 0.60153961, -0.01425409
-0.92385632, 0.0, -0.38267159
0.80532736, 0.22275174
-0.00959846, 0.60153961, -0.01794137
-0.38267159, 0.0, -0.92385632
0.80532736, 0.21331072
-0.01328572, 0.24366663, -0.01425409
-0.9238258, 0.01001007, -0.38264108
0.17525518, 0.22275174
-0.01028641, 0.15372361, -0.01960225
-0.38258004, 0.01995911, -0.92367321
0.0169012, 0.21331066
-0.0149466, 0.15372361, -0.01494206
-0.92367321, 0.01995911, -0.38258004
0.0169012, 0.22275174
-0.01328572, 0.3352201, -0.01425409
-0.92385632, 0.0, -0.38267159
0.33644438, 0.22275174
-0.01328574, 0.60153961, -0.00903955
-0.92385632, 0.0, 0.38267159
0.80532736, 0.2322188
-0.00069661, 0.24366663, -0.01425409
0.99996948, 0.00387585, 0.0
0.17525518, 0.27499777
-0.01328574, 0.3352201, -0.00903955
-0.92385632, 0.0, 0.38267159
0.33644438, 0.2322188
-0.00959846, 0.60153961, -0.00535227
-0.38267159, 0.0, 0.92385632
0.80532736, 0.24170667
-0.0149466, 0.15372361, -0.00835158
-0.92367321, 0.01995911, 0.38258004
0.0169012, 0.2322188
-0.00959846, 0.3352201, -0.00535227
-0.38267159, 0.0, 0.92385632
0.33644438, 0.24170667
-0.00438388, 0.60153961, -0.00535227
0.38267159, 0.0, 0.92385632
0.80532736, 0.25120801
-0.00438388, 0.24366663, -0.00535227
0.38377026, 0.00802637, 0.92336804
0.17525518, 0.25120801
-0.00069661, 0.24366663, -0.00903955
0.92403942, 0.00503555, 0.3822138
0.17525518, 0.260728
-0.00438388, 0.3352201, -0.00535227
0.38267159, 0.0, 0.92385632
0.33644438, 0.25120801
-0.00069661, 0.60153961, -0.00903955
0.70708334, 0.0, 0.70708334
0.80532736, 0.260728
-0.00438388, 0.24366663, -0.01794137
0.38377026, 0.00802637, -0.92336804
0.17525518, 0.20412999
-0.00959846, 0.24366663, -0.01794137
-0.38264108, 0.01001007, -0.9238258
0.17525518, 0.21331072
-0.00369592, 0.15372361, -0.00369139
0.43470564, 0.01992859, 0.90032655
0.0169012, 0.25120801
-0.00069661, 0.3352201, -0.01425409
0.70708334, 0.0, -0.70708334
0.33644438, 0.19497526
-0.00438388, 0.60153961, -0.01794137
0.38267159, 0.0, -0.92385632
0.80532736, 0.20412982
-0.00069661, 0.60153961, -0.01425409
0.70708334, 0.0, -0.70708334
0.80532736, 0.19497526
-0.00369592, 0.15372361, -0.01960225
0.43470564, 0.01992859, -0.90032655
0.0169012, 0.20412999
-0.00438388, 0.3352201, -0.01794137
0.38267159, 0.0, -0.92385632
0.33644438, 0.20413005
-0.00438388, 0.60153961, -0.00535227
0.0, 1.0, 0.0
0.86383116, 0.23926878
-0.00069661, 0.60153961, -0.00903955
0.0, 0.99996948, 0.0
0.87224734, 0.23085272
-0.00438388, 0.60153961, -0.01794137
0.0, 1.0, 0.0
0.86383116, 0.21053451
0.0, 0.31392497, -0.00858728
0.0, 0.09979553, -0.99499494
0.84582061, 0.59901714
-0.01357995, 0.22610004, -0.00858728
-0.883816, -0.05587939, -0.46446121
0.68841237, 0.59901714
-0.01358003, 0.31392497, -0.00858728
-0.87542343, 0.10614338, -0.47154149
0.84582061, 0.59901714
0.0, 0.1537237, -0.00535219
0.0, 0.0, -1.0
0.55869269, 0.59321898
-0.00818036, 0.19481413, 0.0155925
-0.38425854, 0.06198309, 0.92110968
0.63247293, 0.55312288
0.0, 0.13475506, 0.01899808
0.0, 0.11362041, 0.99349958
0.52635503, 0.53315991
0.0, 0.19481413, 0.0155925
0.0, 0.06729332, 0.99771112
0.63342333, 0.53816724
-0.00818037, 0.14349447, -0.01682209
-0.33793145, -0.30393383, -0.89071321
0.5403589, 0.61377645
0.0, 0.13475506, -0.01378944
0.0, -0.25858334, -0.96597189
0.52469528, 0.62428099
-0.00818037, 0.13475506, -0.01378944
-0.33185828, -0.24713889, -0.91036713
0.52469528, 0.61039793
0.0, 0.09140524, -0.00549135
0.0, -0.25693533, -0.96639913
0.44699952, 0.60990462
-0.00818038, 0.09140509, -0.00549135
-0.32364878, -0.24030274, -0.91512805
0.44699952, 0.59583861
-0.00818036, 0.05254441, 0.06351187
-0.32258064, 0.47022921, 0.82146674
0.37817407, 0.46972728
0.0, 0.01934081, 0.06031922
0.0, 0.1150853, 0.99334699
0.32356632, 0.45754254
0.0, 0.05254441, 0.06351187
0.0, 0.53263956, 0.84630877
0.38574412, 0.45816314
-0.01028641, 0.15372361, -0.01960225
-0.3788873, -0.31455427, -0.87032688
0.55869269, 0.61875927
-0.01121199, 0.14349447, -0.0137905
-0.88204598, -0.24790186, -0.40064698
0.5403589, 0.60834289
-0.0149466, 0.15372361, -0.01494206
-0.8659932, -0.35572374, -0.35139012
0.55869269, 0.61040682
-0.0149466, 0.15372361, -0.00835158
-0.8659932, -0.35572374, 0.35139012
0.55869269, 0.59859473
-0.01121199, 0.14349447, -0.00950313
-0.99087495, -0.11990722, 0.0614948
0.5403589, 0.60065866
-0.01028641, 0.15372361, -0.00369139
-0.6699118, -0.31998658, 0.6699118
0.55869269, 0.59321898
-0.01121199, 0.13475506, -0.01131555
-0.90755945, -0.10278634, -0.4070864
0.52469534, 0.60390711
0.0, 0.15372361, -0.01960225
0.0, 1.0, 0.0
0.56745052, 0.62784562
-0.00369592, 0.15372361, -0.01960225
0.0, 1.0, 0.0
0.55869269, 0.62003455
0.0, 0.15372361, -0.01494206
0.0, 1.0, 0.0
0.55869269, 0.62784562
0.0, 0.15372361, -0.01960225
0.0, -0.26224557, -0.96496475
0.55869269, 0.634307
0.0, 0.14349447, -0.01682209
0.0, -0.29520553, -0.95541245
0.5403589, 0.62755713
-0.01121192, 0.09140509, -0.00301747
-0.89178139, -0.11941893, -0.43635365
0.44699952, 0.58903444
-0.00818039, 0.04301955, 0.01111326
-0.31107518, 0.04806665, -0.94915617
0.35923734, 0.56705195
-0.01121184, 0.04207188, 0.01308265
-0.93166906, 0.04709006, -0.36020997
0.35857981, 0.56017834
-0.01121192, 0.07841462, 0.02566332
-0.93386638, 0.10654011, 0.34131902
0.42371663, 0.53763002
-0.01121188, 0.06225765, 0.03394952
-0.93481249, 0.23865475, 0.26294747
0.39475882, 0.52277875
0.0, 0.07841462, 0.0287352
0.0, 0.31693473, 0.94842374
0.43000084, 0.51787901
-0.00818036, 0.06225796, 0.0370214
-0.26310006, 0.77047026, 0.58058411
0.3975451, 0.51401472
0.0, 0.06225796, 0.0370214
0.0, 0.74901575, 0.66249579
0.40800229, 0.50374961
-0.00818036, 0.13475506, 0.01899808
-0.38917202, 0.10583819, 0.91503644
0.52485055, 0.54748112
0.0, 0.02982338, 0.0040894
0.0, 0.19598986, -0.98059022
0.33936095, 0.59411776
0.0, 0.04301955, 0.01111326
0.0, 0.07916501, -0.99685657
0.35460058, 0.58133632
0.0, -0.13624443, 0.01984455
0.0, -0.49977112, -0.86611527
0.02675938, 0.56640792
-0.00818039, 0.02982338, 0.0040894
-0.31431013, 0.1785638, -0.93237096
0.3366847, 0.57874116
-0.01121184, -0.13403307, 0.02211167
-0.89700001, -0.29041412, -0.33314005
0.04294771, 0.54399568
-0.01121184, 0.02982338, 0.00656326
-0.8687399, 0.1102939, -0.48277229
0.33662677, 0.571863
-0.00818036, 0.01934081, 0.06031922
-0.38196966, 0.13153477, 0.91476178
0.31871909, 0.47233701
0.0, -0.12425177, 0.10894968
0.0, -0.5162816, 0.85641038
0.04938653, 0.36771154
-0.00818039, -0.13813554, 0.02250097
-0.40491959, -0.89352089, -0.19403668
0.0328863, 0.54454613
0.0, -0.13813554, 0.02250097
0.0, -0.97372359, -0.22766808
0.01832975, 0.55655867
-0.00818039, -0.12425177, 0.10894968
-0.41273233, -0.47566149, 0.77675712
0.05954544, 0.38647401
-0.01121184, 0.05254441, 0.06044001
-0.81081575, 0.4165166, 0.41117588
0.37734956, 0.47529995
-0.01121184, 0.02083512, 0.05721425
-0.94051945, 0.02218696, 0.33893856
0.32051694, 0.48108149
-0.00069661, 0.3352201, -0.01425409
0.0, 0.0, -1.0
0.3361764, 0.18670392
-0.00069661, 0.24366663, -0.01425409
0.0, 0.00381481, -0.99996948
0.1764801, 0.18669367
-0.00069661, 0.60153961, -0.01425409
0.0, 1.0, 0.0
0.87224734, 0.21895057
0.0, 0.15372361, -0.01494206
0.0, 0.00762963, -0.99996948
0.0169012, 0.19155324
0.0, 0.13847195, 0.03670996
0.0, -0.7021088, -0.71202737
0.52724713, 0.49518877
-0.00379732, 0.11541398, 0.03877926
-0.90243232, 0.2732017, -0.33301798
0.49003029, 0.48756003
-0.00379732, 0.13847195, 0.03670996
-0.8811304, -0.33198035, -0.3366802
0.53135705, 0.49126887
-0.00379732, 0.11556177, 0.04365693
-0.63374734, -0.18939787, 0.74996185
0.49029523, 0.47881782
-0.00275527, 0.10018963, -0.01546627
-0.5741142, -0.59138769, -0.56620991
0.59253633, 0.31948775
-0.00275527, 0.10063308, -0.00711098
-0.6774804, -0.73448896, 0.03897214
0.57903779, 0.33790255
-0.00275528, 0.14495899, -0.01503922
-0.117893, 0.00946074, -0.9929502
0.69973403, 0.33790255
0.0, 0.14275841, 0.04025736
0.0, 0.72252572, 0.69130528
0.54386401, 0.48027939
-0.00379732, 0.1445321, 0.01818743
-0.67378765, 0.73650318, 0.05917539
0.54221863, 0.52446669
-0.00379732, 0.14275841, 0.04025736
-0.58885461, 0.58397168, 0.55873287
0.53903961, 0.48491091
0.0, 0.14037172, 0.01842978
0.0, -0.99462873, -0.10336619
0.52982962, 0.52440453
-0.00379732, 0.14037172, 0.01842978
-0.7408368, -0.66808069, -0.06942961
0.53476208, 0.52403235
0.0, 0.11541398, 0.03877926
0.0, 0.6342662, -0.77309489
0.49467891, 0.49278003
-0.00379732, 0.11364757, 0.0223555
-0.69450974, 0.71532333, -0.07690664
0.48686463, 0.51699626
0.0, 0.11556177, 0.04365693
0.0, -0.24484999, 0.9695425
0.48902875, 0.47140253
0.0, 0.09087777, 0.02606777
0.0, -0.58030945, 0.81438643
0.44146201, 0.50374961
-0.00379732, 0.09087777, 0.02606777
-0.44508195, -0.51963866, 0.72927028
0.44605434, 0.51034278
0.0, 0.01934081, 0.06031922
0.0, 0.90108949, 0.43360698
0.46816123, 0.93360841
-0.01121184, 0.02083512, 0.05721425
0.0, 0.90108949, 0.43360698
0.44856244, 0.92758507
-0.00818039, -0.13624443, 0.01984455
-0.35508287, -0.47837764, -0.80312508
0.03704951, 0.55064154
-0.01121184, -0.12119146, 0.10485129
-0.91979736, -0.1638844, 0.35648671
0.06596369, 0.39570177
0.0, 0.31839484, 0.00592773
0.0, 0.41416669, 0.91018403
0.86658764, 0.55397439
-0.00818036, 0.07841462, 0.0287352
-0.38447219, 0.30179754, 0.87237161
0.4249289, 0.53057653
0.0, 0.32988811, -0.00535227
0.0, 0.95880002, -0.28406629
0.89684749, 0.59018672
-0.00069661, 0.3352201, -0.01425409
0.0, 0.0, -1.0
0.3370721, 0.18699604
0.0, 0.60153961, -0.01425409
0.0, 0.0, -1.0
0.80526447, 0.19007552
0.0, 0.3352201, -0.01425409
0.0, 0.0, -1.0
0.33700907, 0.19023132
-0.00069661, 0.3352201, -0.00903955
0.86284983, 0.0, 0.50544757
0.33644438, 0.260728
-0.00069661, 0.3352201, -0.01425409
1.0, 0.0, 0.0
0.33644438, 0.27499777
-0.00438388, 0.3352201, -0.00535227
0.0, -1.0, 0.0
0.7105605, 0.08603513
-0.00959846, 0.3352201, -0.00535227
0.0, -1.0, 0.0
0.69865841, 0.08603513
-0.01328572, 0.3352201, -0.01425409
0.0, -1.0, 0.0
0.69024235, 0.06571692
-0.00069661, 0.3352201, -0.01425409
0.0, -0.99996948, 0.0
0.71897668, 0.06571692
-0.00069661, 0.3352201, -0.00903955
0.0, -1.0, 0.0
0.71897668, 0.07761902
0.0, 0.3352201, -0.00903955
0.0, 0.0, 1.0
0.80526185, 0.19007504
-0.00069661, 0.60153961, -0.00903955
0.0, 0.0, 1.0
0.3370721, 0.18699604
-0.00069661, 0.3352201, -0.00903955
0.0, 0.0, 1.0
0.80532473, 0.18683976
0.0, 0.3352201, -0.00903955
0.0, 0.0, -1.0
0.33614975, 0.18781203
-0.00069661, 0.31392497, -0.00903955
0.0, 0.0, -1.0
0.27973074, 0.18965769
-0.00069661, 0.3352201, -0.00903955
0.0, 0.0, -1.0
0.33614975, 0.18965763
0.01028641, 0.15372361, -0.00369139
0.38258004, 0.01995911, 0.92367321
0.0169012, 0.24170667
0.00369592, 0.15372361, -0.01960225
-0.43470564, 0.01992859, -0.90032655
0.0169012, 0.20412999
0.00959846, 0.60153961, -0.01794137
0.0, 1.0, 0.0
0.85192901, 0.21053451
0.00438388, 0.60153961, -0.01794137
0.0, 1.0, 0.0
0.86383116, 0.21053451
0.00438388, 0.60153961, -0.00535227
0.0, 1.0, 0.0
0.86383116, 0.23926878
0.01328574, 0.60153961, -0.00903955
0.0, 1.0, 0.0
0.84351295, 0.23085272
0.0, 0.3352201, -0.01425409
0.0, 0.0, -1.0
0.3361879, 0.18948895
0.0, 0.60153961, -0.00903955
0.0, 1.0, 0.0
0.87383723, 0.23085272
0.0, 0.1445321, 0.01818743
0.0, 0.99676502, 0.08008057
0.54962748, 0.77813578
0.0, 0.11364757, 0.0223555
0.0, 0.99426252, -0.10690634
0.49254432, 0.78412706
0.0, 0.10063308, -0.00711098
0.0, -0.99856561, 0.05298013
0.57228959, 0.33249515
0.00818036, 0.01934081, 0.06031922
0.0, 0.90105897, 0.4336375
0.4824608, 0.93360841
0.00818039, 0.04301955, 0.01111326
0.0, 0.90108949, 0.43360698
0.48246086, 0.8381536
0.00069661, 0.60153961, -0.01425409
0.0, 0.0, -1.0
0.80526185, 0.19007504
0.00438388, 0.3352201, -0.01794137
0.0, -1.0, 0.0
0.7105605, 0.05730081
0.00959846, 0.3352201, -0.01794137
0.0, -0.99996948, 3.052e-05
0.69865835, 0.05730081
0.01328574, 0.3352201, -0.00903955
0.0, -1.0, 0.0
0.69024229, 0.07761902
0.00438388, 0.3352201, -0.00535227
0.0, -1.0, 0.0
0.7105605, 0.08603513
0.0, 0.3352201, -0.01425409
0.0, 1.0, 0.0
0.72056657, 0.06571692
0.0, 0.60153961, -0.00903955
0.0, 0.0, 1.0
0.33683228, 0.18684268
0.0, 0.31392497, -0.00903955
0.0, 0.0, -1.0
0.27970731, 0.18974853
-0.00069661, 0.24366663, -0.01425409
0.70708334, 0.00543229, -0.70708334
0.17525518, 0.19497526
-0.00959846, 0.60153961, -0.01794137
0.0, 1.0, 0.0
0.85192907, 0.21053451
-0.00959846, 0.60153961, -0.00535227
0.0, 1.0, 0.0
0.85192907, 0.23926878
-0.01328574, 0.60153961, -0.01425409
0.0, 1.0, 0.0
0.84351295, 0.21895057
-0.01328574, 0.60153961, -0.00903955
0.0, 1.0, 0.0
0.84351295, 0.23085272
0.0, 0.1445321, 0.01818743
0.0, 0.99676502, 0.08008057
0.54962748, 0.52347821
0.0, 0.11364757, 0.0223555
0.0, 0.99426252, -0.10690634
0.49254432, 0.51748693
-0.01121184, 0.04207188, 0.01308265
0.0, 0.90108949, 0.43360698
0.44856262, 0.84197412
-0.00818036, 0.01934081, 0.06031922
0.0, 0.90105897, 0.4336375
0.45386165, 0.93360841
-0.00818039, 0.04301955, 0.01111326
0.0, 0.90108949, 0.43360698
0.45386165, 0.83815368
-0.00069661, 0.60153961, -0.01425409
0.0, 0.0, -1.0
0.80532736, 0.18684018
-0.00959846, 0.3352201, -0.01794137
0.0, -0.99996948, 3.052e-05
0.69865841, 0.05730081
-0.00438388, 0.3352201, -0.01794137
0.0, -1.0, 0.0
0.7105605, 0.05730081
-0.01328574, 0.3352201, -0.00903955
0.0, -1.0, 0.0
0.69024229, 0.07761902
0.0, 0.60153961, -0.00903955
0.0, 0.0, 1.0
0.33700925, 0.19023132
0.0, 0.31392497, -0.00903955
0.0, 0.0, -1.0
0.27973074, 0.18781203
# Number of Faces:
384
# Face Data:
0, 1, 2
3, 0, 2
4, 5, 1
6, 1, 7
8, 4, 0
9, 10, 11
12, 13, 14
15, 16, 17
18, 19, 12
20, 21, 22
23, 24, 18
10, 17, 11
25, 26, 23
27, 28, 21
29, 30, 25
31, 32, 16
33, 9, 28
34, 35, 36
32, 37, 38
14, 39, 34
40, 41, 42
43, 44, 45
43, 2, 1
44, 46, 3
1, 47, 7
48, 49, 50
51, 52, 53
54, 53, 55
56, 57, 58
59, 60, 52
61, 60, 62
61, 63, 64
52, 60, 65
66, 67, 68
69, 52, 70
71, 72, 55
73, 74, 71
75, 76, 77
65, 53, 52
5, 78, 64
65, 64, 78
77, 79, 48
78, 71, 65
65, 55, 53
72, 80, 81
81, 55, 72
82, 83, 80
84, 82, 85
86, 87, 56
83, 88, 89
89, 90, 86
91, 92, 74
72, 85, 82
93, 94, 95
96, 40, 97
95, 98, 93
99, 91, 74
75, 57, 100
101, 102, 103
103, 104, 105
106, 107, 108
109, 110, 104
103, 111, 112
113, 114, 101
106, 115, 107
104, 116, 105
108, 117, 106
105, 118, 119
120, 121, 122
85, 92, 84
123, 84, 88
88, 124, 90
92, 57, 87
125, 49, 8
78, 49, 79
91, 100, 57
99, 76, 100
73, 79, 76
124, 87, 90
46, 8, 3
11, 19, 24
17, 13, 19
9, 24, 26
16, 39, 13
126, 127, 128
32, 35, 39
21, 30, 129
22, 129, 130
28, 26, 30
131, 132, 133
134, 135, 132
136, 137, 138
139, 140, 141
142, 143, 144
142, 145, 146
144, 147, 148
143, 149, 150
144, 151, 142
152, 153, 154
155, 156, 157
158, 159, 160
161, 162, 156
163, 27, 20
164, 165, 162
158, 166, 152
167, 168, 165
169, 27, 170
171, 172, 168
173, 159, 174
154, 175, 169
176, 177, 178
173, 37, 179
180, 157, 177
181, 182, 183
184, 185, 186
146, 185, 143
145, 184, 186
143, 187, 147
188, 189, 190
191, 192, 193
193, 194, 195
196, 197, 198
199, 200, 201
200, 202, 201
202, 203, 204
191, 205, 200
206, 207, 208
191, 209, 210
211, 212, 213
214, 213, 215
216, 217, 218
205, 191, 193
147, 203, 148
205, 203, 200
219, 216, 189
148, 211, 214
205, 195, 211
220, 212, 221
195, 221, 212
222, 223, 220
223, 224, 225
226, 227, 197
228, 222, 229
230, 229, 227
231, 213, 232
212, 225, 213
233, 93, 234
182, 96, 235
234, 93, 236
215, 213, 231
218, 196, 198
237, 238, 239
240, 239, 238
241, 242, 243
244, 245, 246
247, 239, 248
249, 250, 238
115, 241, 243
251, 246, 240
117, 242, 241
252, 240, 253
254, 121, 255
232, 213, 225
256, 228, 224
228, 257, 224
196, 232, 226
188, 258, 151
188, 148, 219
217, 231, 196
259, 215, 217
219, 214, 259
226, 257, 230
151, 260, 145
161, 152, 164
155, 158, 161
164, 154, 167
180, 174, 155
261, 262, 263
176, 173, 180
171, 170, 264
264, 163, 265
167, 169, 171
266, 267, 268
135, 269, 270
271, 272, 273
274, 275, 276
0, 4, 1
3, 8, 0
4, 78, 5
6, 43, 1
8, 49, 4
9, 277, 10
12, 19, 13
15, 31, 16
18, 24, 19
20, 27, 21
23, 26, 24
10, 15, 17
25, 30, 26
27, 33, 28
29, 129, 30
31, 278, 32
33, 277, 9
34, 39, 35
32, 278, 37
14, 13, 39
42, 279, 40
280, 97, 40
40, 281, 41
41, 282, 42
279, 280, 40
43, 6, 44
43, 45, 2
3, 2, 45
45, 44, 3
1, 5, 47
48, 79, 49
51, 70, 52
54, 51, 53
56, 87, 57
59, 62, 60
61, 64, 60
69, 59, 52
71, 74, 72
73, 99, 74
75, 100, 76
65, 60, 64
77, 76, 79
78, 73, 71
65, 71, 55
72, 82, 80
81, 54, 55
82, 123, 83
84, 123, 82
86, 90, 87
83, 123, 88
89, 88, 90
72, 74, 85
93, 283, 94
96, 284, 40
75, 58, 57
101, 114, 102
105, 119, 101
119, 113, 101
112, 109, 103
105, 101, 103
103, 109, 104
109, 285, 110
103, 102, 111
113, 286, 114
106, 117, 115
104, 110, 116
108, 287, 117
105, 116, 118
288, 122, 254
120, 289, 121
121, 254, 122
124, 84, 92
85, 74, 92
88, 84, 124
92, 91, 57
125, 50, 49
78, 4, 49
91, 99, 100
99, 73, 76
73, 78, 79
124, 92, 87
46, 125, 8
11, 17, 19
17, 16, 13
9, 11, 24
16, 32, 39
126, 290, 127
32, 38, 35
21, 28, 30
22, 21, 129
28, 9, 26
291, 292, 133
133, 293, 131
131, 294, 132
132, 134, 291
291, 133, 132
134, 295, 135
136, 296, 137
139, 297, 140
142, 146, 143
142, 151, 145
144, 143, 147
143, 185, 149
144, 188, 151
152, 166, 153
155, 161, 156
158, 174, 159
161, 164, 162
163, 170, 27
164, 167, 165
158, 160, 166
167, 171, 168
169, 175, 27
171, 264, 172
173, 179, 159
154, 153, 175
176, 180, 177
173, 298, 37
180, 155, 157
183, 299, 300
301, 302, 300
300, 181, 183
182, 235, 183
299, 301, 300
184, 149, 185
146, 186, 185
186, 146, 145
145, 260, 184
143, 150, 187
188, 219, 189
191, 210, 192
193, 192, 194
196, 226, 197
199, 191, 200
200, 203, 202
191, 199, 209
211, 195, 212
214, 211, 213
216, 259, 217
205, 148, 203
219, 259, 216
148, 205, 211
205, 193, 195
220, 223, 212
195, 194, 221
222, 256, 223
223, 256, 224
226, 230, 227
228, 256, 222
230, 228, 229
212, 223, 225
233, 283, 93
182, 284, 96
218, 217, 196
237, 249, 238
250, 253, 238
246, 245, 239
245, 248, 239
238, 253, 240
246, 239, 240
244, 303, 245
247, 237, 239
249, 304, 250
115, 117, 241
251, 244, 246
117, 287, 242
252, 251, 240
305, 255, 121
306, 254, 255
121, 307, 305
225, 224, 232
257, 232, 224
228, 230, 257
196, 231, 232
188, 190, 258
188, 144, 148
217, 215, 231
259, 214, 215
219, 148, 214
226, 232, 257
151, 258, 260
161, 158, 152
155, 174, 158
164, 152, 154
180, 173, 174
261, 308, 262
176, 298, 173
171, 169, 170
264, 170, 163
167, 154, 169
268, 309, 310
310, 269, 268
270, 266, 268
267, 311, 268
268, 269, 270
135, 295, 269
271, 312, 272
274, 313, 275
