# Project Zomboid Skinned Mesh
# File Version:
1.0
# Model Name:
Cube
# Vertex Stride Element Count:
3
# Vertex Stride Size (in bytes):
76
# Vertex Stride Data:
# (Int)    Offset
# (String) Type
0
VertexArray
12
NormalArray
24
TextureCoordArray
# Vertex Count:
227
# Vertex Buffer:
0.01443713, 0.21451509, -0.01571158
0.98062074, -0.09326456, -0.17224647
0.48333105, 0.79055108
0.01401605, 0.21451509, -0.02583827
0.70720541, -0.70680869, -0.01495407
0.48333105, 0.77659832
0.01371908, 0.25428313, -0.01571158
0.99984741, 0.01626636, -0.001648
0.5381242, 0.79055108
0.01108416, 0.39317054, 0.00727136
0.70393991, 0.03259377, 0.70946378
0.72948599, 0.8222174
0.01371906, 0.25428313, 0.01018064
0.71016574, 0.03634755, 0.7030549
0.53812414, 0.82622586
0.0, 0.21451509, -0.0285887
0.0, -0.70708334, -0.70708334
0.48333105, 0.75718372
0.0137191, 0.25428307, -0.0285887
0.70809048, 0.01004059, -0.70601517
0.53812414, 0.77280872
0.01399475, 0.21451509, -0.0285887
0.57707447, -0.5759148, -0.57899714
0.48333105, 0.77280866
0.0, 0.21451509, -0.02583827
0.0, -0.70708334, -0.70708334
0.48333105, 0.75718372
0.0, 0.09084217, 0.01819328
0.0, 0.21497238, 0.9765923
0.31705466, 0.85696463
0.01459735, 0.09084217, 0.01819328
0.74663532, 0.14325388, 0.6495865
0.31293213, 0.83726583
0.00932756, 0.53571731, 0.00157018
0.71016574, 0.01852474, 0.70375681
0.92588967, 0.81436217
0.0, 0.39317054, 0.00727136
0.0, 0.03042695, 0.99951172
0.73000264, 0.83746575
0.0122677, 0.02216676, 0.00914391
0.69051182, -0.01391644, -0.72316658
0.21830977, 0.82479738
-0.0, -0.11773193, 0.0222751
0.0, -0.77080601, -0.63701284
0.00290803, 0.82255813
0.0, 0.02216684, 0.00914391
0.0, -0.0267037, -0.99963379
0.21771368, 0.80791587
0.0, 0.25428313, -0.0285887
0.0, 0.00097659, -0.99996948
0.53857845, 0.75718372
0.0110842, 0.39317054, -0.02831149
0.70528275, 0.01535081, -0.70873135
0.72948599, 0.77319072
0.0, 0.25428313, 0.01018064
0.0, 0.03494369, 0.99935913
0.53857845, 0.84499976
0.0, 0.57254922, -0.02684028
0.0, 0.70708334, -0.70708334
0.97663748, 0.75718372
0.0093276, 0.53571713, -0.02684028
0.7068392, 0.00802637, -0.70729697
0.92588943, 0.77521773
0.0, 0.53571713, -0.02684028
0.0, 0.00515763, -0.99996948
0.92588967, 0.75718372
0.0, 0.39317054, -0.02831149
0.0, 0.00613422, -0.99996948
0.73000264, 0.75718372
0.01108418, 0.39317054, -0.01571158
0.99984741, 0.01562548, 0.0
0.72948599, 0.79055108
0.0145973, 0.06256946, 0.00233338
0.7275002, -0.27216408, -0.62977993
0.27397743, 0.81541382
0.01459731, 0.09084217, -0.01091275
0.91610461, -0.36655781, -0.16235846
0.31293213, 0.79716295
0.0, 0.57254922, -0.01571158
0.0, 1.0, 0.0
0.99714553, 0.78945014
0.00932756, 0.57254922, 0.00157018
0.57734919, 0.57734919, 0.57734919
0.97663748, 0.81436217
0.00932759, 0.57254922, -0.01571158
0.70708334, 0.70708334, 0.0
0.97663742, 0.79055108
0.00932759, 0.53571731, -0.01571158
0.99996948, 0.00613422, 0.0
0.92588967, 0.79055111
0.01459734, 0.06256946, 0.02962947
0.72988069, 0.2252266, 0.64534438
0.27397743, 0.85302284
0.0, 0.53571731, 0.00157018
0.0, 0.01995911, 0.99978638
0.92588967, 0.82997814
0.01226774, 0.04482735, 0.03778517
0.70393991, 0.28382215, 0.65105134
0.24953197, 0.8642599
0.01226772, 0.03842646, 0.00979694
0.73561817, -0.12723167, -0.66530353
0.24071267, 0.82569718
0.0093276, 0.57254922, -0.02684028
0.57734919, 0.57734919, -0.57734919
0.97663748, 0.77521774
0.0, 0.09084217, -0.01091275
0.0, -0.9760735, 0.2173223
0.30438107, 0.77979381
0.01459733, 0.1965934, -0.01091275
0.99990845, 0.00491348, 0.0113834
0.45863825, 0.79716295
0.0, 0.06256946, 0.02962947
0.0, 0.39640492, 0.9180578
0.28039914, 0.87036481
0.0, 0.03842646, 0.00979694
0.0, -0.12945952, -0.99157691
0.2377948, 0.80877887
-0.0, -0.11053132, 0.09712578
0.0, -0.53685111, 0.84365368
0.01034127, 0.97975165
0.01459728, -0.11773193, 0.0222751
0.58253729, -0.624897, -0.51969969
0.02555466, 0.84288985
0.01459731, -0.11053132, 0.09712578
0.57029939, -0.43925291, 0.69411296
0.0354758, 0.94602055
0.0, 0.02216676, 0.04997143
0.0, 0.40537736, 0.91412091
0.22628917, 0.89752483
0.0, 0.04482735, 0.03778517
0.0, 0.44584492, 0.89507735
0.25686273, 0.87978002
0.01226774, 0.02216676, 0.04997143
0.6870327, 0.30048525, 0.66151923
0.21830977, 0.88105039
0.0, 0.06256946, 0.00233339
0.0, -0.36063722, -0.9326762
0.26688248, 0.79795438
0.00510311, 0.57254922, -0.01212814
0.92385632, 0.0, 0.38267159
0.87372267, 0.71696249
0.00211379, 0.61870849, -0.00913882
0.29709768, 0.63023776, 0.71727651
0.93732172, 0.72278723
0.00211379, 0.57254922, -0.00913882
0.38267159, 0.0, 0.92385632
0.87372267, 0.72278729
0.00510311, 0.57254922, -0.01635569
0.92385632, 0.0, -0.38267159
0.87372267, 0.71113765
0.00510311, 0.61870849, -0.01212814
0.71727651, 0.63023776, 0.29709768
0.93732172, 0.71696249
0.00211379, 0.57254922, -0.019345
0.38267159, 0.0, -0.92385632
0.87372267, 0.70531288
0.00510311, 0.61870849, -0.01635569
0.71727651, 0.63023776, -0.29709768
0.93732172, 0.71113765
-0.0032964, 0.08429167, -0.01091274
-0.19660024, -0.73131502, 0.65306556
0.28399062, 0.66600907
-0.0, 0.08429167, -0.01864348
0.0, -0.93258458, -0.36094242
0.27861187, 0.67776817
-0.0, 0.08429167, -0.01091274
0.0, -0.70708334, 0.70708334
0.28024369, 0.66524905
0.0, 0.09084217, -0.01091275
0.0, -0.9760735, 0.2173223
0.28317761, 0.73179784
0.0032964, 0.08429167, -0.01091274
0.19663076, -0.73131502, 0.65306556
0.28399062, 0.72556832
0.01459731, 0.09084217, -0.01091275
0.91610461, -0.36655781, -0.16235846
0.29301608, 0.72556832
0.0, 0.21451509, -0.02583827
0.0, -0.70708334, -0.70708334
0.463415, 0.69528612
0.00612057, 0.09084217, -0.02583827
0.42036194, -0.3810541, -0.82345045
0.29301608, 0.70500371
0.0, 0.09084217, -0.02583827
0.0, -0.40418714, -0.91463971
0.29301608, 0.69528612
0.00329639, 0.08429155, -0.01864348
0.25293741, -0.90948212, -0.32993561
0.28399041, 0.7149168
-0.0, 0.08429167, -0.01091274
0.0, -0.70708334, 0.70708334
0.28004625, 0.72616786
-0.0, 0.08429167, -0.01864348
0.0, -0.93258458, -0.36094242
0.27906585, 0.71367165
0.00510311, 0.61870849, -0.01635569
0.71727651, 0.63023776, -0.29709768
0.96079385, 0.71113768
0.0, 0.61870849, -0.00913882
0.0, 0.70708334, 0.70708334
0.95376265, 0.72108132
0.00510311, 0.61870849, -0.01212814
0.71727651, 0.63023776, 0.29709768
0.96079385, 0.71696255
0.00969676, 0.09516841, 0.01710534
0.76567888, -0.63417464, 0.10727256
0.06915069, 0.66339171
0.00969672, 0.10248493, 0.04390977
0.90444654, 0.25504318, -0.34183782
0.07923147, 0.70032334
0.00969672, 0.10023798, 0.04707586
0.57814264, -0.47767571, 0.66145819
0.07613564, 0.70468566
0.00510311, 0.5903492, -0.01635569
0.70708334, 0.70708334, 0.0
0.89824766, 0.69931513
0.0, 0.5903492, -0.03608824
0.0, 0.70708334, -0.70708334
0.90512937, 0.66336402
0.0, 0.5903492, -0.01635569
0.0, 1.0, 0.0
0.90739363, 0.69872954
0.00510311, 0.57500023, -0.01635569
0.70708334, -0.70708334, 0.0
0.87709951, 0.69931513
0.00510311, 0.5903492, -0.03608824
0.57734919, 0.57734919, -0.57734919
0.89824766, 0.67212728
0.0, 0.57500023, -0.01635569
0.0, -1.0, 0.0
0.86681265, 0.69876894
0.00510311, 0.57500023, -0.03608824
0.57734919, -0.57734919, -0.57734919
0.87709957, 0.67212728
0.0, 0.09516841, 0.01710534
0.0, -0.98599201, 0.16675314
0.05398762, 0.66799405
-0.0, 0.10023798, 0.04707586
0.0, -0.5854671, 0.81069368
0.06841445, 0.71552542
0.00969674, 0.13335842, 0.0419918
0.75957519, 0.09866634, 0.64284188
0.12176961, 0.69768074
-0.0, 0.13335842, 0.0419918
0.0, 0.15170752, 0.98840296
0.1224117, 0.70679557
0.00484838, 0.2214115, 0.01338772
0.0, 0.72426528, 0.68947417
0.24309078, 0.65826946
0.0, 0.19128397, 0.01486837
0.0, 0.68715477, 0.72649312
0.20383129, 0.66869402
0.00969674, 0.19128397, 0.01486837
0.6639607, 0.74382764, 0.07647938
0.20158055, 0.66030955
0.00969676, 0.2214115, 0.01135732
0.69942319, 0.71465194, 0.0
0.24309078, 0.65547195
0.0, 0.2214115, 0.01135732
0.0, 1.0, 0.0
0.24725121, 0.6617505
0.00969671, 0.13009259, 0.03990335
0.87398905, -0.35010833, -0.33689383
0.11726984, 0.69480327
0.00969676, 0.2214115, 0.01338772
0.57997376, 0.58998382, 0.56169319
0.24309078, 0.65826946
0.0, 0.0983471, 0.01550362
0.0, 0.98953217, -0.14413892
0.08180881, 0.66051111
0.00969676, 0.0983471, 0.01550362
0.62227243, 0.77462083, -0.11282693
0.07353035, 0.66118482
0.0, 0.13280594, 0.01432498
0.0, -0.9944151, -0.10547197
0.11039409, 0.65857011
0.00969676, 0.13280594, 0.01432498
0.73644215, -0.67271948, -0.07132176
0.12100837, 0.65956086
-0.0, 0.10248493, 0.04390977
0.0, 0.59801018, -0.80147707
0.08527079, 0.69190648
0.0, 0.57254922, -0.019345
0.0, 0.0, -1.0
0.87372267, 0.70240045
0.00211379, 0.61870849, -0.019345
0.29709768, 0.63023776, -0.71727651
0.93732172, 0.70531291
0.0, 0.61870849, -0.00913882
0.0, 0.70708334, 0.70708334
0.93732172, 0.72569966
-0.0137191, 0.25428307, -0.0285887
-0.70809048, 0.01004059, -0.70601517
0.53812414, 0.61438698
-0.01401605, 0.21451509, -0.02583827
-0.70720541, -0.70680869, -0.01495407
0.48333105, 0.61059734
-0.01371908, 0.25428313, -0.01571158
-0.99984741, 0.01626636, -0.001648
0.5381242, 0.59664458
-0.01108416, 0.39317054, 0.00727136
-0.70393991, 0.03259377, 0.70946378
0.72948599, 0.5649783
-0.01108418, 0.39317054, -0.01571158
-0.99984741, 0.01562548, 0.0
0.72948599, 0.59664458
0.0, 0.21451509, -0.0285887
0.0, -0.70708334, -0.70708334
0.48333105, 0.63001198
0.0, 0.25428313, -0.0285887
0.0, 0.00097659, -0.99996948
0.53857845, 0.63001198
-0.01399475, 0.21451509, -0.0285887
-0.57707447, -0.5759148, -0.57899714
0.48333105, 0.61438698
0.0, 0.21451509, -0.02583827
0.0, -0.70708334, -0.70708334
0.48333105, 0.63001198
-0.01371906, 0.25428313, 0.01018064
-0.71016574, 0.03634755, 0.7030549
0.53812414, 0.56096983
0.0, 0.09084217, 0.01819328
0.0, 0.21497238, 0.9765923
0.31705466, 0.53023106
0.0, 0.25428313, 0.01018064
0.0, 0.03494369, 0.99935913
0.53857845, 0.5421958
0.0, 0.39317054, 0.00727136
0.0, 0.03042695, 0.99951172
0.73000264, 0.54972994
-0.00932756, 0.53571731, 0.00157018
-0.71016574, 0.01852474, 0.70375681
0.92588967, 0.57283351
-0.0122677, 0.02216676, 0.00914391
-0.69051182, -0.01391644, -0.72316658
0.21830976, 0.56239831
-0.0, -0.11773193, 0.0222751
0.0, -0.77080601, -0.63701284
0.00290793, 0.56463754
-0.01459728, -0.11773193, 0.0222751
-0.58253729, -0.624897, -0.51969969
0.02555466, 0.54430583
-0.0110842, 0.39317054, -0.02831149
-0.70528275, 0.01535081, -0.70873135
0.72948599, 0.61400497
0.0, 0.39317054, -0.02831149
0.0, 0.00613422, -0.99996948
0.73000264, 0.63001198
-0.0093276, 0.53571713, -0.02684028
-0.7068392, 0.00802637, -0.70729697
0.92588943, 0.61197793
0.0, 0.57254922, -0.02684028
0.0, 0.70708334, -0.70708334
0.97663748, 0.63001198
0.0, 0.53571713, -0.02684028
0.0, 0.00515763, -0.99996948
0.92588967, 0.63001198
-0.00932759, 0.53571731, -0.01571158
-0.99996948, 0.00613422, 0.0
0.92588967, 0.59664458
-0.01459735, 0.09084217, 0.01819328
-0.74663532, 0.14325388, 0.6495865
0.31293213, 0.54992986
-0.0145973, 0.06256946, 0.00233338
-0.7275002, -0.27216408, -0.62977993
0.27397743, 0.57178187
-0.01459734, 0.06256946, 0.02962947
-0.72988069, 0.2252266, 0.64534438
0.27397743, 0.53417283
-0.00932756, 0.57254922, 0.00157018
-0.57734919, 0.57734919, 0.57734919
0.97663748, 0.57283351
0.0, 0.57254922, -0.01571158
0.0, 1.0, 0.0
0.99714547, 0.59774554
-0.00932759, 0.57254922, -0.01571158
-0.70708334, 0.70708334, 0.0
0.97663742, 0.59664458
0.0, 0.06256946, 0.02962947
0.0, 0.39640492, 0.9180578
0.28039914, 0.51683086
0.0, 0.53571731, 0.00157018
0.0, 0.01995911, 0.99978638
0.92588967, 0.55721739
-0.01226772, 0.03842646, 0.00979694
-0.73561817, -0.12723167, -0.66530353
0.24071267, 0.56149843
-0.01226774, 0.04482735, 0.03778517
-0.70393991, 0.28382215, 0.65105134
0.24953198, 0.52293581
-0.0093276, 0.57254922, -0.02684028
-0.57734919, 0.57734919, -0.57734919
0.97663748, 0.61197793
0.0, 0.09084217, -0.01091275
0.0, -0.9760735, 0.2173223
0.30438107, 0.60740188
-0.01459731, 0.09084217, -0.01091275
-0.91610461, -0.36655781, -0.16235846
0.31293213, 0.59003273
-0.01443713, 0.21451509, -0.01571158
-0.98062074, -0.09326456, -0.17224647
0.48333105, 0.59664458
-0.01459733, 0.1965934, -0.01091275
-0.99990845, 0.00491348, 0.0113834
0.45863825, 0.59003273
0.0, 0.04482735, 0.03778517
0.0, 0.44584492, 0.89507735
0.2568627, 0.50741568
0.0, 0.02216684, 0.00914391
0.0, -0.0267037, -0.99963379
0.21771371, 0.5792799
-0.0, -0.11053132, 0.09712578
0.0, -0.53685111, 0.84365368
0.01034129, 0.40744388
-0.01459731, -0.11053132, 0.09712578
-0.57029939, -0.43925291, 0.69411296
0.03547579, 0.4411751
0.0, 0.02216676, 0.04997143
0.0, 0.40537736, 0.91412091
0.22628915, 0.48967087
-0.01226774, 0.02216676, 0.04997143
-0.6870327, 0.30048525, 0.66151923
0.21830976, 0.5061453
0.0, 0.06256946, 0.00233339
0.0, -0.36063722, -0.9326762
0.26688248, 0.5892413
-0.00211379, 0.61870849, -0.00913882
-0.29709768, 0.63023776, 0.71727651
0.93732172, 0.72278729
-0.00510311, 0.57254922, -0.01212814
-0.92385632, 0.0, 0.38267159
0.87372267, 0.71696252
-0.00211379, 0.57254922, -0.00913882
-0.38267159, 0.0, 0.92385632
0.87372267, 0.72278726
-0.00510311, 0.61870849, -0.01212814
-0.71727651, 0.63023776, 0.29709768
0.93732172, 0.71696252
-0.00510311, 0.57254922, -0.01635569
-0.92385632, 0.0, -0.38267159
0.87372267, 0.71113768
-0.00510311, 0.61870849, -0.01635569
-0.71727651, 0.63023776, -0.29709768
0.93732172, 0.71113768
-0.00211379, 0.57254922, -0.019345
-0.38267159, 0.0, -0.92385632
0.87372267, 0.70531294
0.0, 0.09084217, -0.01091275
0.0, -0.9760735, 0.2173223
0.28337428, 0.66002771
-0.00612057, 0.21451509, -0.02583827
-0.40641499, -0.29361859, -0.86519974
0.463415, 0.68657365
-0.00329639, 0.08429155, -0.01864348
-0.24695578, -0.91268653, -0.32557145
0.28399044, 0.6766606
-0.00670182, 0.09084217, -0.02583827
-0.43546861, -0.38569292, -0.81337929
0.29301608, 0.68657365
0.01459731, 0.09084217, -0.01370709
0.86291087, -0.4445326, -0.24027222
0.29301608, 0.72171828
0.0, 0.61870849, -0.019345
0.0, 0.70708334, -0.70708334
0.95376265, 0.70701891
-0.00510311, 0.61870849, -0.01635569
-0.71727651, 0.63023776, -0.29709768
0.94673145, 0.71113768
-0.00969676, 0.09516841, 0.01710534
-0.76567888, -0.63417464, 0.10727256
0.06915072, 0.66339171
-0.00969672, 0.10248493, 0.04390977
-0.90444654, 0.25504318, -0.34183782
0.07923147, 0.70032331
-0.00969676, 0.0983471, 0.01550362
-0.62227243, 0.77462083, -0.11282693
0.07353041, 0.66118482
-0.00510311, 0.5903492, -0.01635569
-0.70708334, 0.70708334, 0.0
0.89824766, 0.69931516
-0.00510311, 0.5903492, -0.03608824
-0.57734919, 0.57734919, -0.57734919
0.89824766, 0.67212731
-0.00510311, 0.57500023, -0.01635569
-0.70708334, -0.70708334, 0.0
0.87709951, 0.69931516
-0.00510311, 0.57500023, -0.03608824
-0.57734919, -0.57734919, -0.57734919
0.87709957, 0.67212731
-0.00969672, 0.10023798, 0.04707586
-0.57814264, -0.47767571, 0.66145819
0.07613567, 0.70468566
-0.00969674, 0.13335842, 0.0419918
-0.75957519, 0.09866634, 0.64284188
0.12176964, 0.69768074
-0.00484838, 0.2214115, 0.01338772
0.0, 0.72426528, 0.68947417
0.24309081, 0.65826946
-0.00969674, 0.19128397, 0.01486837
-0.6639607, 0.74382764, 0.07647938
0.20158058, 0.66030958
-0.00969676, 0.2214115, 0.01135732
-0.69942319, 0.71465194, 0.0
0.24309081, 0.65547192
-0.00969676, 0.2214115, 0.01338772
-0.57997376, 0.58998382, 0.56169319
0.24309081, 0.65826946
-0.00969671, 0.13009259, 0.03990335
-0.87398905, -0.35010833, -0.33689383
0.11726987, 0.69480327
-0.00969676, 0.13280594, 0.01432498
-0.73644215, -0.67271948, -0.07132176
0.1210084, 0.65956086
-0.0, 0.13009259, 0.03990335
0.0, -0.72054201, -0.69338053
0.107766, 0.68672583
-0.00211379, 0.61870849, -0.019345
-0.29709768, 0.63023776, -0.71727651
0.93732172, 0.70531291
0.01459735, 0.20023474, -0.01571158
0.94140446, 0.00506607, -0.337199
0.44373924, 0.71895647
0.00612057, 0.21451509, -0.02583827
0.40650654, -0.29444259, -0.86486405
0.463415, 0.70500371
-0.01459735, 0.20023474, -0.01571158
-0.94207585, 0.00646992, -0.33524582
0.44373924, 0.67262089
0.01459733, 0.1965934, -0.01091275
0.99990845, 0.00491348, 0.0113834
0.43872219, 0.72556832
-0.01459731, 0.09084217, -0.01370707
-0.8649556, -0.44727927, -0.22751549
0.29301608, 0.66985908
-0.01459733, 0.1965934, -0.01091275
-0.99990845, 0.00491348, 0.0113834
0.43872219, 0.66600904
-0.01459731, 0.09084217, -0.01091275
-0.91610461, -0.36655781, -0.16235846
0.29301608, 0.66600901
-0.00612057, 0.21451509, -0.02583827
-0.40641499, -0.29361859, -0.86519974
0.48333105, 0.61059734
0.00612057, 0.21451509, -0.02583827
0.40650654, -0.29444259, -0.86486405
0.48333105, 0.77659832
0.03060582, 0.1037496, 0.00273771
0.36347544, 0.55003512, 0.751854
0.31080014, 0.76440209
0.00985564, 0.09510416, -0.01370709
-0.32230598, -0.85479295, 0.40668964
0.29888833, 0.74174416
0.03060582, 0.09510416, 0.00273771
0.36347544, -0.55003512, 0.751854
0.29888833, 0.76440209
0.03060582, 0.1037496, -0.00338888
0.70906705, 0.62340158, -0.3294473
0.31080014, 0.75596076
0.00985564, 0.1037496, -0.01370709
-0.32230598, 0.85479295, 0.40668964
0.31080014, 0.74174416
0.03060582, 0.09510416, -0.00338888
0.70906705, -0.62340158, -0.3294473
0.29888833, 0.75596076
0.00612057, 0.1037496, -0.02404854
0.61180454, 0.31608021, -0.72508925
0.31080014, 0.72749546
0.00612057, 0.09510416, -0.02404854
0.61180454, -0.31608021, -0.72508925
0.29888833, 0.72749546
-0.00969672, 0.19128397, 0.01486837
-0.89440596, -0.01315348, -0.44700462
0.20463148, 0.6682454
-0.00484838, 0.2214115, 0.01338772
0.0, 0.72426528, 0.68947417
0.2461417, 0.67028549
-0.00969676, 0.2214115, 0.01338772
-0.57997376, 0.58998382, 0.56169319
0.2461417, 0.67028549
0.00969666, 0.13608947, 0.01758096
0.73931092, -0.66966766, -0.07037568
0.1448345, 0.68093628
0.00969674, 0.18978268, 0.02914878
0.60475481, 0.62660605, 0.49150059
0.21881409, 0.69687468
0.00969666, 0.1327157, 0.04967191
0.55729848, -0.51243627, 0.65327919
0.14018606, 0.72515187
-0.00969666, 0.13608947, 0.01758096
-0.73931092, -0.66966766, -0.07037568
0.14483453, 0.68093628
-0.00969674, 0.18978268, 0.02914878
-0.60475481, 0.62660605, 0.49150059
0.21881409, 0.69687468
-0.00969674, 0.19128397, 0.01486837
-0.6639607, 0.74382764, 0.07647938
0.22088264, 0.67719889
0.00969672, 0.19128397, 0.01486837
0.89440596, -0.01315348, -0.44700462
0.20402348, 0.67039779
0.00484838, 0.2214115, 0.01338772
0.0, 0.72426528, 0.68947417
0.2455337, 0.6683577
-0.00969666, 0.1327157, 0.04967191
-0.55729848, -0.51243627, 0.65327919
0.14018609, 0.72515187
-0.0, 0.18978268, 0.02914878
0.0, 0.7867977, 0.61717582
0.22809137, 0.70666379
-0.0, 0.1327157, 0.04967191
0.0, -0.61717582, 0.7867977
0.1369438, 0.73255649
0.0, 0.19128397, 0.01486837
0.0, 0.68715477, 0.72649312
0.2368878, 0.68260467
0.00969674, 0.19128397, 0.01486837
0.6639607, 0.74382764, 0.07647938
0.22088261, 0.67719886
0.0, 0.13608947, 0.01758096
0.0, -0.99450666, -0.10452589
0.12993871, 0.68304554
0.0, 0.13608947, 0.01758096
0.0, -0.99450666, -0.10452589
0.12995358, 0.68303686
0.0, 0.57254922, 0.00157018
0.0, 0.70708334, 0.70708334
0.97663748, 0.82997814
0.01459735, 0.20023474, -0.01571158
0.94140446, 0.00506607, -0.337199
0.46365529, 0.7905511
0.00211379, 0.61870849, -0.00913882
0.29709768, 0.63023776, 0.71727651
0.95667505, 0.72108132
0.00211379, 0.61870849, -0.019345
0.29709768, 0.63023776, -0.71727651
0.95667505, 0.70701891
0.0, 0.57500023, -0.03608824
0.0, -0.70708334, -0.70708334
0.87099421, 0.66515133
0.0, 0.2214115, 0.01338772
0.0, 0.72423476, 0.68950468
0.24575731, 0.66358295
0.00969665, 0.13608947, 0.01758096
1.0, 0.0, 0.0
0.12553245, 0.66404697
0.0, 0.61870849, -0.019345
0.0, 0.70708334, -0.70708334
0.93732172, 0.70240054
0.0, 0.57254922, -0.00913882
0.0, 0.0, 1.0
0.87372267, 0.72569963
0.0, 0.57254922, 0.00157018
0.0, 0.70708334, 0.70708334
0.97663748, 0.55721739
-0.01459735, 0.20023474, -0.01571158
-0.94207585, 0.00646992, -0.33524582
0.46365529, 0.59664458
0.0, 0.03842646, 0.00979694
0.0, -0.12945952, -0.99157691
0.23779482, 0.57841679
-0.00510311, 0.61870849, -0.01212814
-0.71727651, 0.63023776, 0.29709768
0.94673145, 0.71696252
-0.00211379, 0.61870849, -0.00913882
-0.29709768, 0.63023776, 0.71727651
0.95085025, 0.72108129
-0.00211379, 0.61870849, -0.019345
-0.29709768, 0.63023776, -0.71727651
0.95085025, 0.70701891
-0.00969665, 0.13608947, 0.01758096
-1.0, 0.0, 0.0
0.12553248, 0.66404697
0.01443713, 0.21451509, -0.01571158
0.98062074, -0.09326456, -0.17224647
0.463415, 0.71895647
-0.01443713, 0.21451509, -0.01571158
-0.98062074, -0.09326456, -0.17224647
0.463415, 0.67262089
0.00969676, 0.2214115, 0.01338772
0.57997376, 0.58998382, 0.56169319
0.2455337, 0.6683577
# Number of Faces:
292
# Face Data:
0, 1, 2
2, 3, 4
5, 6, 7
7, 8, 5
4, 9, 10
11, 12, 3
13, 14, 15
16, 17, 6
3, 18, 4
19, 20, 21
22, 20, 17
23, 11, 3
10, 24, 25
26, 27, 28
28, 11, 29
9, 30, 10
27, 31, 11
32, 33, 30
34, 29, 20
19, 28, 34
24, 35, 25
20, 23, 17
17, 2, 6
10, 36, 4
37, 32, 30
33, 15, 38
39, 40, 41
42, 32, 43
32, 44, 13
30, 33, 24
33, 45, 24
44, 40, 13
39, 44, 42
46, 47, 48
49, 50, 46
51, 52, 49
53, 54, 55
56, 57, 58
59, 60, 61
62, 61, 60
62, 63, 64
65, 66, 67
68, 69, 70
71, 72, 73
74, 75, 71
76, 77, 74
77, 72, 75
78, 70, 79
79, 80, 81
82, 83, 84
82, 85, 86
70, 69, 87
85, 88, 84
89, 69, 90
87, 91, 92
93, 87, 69
94, 95, 51
96, 48, 47
97, 98, 99
99, 100, 101
102, 97, 103
104, 105, 98
106, 107, 108
109, 110, 100
111, 112, 113
103, 114, 115
108, 100, 106
116, 117, 118
115, 116, 118
101, 110, 119
120, 121, 122
123, 124, 125
110, 125, 119
107, 122, 126
127, 123, 110
128, 129, 122
119, 130, 116
125, 117, 130
131, 121, 132
101, 116, 114
99, 114, 97
133, 134, 106
126, 129, 135
128, 136, 111
113, 137, 138
129, 139, 135
129, 111, 140
122, 121, 128
141, 128, 121
140, 113, 138
140, 137, 139
142, 143, 144
145, 146, 143
147, 148, 146
149, 53, 55
61, 150, 59
61, 151, 152
57, 153, 58
66, 154, 155
156, 157, 158
72, 159, 73
160, 161, 159
162, 76, 161
72, 162, 160
78, 163, 156
164, 79, 81
83, 165, 166
167, 168, 165
169, 163, 164
166, 167, 170
157, 89, 158
169, 91, 171
169, 93, 157
172, 94, 148
144, 96, 142
173, 60, 174
152, 175, 150
60, 153, 62
176, 153, 173
177, 178, 175
177, 53, 179
152, 151, 177
133, 98, 180
0, 181, 1
182, 183, 184
185, 186, 182
187, 188, 185
187, 183, 189
184, 185, 182
190, 191, 192
193, 194, 195
196, 197, 198
199, 200, 199
201, 202, 197
195, 202, 203
204, 194, 205
206, 201, 196
193, 203, 207
198, 202, 204
6, 2, 1
1, 7, 6
2, 23, 3
5, 16, 6
7, 1, 8
4, 18, 9
11, 31, 12
13, 40, 14
16, 22, 17
3, 12, 18
19, 34, 20
22, 21, 20
23, 29, 11
10, 30, 24
26, 208, 27
28, 27, 11
9, 37, 30
27, 208, 31
32, 13, 33
34, 28, 29
19, 26, 28
24, 45, 35
20, 29, 23
17, 23, 2
2, 4, 0
10, 25, 36
36, 209, 0
0, 4, 36
37, 43, 32
33, 13, 15
39, 14, 40
42, 44, 32
33, 38, 45
44, 41, 40
39, 41, 44
46, 50, 47
49, 52, 50
51, 95, 52
53, 151, 54
56, 63, 57
59, 174, 60
62, 64, 61
62, 57, 63
210, 67, 66
65, 211, 154
154, 66, 65
68, 90, 69
71, 75, 72
74, 77, 75
76, 212, 77
77, 212, 72
78, 68, 70
79, 70, 80
82, 213, 83
86, 213, 82
82, 88, 85
87, 92, 214
80, 70, 87
87, 214, 80
84, 214, 92
92, 85, 84
89, 93, 69
87, 171, 91
93, 171, 87
94, 215, 95
96, 216, 48
133, 99, 98
97, 104, 98
99, 106, 100
102, 104, 97
104, 102, 105
106, 120, 107
109, 127, 110
111, 136, 112
103, 97, 114
108, 109, 100
116, 130, 117
115, 114, 116
101, 100, 110
120, 132, 121
123, 217, 124
110, 123, 125
107, 120, 122
127, 217, 123
128, 111, 129
119, 125, 130
125, 124, 117
131, 141, 121
101, 119, 116
99, 101, 114
120, 106, 134
99, 133, 106
134, 132, 120
133, 218, 134
126, 122, 129
128, 219, 136
113, 112, 137
129, 140, 139
141, 219, 128
140, 111, 113
140, 138, 137
142, 145, 143
145, 147, 146
147, 172, 148
149, 179, 53
61, 152, 150
61, 54, 151
57, 62, 153
155, 220, 66
221, 66, 220
154, 222, 155
156, 163, 157
72, 160, 159
160, 162, 161
162, 212, 76
72, 212, 162
78, 79, 163
164, 163, 79
83, 213, 165
165, 213, 86
86, 167, 165
223, 170, 169
169, 157, 163
164, 223, 169
170, 223, 166
166, 168, 167
157, 93, 89
169, 170, 91
169, 171, 93
172, 215, 94
144, 216, 96
174, 224, 173
173, 153, 60
225, 150, 175
152, 177, 175
176, 58, 153
177, 179, 178
177, 151, 53
182, 186, 183
185, 188, 186
187, 189, 188
187, 184, 183
184, 187, 185
190, 190, 191
193, 205, 194
196, 201, 197
199, 226, 200
201, 203, 202
195, 194, 202
204, 202, 194
206, 203, 201
193, 195, 203
198, 197, 202
