# Project Zomboid Skinned Mesh
# File Version:
1.0
# Model Name:
Cube
# Vertex Stride Element Count:
3
# Vertex Stride Size (in bytes):
76
# Vertex Stride Data:
# (Int)    Offset
# (String) Type
0
VertexArray
12
NormalArray
24
TextureCoordArray
# Vertex Count:
457
# Vertex Buffer:
0.01023984, 0.24948959, 0.01433084
0.57734919, 0.57734919, 0.57734919
0.80472314, 0.86389583
0.0, 0.24948959, -0.01760868
0.0, 0.70708334, -0.70708334
0.80472314, 0.77812648
0.0, 0.24948959, 0.01433084
0.0, 0.70708334, 0.70708334
0.80472314, 0.88116193
0.01023984, 0.18381469, 0.01433084
0.80379653, 0.2268746, 0.54991305
0.66489625, 0.86389577
0.01023984, 0.10731135, 0.01222757
0.89510787, -0.32743308, 0.30249947
0.50201488, 0.85941786
0.01023984, 0.08164661, -0.01760868
0.62736899, -0.31061739, -0.71407211
0.44737273, 0.79589421
0.0, 0.10731135, 0.01222757
0.0, -0.73448896, 0.67857903
0.50201488, 0.87643683
0.01023984, 0.10731135, 0.02121428
0.57734919, -0.57734919, 0.57734919
0.50201488, 0.87855124
0.0, 0.10731135, 0.02121428
0.0, -0.70708334, 0.70708334
0.50201488, 0.89273554
0.01023984, 0.24948959, -0.01760868
0.57734919, 0.57734919, -0.57734919
0.80472314, 0.79589421
0.0, 0.07243395, -0.00772277
0.0, -0.93044829, -0.36634418
0.42775819, 0.80022848
0.01023984, 0.07243395, -0.00772277
0.63316751, -0.7201758, -0.28354746
0.42775819, 0.81694204
0.0, 0.18381469, 0.01433084
0.0, 0.38135928, 0.92440563
0.66489625, 0.88116193
0.01023984, 0.17689236, 0.02121428
0.6304819, 0.29599902, 0.71752065
0.65015805, 0.87855124
0.0, 0.07243395, 0.00946376
0.0, -0.73448896, 0.67857903
0.42775819, 0.87033206
0.01023977, -0.02558969, 0.01393789
0.89660329, -0.2953276, 0.32993561
0.12997809, 0.86305922
0.01023984, 0.00674165, 0.0138162
0.91714227, 0.30857265, 0.25217444
0.19881397, 0.86280012
0.01023984, -0.02350377, 0.03740417
0.89651173, -0.34910122, -0.27265236
0.1344192, 0.91302067
0.01023984, 0.24948959, -0.01760868
0.72658467, -0.06204413, -0.68422496
0.01389126, 0.60478717
0.01023984, 0.26002508, 0.01659056
0.67210913, -0.03494369, 0.73958558
0.03632203, 0.67759991
0.01023984, 0.24948959, 0.01433084
0.75017548, -0.13864559, 0.6465041
0.01389126, 0.67278886
0.01023984, 0.07077852, 0.021534
0.83352154, -0.5422529, 0.1056856
0.33515334, 0.87923199
0.01023984, 0.10731135, 0.02121428
0.89440596, 0.44718772, 0.0
0.41293454, 0.87855124
0.01023984, 0.09520946, 0.03702514
0.85885191, 0.38944671, 0.33265176
0.38716871, 0.91221368
0.01023984, 0.28783697, -0.02108655
0.69631028, -0.02996918, -0.71709341
0.09553567, 0.59738255
0.01023984, 0.31304145, 0.01036765
0.72139651, 0.0527665, 0.69048131
0.14919809, 0.66435087
0.01023977, 0.06222636, 0.01131314
0.82177192, -0.22946867, 0.52153081
0.31694514, 0.85747093
0.01023984, 0.07243395, 0.00946376
1.0, 0.0, 0.0
0.33867782, 0.85353345
0.01023984, 0.07243395, 0.00946376
0.58162177, -0.59746087, 0.5519883
0.42775819, 0.85353345
0.0, 0.17689236, 0.02121428
0.0, 0.38135928, 0.92440563
0.65015805, 0.89273554
0.01023984, 0.31304145, -0.02091273
0.71040988, 0.01074252, -0.70366526
0.14919809, 0.59775263
0.0076943, 0.42167473, 0.00911612
0.57048249, 0.58647418, 0.57490766
0.3804864, 0.66168624
0.0, 0.24948959, 0.01433084
0.0, -0.20969267, 0.97775203
0.01389126, 0.69645965
0.0076943, 0.42167473, -0.02091273
0.56990266, 0.58342236, -0.57856989
0.3804864, 0.59775263
0.0, 0.31304145, -0.02091273
0.0, 0.00341807, -0.99996948
0.14919809, 0.57558754
0.0, 0.42167473, -0.02091273
0.0, 0.70708334, -0.70708334
0.3804864, 0.57558754
0.0, 0.42167473, 0.00911612
0.0, 0.7111423, 0.70299387
0.3804864, 0.67712826
0.01023984, 0.05491006, 0.05154293
0.87447739, -0.23288675, 0.42545855
0.30136818, 0.94312322
0.0, -0.06799066, 0.0715675
0.0, -0.59987181, 0.80007327
0.03878945, 0.99999797
0.01023984, -0.06799066, 0.0715675
0.57530445, -0.49064606, 0.65437788
0.03970328, 0.98575705
0.01023977, -0.0573995, 0.01463318
0.9142735, 0.30420852, 0.26746422
0.06225261, 0.86453956
0.0, -0.05444451, 0.04227126
0.0, 0.60844755, -0.79357278
0.07726502, 0.91257381
0.01023977, -0.05444451, 0.04227126
0.91024506, 0.25189978, -0.32853174
0.068544, 0.92338312
0.00759747, 0.177074, 0.01433084
0.71196634, -0.70201725, -0.01535081
0.8634944, 0.84784253
0.00759747, 0.22471218, 0.03697777
0.73354292, 0.67958617, -0.00512711
0.96491969, 0.89605965
0.00759747, 0.17647041, 0.04190682
0.69029814, -0.72243416, 0.03949095
0.86220944, 0.90655389
0.0, 0.28783697, -0.02108655
0.0, -0.04174932, -0.99911499
0.09553567, 0.57558754
0.01023984, 0.09170516, 0.07006566
0.57106233, 0.47526476, 0.66930145
0.37970775, 0.98255956
0.0, 0.05966595, 0.06255643
0.0, -0.64168221, 0.76696068
0.31149381, 0.98201865
0.01023984, 0.05966595, 0.06255643
0.61848813, -0.50419629, 0.60264903
0.31149381, 0.96657181
0.0, 0.00674165, 0.0138162
0.0, 0.77428508, 0.63280129
0.21088114, 0.87057406
0.0, 0.05491006, 0.05154293
0.0, -0.48014772, 0.87716299
0.30136818, 0.95799696
0.01023984, 0.06472944, 0.04030703
0.84624773, -0.34577471, -0.40528581
0.32227442, 0.91920114
0.0, 0.07077852, 0.021534
0.0, -0.98150581, 0.19132054
0.31921405, 0.88254756
0.0, -0.07650111, 0.00248277
0.0, -0.75295269, -0.65804011
0.01753306, 0.82515347
0.01023984, -0.07650111, 0.00248277
0.57173377, -0.61775565, -0.53987241
0.02158383, 0.83867043
0.0, 0.06222636, 0.01131314
0.0, -0.40269172, 0.91531116
0.30827695, 0.86860526
0.0, 0.07243395, 0.00073061
0.0, -0.01174963, -0.99990845
0.33867782, 0.81785107
0.01023984, 0.07243395, 0.00073061
0.70442826, -0.00833155, -0.70970792
0.33867782, 0.83493996
0.0, -0.02350377, 0.03740417
0.0, -0.78811002, -0.61552781
0.12284294, 0.9049539
0.01023984, 0.10731135, 0.03377114
0.59242529, 0.63933223, 0.49012727
0.41293454, 0.90528566
0.0, 0.09520946, 0.03702514
0.0, 0.76036865, 0.64946443
0.39692342, 0.92544097
0.0, -0.02558969, 0.01393789
0.0, -0.66695148, 0.74507886
0.11997679, 0.87295371
0.0, 0.09170516, 0.07006566
0.0, 0.5789361, 0.81533247
0.38830149, 0.994964
0.0, -0.0573995, 0.01463318
0.0, 0.75099945, 0.66026795
0.07299504, 0.87340873
0.01023977, 0.01216496, 0.048442
0.90429395, 0.25177771, -0.34464553
0.21036062, 0.93652117
0.0, 0.06472944, 0.04030703
0.0, -0.64900661, -0.76073486
0.31100774, 0.91010481
0.0, 0.26002508, 0.01659056
0.0, -0.04718161, 0.99887079
0.03632203, 0.69925964
0.00759747, 0.22776137, 0.06199266
0.58247626, 0.66301459, 0.47019866
0.97141182, 0.94931822
0.00759747, 0.18048568, 0.0723535
0.57301551, -0.47077852, 0.67079681
0.87075818, 0.97137721
0.0, 0.31304145, 0.01036765
0.0, 0.06411939, 0.99792475
0.14919809, 0.68026206
0.0, 0.17647041, 0.04190682
0.0, -0.99850458, 0.05456709
0.84274238, 0.90850656
0.0, 0.22776137, 0.06199266
0.0, 0.81566823, 0.57847834
0.98835427, 0.94734859
0.00759747, 0.22712643, 0.01433084
0.68193609, 0.72725606, 0.07751702
0.97005987, 0.84784253
0.0, 0.22471218, 0.03697777
0.0, 0.99996948, -0.00753807
0.97983205, 0.89605965
0.0, 0.18048568, 0.0723535
0.0, -0.5744499, 0.81850642
0.85378027, 0.97651119
0.0, 0.177074, 0.01433084
0.0, -0.99975586, -0.02188177
0.84636807, 0.84784253
0.0, 0.10731135, 0.02121428
0.0, 0.99996948, 0.0
0.42674869, 0.8889634
0.0, 0.10731135, 0.03377114
0.0, 0.7936033, 0.60838646
0.42132825, 0.91587424
0.00154466, 0.46072453, -0.0172671
0.38267159, 0.0, -0.92385632
0.48733994, 0.58542547
0.00372914, 0.42167473, -0.01508262
0.92385632, 0.0, -0.38267159
0.40404937, 0.59244773
0.00154466, 0.42167473, -0.0172671
0.38267159, 0.0, -0.92385632
0.40403542, 0.58586851
0.00488275, 0.60790229, -0.00344336
0.92385632, 0.0, -0.38267159
0.800542, 0.63494623
0.0020225, 0.42167473, -0.00630362
0.38267159, 0.0, -0.92385632
0.40404937, 0.62603521
0.0020225, 0.60790229, -0.00630362
0.38267159, 0.0, -0.92385632
0.800542, 0.62569165
0.00154466, 0.46072453, -0.00980882
0.22745445, -0.80416274, 0.54911953
0.4844335, 0.60518655
0.0, 0.42167473, -0.00980882
0.0, 0.0, 1.0
0.40409681, 0.60721949
0.00154466, 0.42167473, -0.00980882
0.38267159, 0.0, 0.92385632
0.40409836, 0.60447291
0.00488275, 0.60790229, 0.00060164
0.92385632, 0.0, 0.38267159
0.800542, 0.64355838
0.00488275, 0.42167473, -0.00344336
0.92385632, 0.0, -0.38267159
0.40404937, 0.63494623
0.0020225, 0.60790229, 0.00346188
0.38267159, 0.0, 0.92385632
0.800542, 0.65276861
0.00488275, 0.42167473, 0.00060164
0.92385632, 0.0, 0.38267159
0.40404937, 0.64355838
0.0, 0.60790229, 0.00346188
0.0, 0.0, 0.99996948
0.800542, 0.65866125
0.0020225, 0.42167473, 0.00346189
0.38267159, 0.0, 0.92385632
0.40404937, 0.65224439
0.00372914, 0.46072453, -0.01508262
0.92385632, 0.0, -0.38267159
0.48718974, 0.59244773
0.00372914, 0.42167473, -0.0119933
0.92385632, 0.0, 0.38267159
0.40404937, 0.59902522
0.0, 0.46072453, -0.0172671
0.0, 0.0, -1.0
0.48757824, 0.58199605
0.0, 0.42167473, -0.0172671
0.0, 0.0, -1.0
0.40401301, 0.58256301
0.00488275, 0.65415901, -0.00344336
0.71727651, 0.63023776, -0.29709768
0.89902616, 0.63494623
0.0, 0.65415901, 0.00346188
0.0, 0.70708334, 0.70708334
0.98357666, 0.65180081
0.00488275, 0.65415901, 0.00060164
0.71727651, 0.63023776, 0.29709768
0.97318101, 0.64355832
0.00488275, 0.65415901, -0.00344336
0.71727651, 0.63023776, -0.29709768
0.97318101, 0.63494623
0.0020225, 0.65415901, 0.00346188
0.29709768, 0.63023776, 0.71727651
0.89902616, 0.65276861
0.0020225, 0.65415901, -0.00630362
0.29709768, 0.63026828, -0.717246
0.89902616, 0.62569165
0.00488275, 0.65415901, 0.00060164
0.71727651, 0.63023776, 0.29709768
0.89902616, 0.64355838
0.0, 0.28669196, -0.0207038
0.0, 0.09900205, -0.99505597
0.79484951, 0.68372405
0.00709757, 0.24665786, -0.02468726
0.0, 0.09900205, -0.99505597
0.70961392, 0.69883519
0.0, 0.24665786, -0.02468726
0.0, 0.09900205, -0.99505597
0.70961392, 0.68372399
0.00372914, 0.46072453, -0.0119933
0.97375411, -0.13132115, 0.18573564
0.48718974, 0.59902522
0.0, 0.42167473, -0.00630361
0.0, 0.0, -1.0
0.40404937, 0.61934984
0.0, 0.60790229, -0.00630362
0.0, 0.0, -1.0
0.800542, 0.62013084
0.0, 0.65415901, -0.00630362
0.0, 0.70708334, -0.70708334
0.89902616, 0.62013084
0.00154466, 0.46602207, -0.0172671
0.34665975, 0.30445266, -0.88717306
0.49896249, 0.58645639
0.0, 0.46602207, -0.0172671
0.0, 0.34040347, -0.94024473
0.50010896, 0.58328381
0.00372914, 0.46602207, -0.01508262
0.88146609, 0.19019136, -0.43220314
0.49846825, 0.59244773
0.00154466, 0.47917831, -0.00630361
0.36317027, 0.59645373, -0.71575058
0.52806628, 0.60888603
0.0, 0.47917831, -0.00630361
0.0, 0.64015627, -0.7682119
0.53027952, 0.6059837
0.00372914, 0.47917831, -0.00411913
0.84246343, 0.34485915, -0.413831
0.52647901, 0.61578986
0.00372914, 0.46602207, -0.0119933
1.0, 0.0, 0.0
0.49846825, 0.59902522
0.00372914, 0.46072453, -0.00411913
0.70708334, -0.70708334, 0.0
0.48718974, 0.61578986
0.00154466, 0.46072453, -0.00411913
0.0, -1.0, 0.0
0.4843882, 0.61546382
0.0, 0.46072453, -0.00980882
0.0, -0.70708334, 0.70708334
0.48243138, 0.60718611
0.00488275, 0.59440625, -0.02992787
0.59428692, -0.479812, -0.64540541
0.77180803, 0.56084111
0.00488275, 0.60085583, -0.00344336
0.72927028, 0.68053222, 0.07071139
0.78553975, 0.6172286
0.00488275, 0.58643937, -0.00344336
0.63127536, -0.74266791, -0.2233955
0.75484574, 0.6172286
0.0, 0.60360795, -0.02992787
0.0, 0.74272895, -0.66954559
0.79336798, 0.55318728
0.00488275, 0.60360795, -0.02992787
0.57209998, 0.60917997, -0.54915005
0.79139936, 0.56084111
0.0, 0.60085583, -0.00344336
0.0, 0.99462873, 0.10333567
0.80086845, 0.61693546
0.0, 0.59440625, -0.02992787
0.0, -0.59660631, -0.80251473
0.77377665, 0.55318728
0.00925047, 0.24524088, -0.04519819
0.71727651, 0.63023776, -0.29709768
0.75959551, 0.51073009
0.00383167, 0.20037846, -0.05061699
0.37464523, 0.2036195, -0.90450758
0.66408026, 0.52226704
0.00383167, 0.24524088, -0.05061699
0.29709768, 0.63023776, -0.71727651
0.75959551, 0.52226704
0.00925047, 0.24524088, -0.03753484
0.71727651, 0.63023776, 0.29709768
0.75959551, 0.49441421
0.00925047, 0.20037846, -0.04519819
0.90450758, 0.2036195, -0.37464523
0.66408026, 0.51073003
0.00383167, 0.24524088, -0.03211604
0.29709768, 0.63023776, 0.71727651
0.75959551, 0.48287714
0.00925047, 0.20037846, -0.03753484
0.90450758, 0.2036195, 0.37464523
0.66408026, 0.49441421
0.004767, 0.19443952, -0.02985795
0.37601855, 0.18552202, 0.90783411
0.65143549, 0.47806966
0.00383167, 0.20037846, -0.03211604
0.37464523, 0.2036195, 0.90450758
0.66408026, 0.48287714
0.0, 0.20037846, -0.05061699
0.0, 0.18066958, -0.98352003
0.66408026, 0.52901006
0.0, 0.24524088, -0.05061699
0.0, 0.70708334, -0.70708334
0.75959551, 0.52901006
0.0, 0.19443952, -0.02985795
0.0, 0.18066958, 0.98352003
0.65143549, 0.46853125
0.0, 0.20037846, -0.03211604
0.0, 0.18066958, 0.98352003
0.6640327, 0.47406846
0.01150856, 0.19443952, -0.04613351
0.90783411, 0.18552202, -0.37601855
0.65143549, 0.51272136
0.004767, 0.19443952, -0.05287508
0.37601855, 0.18552202, -0.90783411
0.65143549, 0.52707469
0.0, 0.14605841, -0.02985795
0.0, -0.58131659, 0.81365401
0.54842865, 0.46853125
0.00284034, 0.144465, -0.03450931
0.28379163, -0.67082733, 0.68514055
0.5450362, 0.48797268
0.004767, 0.14605841, -0.02985795
0.32438123, -0.53053379, 0.78310496
0.54842865, 0.47806966
0.01150856, 0.19443952, -0.03659951
0.90783411, 0.18552202, 0.37601855
0.65143549, 0.49242288
0.01150856, 0.14605841, -0.04613351
0.78310496, -0.53053379, -0.32438123
0.54842865, 0.51272136
0.01150856, 0.14605841, -0.03659951
0.78310496, -0.53053379, 0.32438123
0.54842865, 0.49242288
0.0068572, 0.144465, -0.03852617
0.68514055, -0.67082733, 0.28379163
0.5450362, 0.49652487
0.00759747, 0.17633353, 0.02121428
0.70708334, 0.70708334, 0.0
0.64896828, 0.87855124
0.0, 0.17633353, 0.03403464
0.0, 0.70708334, 0.70708334
0.64896828, 0.92162311
0.00759747, 0.17633353, 0.03403464
0.57734919, 0.57734919, 0.57734919
0.64896828, 0.90584677
0.0, 0.16516176, 0.03403464
0.0, -0.70708334, 0.70708334
0.62518275, 0.9263941
0.00759747, 0.16516176, 0.03403464
0.57734919, -0.57734919, 0.57734919
0.62518275, 0.90584677
0.0068572, 0.144465, -0.04420686
0.68514055, -0.67082733, -0.28379163
0.5450362, 0.50861955
0.004767, 0.14605841, -0.05287508
0.32438123, -0.53053379, -0.78310496
0.54842865, 0.52707469
0.0, -0.02630825, -0.01152519
0.42762536, -0.55583364, -0.71282083
0.12844825, 0.29281127
0.0, 0.04160561, 0.01061251
0.57734919, 0.57734919, 0.57734919
0.27304199, 0.208565
0.0, -0.02630825, 0.01061251
0.57734919, -0.57734919, 0.57734919
0.12844825, 0.208565
0.0057359, 0.14254515, 0.03511237
0.63380837, 0.72072512, 0.2806482
0.57703018, 0.92612356
0.0, 0.1351683, 0.04314802
0.0, 0.40232551, 0.91549426
0.56721646, 0.95531636
0.0057359, 0.1351683, 0.04314802
0.62675864, 0.31348613, 0.71333963
0.56132448, 0.94323212
0.0057359, 0.10731135, 0.03377114
0.64699239, -0.72936183, 0.2222663
0.50201488, 0.92326796
0.0, 0.10731135, 0.02121428
0.0, -1.0, 0.0
0.48654053, 0.89712375
0.0057359, 0.10731135, 0.02121428
0.70708334, -0.70708334, 0.0
0.50201488, 0.89653349
0.0, 0.12679288, -0.03450931
0.0, 0.09817804, 0.99514759
0.50734031, 0.48243672
0.0, 0.144465, -0.03450931
0.0, -0.58131659, 0.81365401
0.5450362, 0.4826901
0.0068572, 0.12679288, -0.03852617
0.91836298, 0.10882901, 0.38038272
0.50741088, 0.49652487
0.00573589, 0.10977338, 0.03326493
0.77800834, 0.60158086, -0.18091372
0.50725669, 0.92219031
0.0, 0.10977335, 0.02121428
0.0, 1.0, 0.0
0.51805413, 0.89689708
0.0, 0.10977338, 0.03326493
0.0, 0.95760977, -0.28800318
0.51729041, 0.91958171
0.00759747, 0.16516176, 0.02121428
0.70708334, -0.70708334, 0.0
0.62518275, 0.87855124
0.00284034, 0.12679288, -0.03450931
0.38038272, 0.10882901, 0.91836298
0.50741088, 0.48797268
0.0068572, 0.12679288, -0.04420686
0.91836298, 0.10882901, -0.38038272
0.50741088, 0.50861955
0.00284035, 0.144465, -0.04822372
0.28379163, -0.67082733, -0.68514055
0.5450362, 0.51717162
0.00573582, 0.1398674, 0.03503445
0.79580063, -0.56654561, -0.21372113
0.57132906, 0.92595774
0.0, 0.13441856, 0.04122853
0.0, -0.41199988, -0.91116059
0.55492705, 0.930695
0.0, 0.1398674, 0.03503445
0.0, -0.93563646, -0.35294655
0.56105715, 0.92191231
0.0044158, 0.10770535, -0.03070583
0.38062686, 0.10336619, 0.91891229
0.46677211, 0.47987485
0.0044158, 0.10770535, -0.05202721
0.38062686, 0.10336619, -0.91891229
0.46677211, 0.52526957
0.00284035, 0.12679288, -0.04822372
0.38038272, 0.10882901, -0.91836298
0.50741088, 0.51717162
0.0, 0.11503981, 0.04122851
0.0, 0.47349468, -0.8807947
0.52331197, 0.93100554
0.00573597, 0.11503981, 0.04122851
0.83065277, 0.26361889, -0.49040192
0.51846927, 0.93914539
0.0057359, 0.13441856, 0.04122853
0.81258583, -0.24011964, -0.53105259
0.55972815, 0.93914539
0.0, 0.10770535, -0.03070583
0.0, 0.09817804, 0.99514759
0.46677211, 0.47160614
0.01066069, 0.10770535, -0.04578231
0.91891229, 0.10336619, -0.38062686
0.46677211, 0.51197374
0.0057359, 0.14254515, 0.02121428
0.70708334, 0.70708334, 0.0
0.57703018, 0.89653349
0.0, 0.14254515, 0.03511237
0.0, 0.93182164, 0.36283457
0.58871359, 0.93166667
0.0, 0.01216496, 0.048442
0.0, 0.58989227, -0.8074587
0.22010049, 0.92561603
0.0, 0.11361155, 0.04314802
0.0, -0.47025973, 0.88250375
0.5096752, 0.95537555
0.0057359, 0.11361155, 0.04314802
0.61497849, -0.3707999, 0.69588304
0.51542848, 0.94323212
0.0044158, 0.09061264, -0.03070583
0.29709768, -0.63023776, 0.71727651
0.43038043, 0.47987485
0.01066069, 0.10770535, -0.03695071
0.91891229, 0.10336619, 0.38062686
0.46677211, 0.49317056
0.01066069, 0.09061264, -0.04578231
0.71727651, -0.63023776, -0.29709768
0.43038043, 0.51197374
0.0, 0.09061264, -0.03070583
0.0, -0.70708334, 0.70708334
0.43038043, 0.47160614
0.01066069, 0.09061264, -0.03695071
0.71727651, -0.63023776, 0.29709768
0.43038043, 0.49317056
0.0044158, 0.09061264, -0.05202721
0.29709768, -0.63023776, -0.71727651
0.43038043, 0.52526957
0.0, 0.10770535, -0.05202721
0.0, 0.09817804, -0.99514759
0.46677211, 0.53372556
0.01066069, 0.09061264, -0.03695071
0.71727651, -0.63023776, 0.29709768
0.37676969, 0.51197374
0.0, 0.09061264, -0.05202721
0.0, -0.70708334, -0.70708334
0.39946705, 0.47987485
0.01066069, 0.09061264, -0.04578231
0.71727651, -0.63023776, -0.29709768
0.37676969, 0.49317062
0.0, 0.1398674, 0.02121428
0.0, -0.99996948, 0.0
0.56156844, 0.89657623
0.0057359, 0.1398674, 0.02121428
0.70708334, -0.70708334, 0.0
0.57132906, 0.89653349
0.0, 0.12679288, -0.04822372
0.0, 0.09817804, -0.99514759
0.50741088, 0.52299327
0.0, 0.10731135, 0.03377114
0.0, -0.95654166, 0.29148227
0.4891673, 0.92931813
0.0, 0.14605841, -0.05287508
0.0, -0.58131659, -0.81365401
0.5485127, 0.53662658
0.0, 0.144465, -0.04822372
0.0, -0.58131659, -0.81365401
0.54501855, 0.5225054
0.0, 0.19443952, -0.05287508
0.0, 0.18066958, -0.98352003
0.65140915, 0.53662658
0.0, 0.16516176, 0.02121428
0.0, -1.0, 0.0
0.62518275, 0.88411474
0.0, 0.24524088, -0.03211604
0.0, 0.70708334, 0.70708334
0.79836345, 0.52226716
0.00925047, 0.24524088, -0.03753484
0.71727651, 0.63023776, 0.29709768
0.81805843, 0.51073009
0.00925047, 0.24524088, -0.04519819
0.71727651, 0.63023776, -0.29709768
0.81805843, 0.49441415
0.0, 0.24524088, -0.03211604
0.0, 0.70708334, 0.70708334
0.75959551, 0.47406846
-0.01023984, 0.24948959, 0.01433084
-0.57734919, 0.57734919, 0.57734919
0.80472314, 0.86389583
-0.01023984, 0.07243395, -0.00772277
-0.63316751, -0.7201758, -0.28354746
0.42775819, 0.18305653
-0.01023984, 0.10731135, 0.01222757
-0.89510787, -0.32743308, 0.30249947
0.50201488, 0.14058071
-0.01023984, 0.08164661, -0.01760868
-0.62736899, -0.31061739, -0.71407211
0.44737273, 0.20410436
-0.01023984, 0.10731135, 0.02121428
-0.57734919, -0.57734919, 0.57734919
0.50201488, 0.87855124
0.0, 0.24948959, -0.01760868
0.0, 0.70708334, -0.70708334
0.80472314, 0.22187215
-0.01023984, 0.24948959, -0.01760868
-0.57734919, 0.57734919, -0.57734919
0.80472314, 0.20410436
0.0, 0.07243395, -0.00772277
0.0, -0.93044829, -0.36634418
0.42775819, 0.19977015
-0.01023984, 0.17689236, 0.02121428
-0.6304819, 0.29599902, 0.71752065
0.65015805, 0.12144738
0.0, 0.18381469, 0.01433084
0.0, 0.38135928, 0.92440563
0.66489625, 0.1188367
-0.01023984, 0.18381469, 0.01433084
-0.80379653, 0.2268746, 0.54991305
0.66489625, 0.13610286
0.0, 0.07243395, 0.00946376
0.0, -0.73448896, 0.67857903
0.42775819, 0.12966651
0.0, 0.10731135, 0.01222757
0.0, -0.73448896, 0.67857903
0.50201488, 0.1235618
-0.01023977, -0.02558969, 0.01393789
-0.89660329, -0.2953276, 0.32993561
0.12997809, 0.13693935
-0.01023984, 0.00674165, 0.0138162
-0.91714227, 0.30857265, 0.25217444
0.19881397, 0.13719851
-0.01023984, -0.07650111, 0.00248277
-0.57173377, -0.61775565, -0.53987241
0.02158383, 0.16132814
-0.01023984, 0.24948959, -0.01760868
-0.72658467, -0.06204413, -0.68422496
0.01389126, 0.60478717
-0.01023984, 0.26002508, 0.01659056
-0.67210913, -0.03494369, 0.73958558
0.03632203, 0.67759991
-0.01023984, 0.28783697, -0.02108655
-0.69631028, -0.02996918, -0.71709341
0.09553567, 0.59738255
-0.01023984, 0.24948959, 0.01433084
-0.57734919, 0.57734919, 0.57734919
0.80472314, 0.13610274
0.0, 0.24948959, 0.01433084
0.0, 0.70708334, 0.70708334
0.80472314, 0.1188367
-0.01023984, 0.09520946, 0.03702514
-0.85885191, 0.38944671, 0.33265176
0.38716871, 0.08778495
-0.01023984, 0.07077852, 0.021534
-0.83352154, -0.5422529, 0.1056856
0.33515334, 0.12076658
-0.01023984, 0.06472944, 0.04030703
-0.84624773, -0.34577471, -0.40528581
0.32227442, 0.08079749
-0.01023984, 0.31304145, 0.01036765
-0.72139651, 0.0527665, 0.69048131
0.14919809, 0.66435087
-0.01023984, 0.31304145, -0.02091273
-0.71040988, 0.01074252, -0.70366526
0.14919809, 0.59775263
-0.01023977, 0.06222636, 0.01131314
-0.82177192, -0.22946867, 0.52153081
0.31694514, 0.14252764
-0.01023984, 0.07243395, 0.00073061
-0.70442826, -0.00833155, -0.70970792
0.33867782, 0.16505867
-0.01023984, 0.07243395, -0.00772277
-0.63316751, -0.7201758, -0.28354746
0.42775819, 0.81694204
-0.01023984, 0.07243395, 0.00946376
-0.58162177, -0.59746087, 0.5519883
0.42775819, 0.85353345
0.0, 0.10731135, 0.02121428
0.0, -0.70708334, 0.70708334
0.50201488, 0.10726303
0.0, 0.17689236, 0.02121428
0.0, 0.38135928, 0.92440563
0.65015805, 0.10726303
-0.0076943, 0.42167473, 0.00911612
-0.57048249, 0.58647418, 0.57490766
0.3804864, 0.66168624
-0.0076943, 0.42167473, -0.02091273
-0.56990266, 0.58342236, -0.57856989
0.3804864, 0.59775263
-0.01023984, 0.24948959, 0.01433084
-0.75017548, -0.13864559, 0.6465041
0.01389126, 0.67278886
0.0, -0.06799066, 0.0715675
0.0, -0.59987181, 0.80007327
0.03878945, 6.6e-07
-0.01023984, 0.05491006, 0.05154293
-0.87447739, -0.23288675, 0.42545855
0.30136818, 0.05687541
-0.01023984, -0.06799066, 0.0715675
-0.57530445, -0.49064606, 0.65437788
0.03970328, 0.01424152
0.0, -0.05444451, 0.04227126
0.0, 0.60844755, -0.79357278
0.07726502, 0.08742481
-0.01023977, -0.0573995, 0.01463318
-0.9142735, 0.30420852, 0.26746422
0.06225261, 0.13545901
-0.01023977, -0.05444451, 0.04227126
-0.91024506, 0.25189978, -0.32853174
0.068544, 0.07661551
-0.00759747, 0.177074, 0.01433084
-0.71196634, -0.70201725, -0.01535081
0.8634944, 0.84784253
-0.00759747, 0.22471218, 0.03697777
-0.73354292, 0.67958617, -0.00512711
0.96491969, 0.89605965
-0.00759747, 0.22712643, 0.01433084
-0.68193609, 0.72725606, 0.07751702
0.97005987, 0.84784253
0.0, 0.05966595, 0.06255643
0.0, -0.64168221, 0.76696068
0.31149381, 0.01797992
-0.01023984, 0.09170516, 0.07006566
-0.57106233, 0.47526476, 0.66930145
0.37970775, 0.01743907
-0.01023984, 0.05966595, 0.06255643
-0.61848813, -0.50419629, 0.60264903
0.31149381, 0.03342682
0.0, 0.00674165, 0.0138162
0.0, 0.77428508, 0.63280129
0.21088114, 0.12942451
0.0, 0.05491006, 0.05154293
0.0, -0.48014772, 0.87716299
0.30136818, 0.04200166
0.0, 0.07077852, 0.021534
0.0, -0.98150581, 0.19132054
0.31921405, 0.11745101
0.0, -0.07650111, 0.00248277
0.0, -0.75295269, -0.65804011
0.01753306, 0.17484516
0.0, 0.07243395, 0.00073061
0.0, -0.01174963, -0.99990845
0.33867782, 0.18214756
0.0, -0.02350377, 0.03740417
0.0, -0.78811002, -0.61552781
0.12284294, 0.09504467
-0.01023984, -0.02350377, 0.03740417
-0.89651173, -0.34910122, -0.27265236
0.1344192, 0.0869779
0.0, 0.09520946, 0.03702514
0.0, 0.76036865, 0.64946443
0.39692342, 0.0745576
-0.01023984, 0.10731135, 0.03377114
-0.59242529, 0.63933223, 0.49012727
0.41293454, 0.09471291
0.0, 0.09170516, 0.07006566
0.0, 0.5789361, 0.81533247
0.38830149, 0.00503463
0.0, -0.0573995, 0.01463318
0.0, 0.75099945, 0.66026795
0.07299504, 0.12658983
0.0, 0.06472944, 0.04030703
0.0, -0.64900661, -0.76073486
0.31100774, 0.08989376
-0.01023977, 0.01216496, 0.048442
-0.90429395, 0.25177771, -0.34464553
0.21036062, 0.06347746
-0.00759747, 0.17647041, 0.04190682
-0.69029814, -0.72243416, 0.03949095
0.86220944, 0.90655389
-0.00759747, 0.22776137, 0.06199266
-0.58247626, 0.66301459, 0.47019866
0.97141182, 0.94931822
-0.00759747, 0.18048568, 0.0723535
-0.57301551, -0.47077852, 0.67079681
0.87075818, 0.97137721
0.0, 0.10731135, 0.02121428
0.0, 0.99996948, 0.0
0.42674869, 0.11103517
0.0, 0.10731135, 0.03377114
0.0, 0.7936033, 0.60838646
0.42132825, 0.08412439
-0.00372914, 0.42167473, -0.01508262
-0.92385632, 0.0, -0.38267159
0.40404937, 0.59244773
-0.00154466, 0.46072453, -0.0172671
-0.38267159, 0.0, -0.92385632
0.48733994, 0.58542547
-0.00154466, 0.42167473, -0.0172671
-0.38267159, 0.0, -0.92385632
0.40403542, 0.58586851
-0.0020225, 0.42167473, -0.00630362
-0.38267159, 0.0, -0.92385632
0.40404937, 0.62603521
-0.00488275, 0.60790229, -0.00344336
-0.92385632, 0.0, -0.38267159
0.800542, 0.63494623
-0.0020225, 0.60790229, -0.00630362
-0.38267159, 0.0, -0.92385632
0.800542, 0.62569165
-0.00154466, 0.46072453, -0.00980882
-0.22745445, -0.80416274, 0.54911953
0.4844335, 0.60518655
-0.00154466, 0.42167473, -0.00980882
-0.38267159, 0.0, 0.92385632
0.40409836, 0.60447291
-0.00488275, 0.42167473, -0.00344336
-0.92385632, 0.0, -0.38267159
0.40404937, 0.63494623
-0.00488275, 0.60790229, 0.00060164
-0.92385632, 0.0, 0.38267159
0.800542, 0.64355838
-0.00488275, 0.42167473, 0.00060164
-0.92385632, 0.0, 0.38267159
0.40404937, 0.64355838
-0.0020225, 0.60790229, 0.00346188
-0.38267159, 0.0, 0.92385632
0.800542, 0.65276861
-0.0020225, 0.42167473, 0.00346189
-0.38267159, 0.0, 0.92385632
0.40404937, 0.65224439
-0.00372914, 0.42167473, -0.0119933
-0.92385632, 0.0, 0.38267159
0.40404937, 0.59902522
-0.00372914, 0.46072453, -0.01508262
-0.92385632, 0.0, -0.38267159
0.48718974, 0.59244773
-0.00488275, 0.65415901, -0.00344336
-0.71727651, 0.63023776, -0.29709768
0.89902616, 0.63494623
-0.00488275, 0.65415901, -0.00344336
-0.71727651, 0.63023776, -0.29709768
0.97318101, 0.63494623
0.0, 0.65415901, -0.00630362
0.0, 0.70708334, -0.70708334
0.98357666, 0.62698221
-0.0020225, 0.65415901, 0.00346188
-0.29709768, 0.63023776, 0.71727651
0.89902616, 0.65276861
-0.0020225, 0.65415901, -0.00630362
-0.29709768, 0.63026828, -0.717246
0.89902616, 0.62569165
-0.00488275, 0.65415901, 0.00060164
-0.71727651, 0.63023776, 0.29709768
0.89902616, 0.64355838
-0.00709757, 0.24665786, -0.02468726
0.0, 0.09900205, -0.99505597
0.70961392, 0.69883519
-0.00372914, 0.46072453, -0.0119933
-0.97375411, -0.13132115, 0.18573564
0.48718974, 0.59902522
-0.00154466, 0.46602207, -0.0172671
-0.34665975, 0.30445266, -0.88717306
0.49896249, 0.58645639
-0.00372914, 0.46602207, -0.01508262
-0.88146609, 0.19019136, -0.43220314
0.49846825, 0.59244773
-0.00154466, 0.47917831, -0.00630361
-0.36317027, 0.59645373, -0.71575058
0.52806628, 0.60888603
-0.00372914, 0.46602207, -0.0119933
-1.0, 0.0, 0.0
0.49846825, 0.59902522
-0.00372914, 0.47917831, -0.00411913
-0.84246343, 0.34485915, -0.413831
0.52647901, 0.61578986
-0.00372914, 0.46072453, -0.00411913
-0.70708334, -0.70708334, 0.0
0.48718974, 0.61578986
-0.00154466, 0.46072453, -0.00411913
0.0, -1.0, 0.0
0.4843882, 0.61546382
-0.00488275, 0.59440625, -0.02992787
-0.59428692, -0.479812, -0.64540541
0.77180803, 0.56084111
-0.00488275, 0.60085583, -0.00344336
-0.72927028, 0.68053222, 0.07071139
0.78553975, 0.6172286
-0.00488275, 0.60360795, -0.02992787
-0.57209998, 0.60917997, -0.54915005
0.79139936, 0.56084111
-0.00488275, 0.58643937, -0.00344336
-0.63127536, -0.74266791, -0.2233955
0.75484574, 0.6172286
-0.00383167, 0.20037846, -0.05061699
-0.37464523, 0.2036195, -0.90450758
0.66408026, 0.52226704
-0.00925047, 0.24524088, -0.04519819
-0.71727651, 0.63023776, -0.29709768
0.75959551, 0.51073009
-0.00383167, 0.24524088, -0.05061699
-0.29709768, 0.63023776, -0.71727651
0.75959551, 0.52226704
-0.00925047, 0.20037846, -0.04519819
-0.90450758, 0.2036195, -0.37464523
0.66408026, 0.51073003
-0.00925047, 0.24524088, -0.03753484
-0.71727651, 0.63023776, 0.29709768
0.75959551, 0.49441421
-0.00925047, 0.20037846, -0.03753484
-0.90450758, 0.2036195, 0.37464523
0.66408026, 0.49441421
-0.00383167, 0.24524088, -0.03211604
-0.29709768, 0.63023776, 0.71727651
0.75959551, 0.48287714
-0.004767, 0.19443952, -0.02985795
-0.37601855, 0.18552202, 0.90783411
0.65143549, 0.47806966
-0.00383167, 0.20037846, -0.03211604
-0.37464523, 0.2036195, 0.90450758
0.66408026, 0.48287714
-0.01466565, 0.04160561, -0.00370089
-0.63801998, 0.6196478, -0.45707572
0.27304199, 0.26130462
-0.0170133, 0.04160561, 0.01061251
-0.62660605, 0.56926173, 0.53221226
0.27304199, 0.23083031
-0.01150856, 0.19443952, -0.04613351
-0.90783411, 0.18552202, -0.37601855
0.65143549, 0.51272136
-0.01150856, 0.19443952, -0.03659951
-0.90783411, 0.18552202, 0.37601855
0.65143549, 0.49242288
-0.004767, 0.19443952, -0.05287508
-0.37601855, 0.18552202, -0.90783411
0.65143549, 0.52707469
-0.00284034, 0.144465, -0.03450931
-0.28379163, -0.67082733, 0.68514055
0.5450362, 0.48797268
-0.004767, 0.14605841, -0.02985795
-0.32438123, -0.53053379, 0.78310496
0.54842865, 0.47806966
-0.01150856, 0.14605841, -0.04613351
-0.78310496, -0.53053379, -0.32438123
0.54842865, 0.51272136
-0.01466565, -0.02630825, -0.00370089
-0.63801998, -0.6196478, -0.45707572
0.12844825, 0.26130462
-0.0170133, -0.02630825, 0.01061251
-0.62660605, -0.56926173, 0.53221226
0.12844825, 0.23083031
0.0, 0.04160561, -0.01152519
0.42762536, 0.55583364, -0.71282083
0.27304199, 0.29281127
-0.01150856, 0.14605841, -0.03659951
-0.78310496, -0.53053379, 0.32438123
0.54842865, 0.49242288
-0.01208528, 0.16198866, -0.0284602
-0.73216957, 0.66093934, -0.16434218
0.58234525, 0.44704074
-0.00823701, 0.14670388, -0.03659951
-0.42634359, -0.60417491, -0.6731773
0.54980302, 0.46436995
-0.01208528, 0.14670388, -0.0284602
-0.73216957, -0.66093934, -0.16434218
0.54980302, 0.44704074
-0.0068572, 0.144465, -0.03852617
-0.68514055, -0.67082733, 0.28379163
0.5450362, 0.49652487
-0.00759747, 0.17633353, 0.02121428
-0.70708334, 0.70708334, 0.0
0.64896828, 0.87855124
-0.00759747, 0.17633353, 0.03403464
-0.57734919, 0.57734919, 0.57734919
0.64896828, 0.90584677
0.0, 0.16516176, 0.03403464
0.0, -0.70708334, 0.70708334
0.62518275, 0.07360452
-0.00759747, 0.17633353, 0.03403464
-0.57734919, 0.57734919, 0.57734919
0.64896828, 0.09415179
-0.00759747, 0.16516176, 0.03403464
-0.57734919, -0.57734919, 0.57734919
0.62518275, 0.09415179
-0.004767, 0.14605841, -0.05287508
-0.32438123, -0.53053379, -0.78310496
0.54842865, 0.52707469
-0.0068572, 0.144465, -0.04420686
-0.68514055, -0.67082733, -0.28379163
0.5450362, 0.50861955
0.0, 0.1351683, 0.04314802
0.0, 0.40232551, 0.91549426
0.56721646, 0.0446822
-0.0057359, 0.14254515, 0.03511237
-0.63380837, 0.72072512, 0.2806482
0.57703018, 0.07387501
-0.0057359, 0.1351683, 0.04314802
-0.62675864, 0.31348613, 0.71333963
0.56132448, 0.05676645
0.0, 0.10731135, 0.02121428
0.0, -1.0, 0.0
0.48654053, 0.10287482
-0.0057359, 0.10731135, 0.03377114
-0.64699239, -0.72936183, 0.2222663
0.50201488, 0.07673067
-0.0057359, 0.10731135, 0.02121428
-0.70708334, -0.70708334, 0.0
0.50201488, 0.10346514
-0.0068572, 0.12679288, -0.03852617
-0.91836298, 0.10882901, 0.38038272
0.50741088, 0.49652487
-0.00573589, 0.10977338, 0.03326493
-0.77800834, 0.60158086, -0.18091372
0.50725669, 0.07780832
0.0, 0.10977335, 0.02121428
0.0, 1.0, 0.0
0.51805413, 0.10310155
-0.0057359, 0.10977335, 0.02121428
-0.70708334, 0.70708334, 0.0
0.50725669, 0.10346514
-0.00759747, 0.17633353, 0.02121428
-0.70708334, 0.70708334, 0.0
0.64896828, 0.12144738
-0.00759747, 0.16516176, 0.02121428
-0.70708334, -0.70708334, 0.0
0.62518275, 0.12144738
-0.00284034, 0.12679288, -0.03450931
-0.38038272, 0.10882901, 0.91836298
0.50741088, 0.48797268
-0.00284035, 0.144465, -0.04822372
-0.28379163, -0.67082733, -0.68514055
0.5450362, 0.51717162
-0.0068572, 0.12679288, -0.04420686
-0.91836298, 0.10882901, -0.38038272
0.50741088, 0.50861955
-0.00573582, 0.1398674, 0.03503445
-0.79580063, -0.56654561, -0.21372113
0.57132906, 0.07404083
0.0, 0.13441856, 0.04122853
0.0, -0.41199988, -0.91116059
0.55492705, 0.06930357
-0.0057359, 0.13441856, 0.04122853
-0.81258583, -0.24011964, -0.53105259
0.55972815, 0.06085318
-0.0044158, 0.10770535, -0.03070583
-0.38062686, 0.10336619, 0.91891229
0.46677211, 0.47987485
-0.00284035, 0.12679288, -0.04822372
-0.38038272, 0.10882901, -0.91836298
0.50741088, 0.51717162
-0.01066069, 0.10770535, -0.04578231
-0.91891229, 0.10336619, -0.38062686
0.46677211, 0.51197374
0.0, 0.11503981, 0.04122851
0.0, 0.47349468, -0.8807947
0.52331197, 0.06899303
-0.00573597, 0.11503981, 0.04122851
-0.83065277, 0.26361889, -0.49040192
0.51846927, 0.06085318
-0.01066069, 0.10770535, -0.03695071
-0.91891229, 0.10336619, 0.38062686
0.46677211, 0.49317056
0.0, 0.14254515, 0.03511237
0.0, 0.93182164, 0.36283457
0.58871359, 0.0683319
-0.0057359, 0.14254515, 0.02121428
-0.70708334, 0.70708334, 0.0
0.57703018, 0.10346514
0.0, 0.11361155, 0.04314802
0.0, -0.47025973, 0.88250375
0.5096752, 0.04462308
-0.0057359, 0.11361155, 0.04314802
-0.61497849, -0.3707999, 0.69588304
0.51542848, 0.05676645
-0.0044158, 0.09061264, -0.03070583
-0.29709768, -0.63023776, 0.71727651
0.43038043, 0.47987485
-0.0044158, 0.10770535, -0.05202721
-0.38062686, 0.10336619, -0.91891229
0.46677211, 0.52526957
-0.01066069, 0.09061264, -0.04578231
-0.71727651, -0.63023776, -0.29709768
0.43038043, 0.51197374
-0.01208528, 0.20957156, -0.0284602
-0.73216957, 0.66093934, -0.16434218
0.683653, 0.44704074
-0.00823701, 0.19313975, -0.03659951
-0.42634359, -0.60417491, -0.6731773
0.64866841, 0.46436995
-0.01208528, 0.19313975, -0.0284602
-0.73216957, -0.66093934, -0.16434218
0.64866841, 0.44704074
-0.01066069, 0.09061264, -0.03695071
-0.71727651, -0.63023776, 0.29709768
0.43038043, 0.49317056
-0.01208528, 0.15749575, 0.02039826
-0.62105167, -0.25049591, 0.74260688
0.57277977, 0.34301734
-0.01208525, 0.19313975, 0.00236924
-0.90450758, -0.30149236, -0.30149236
0.64866841, 0.38140249
-0.01208525, 0.16198866, 0.00236924
-0.90450758, 0.30149236, -0.30149236
0.58234525, 0.38140249
-0.0044158, 0.09061264, -0.05202721
-0.29709768, -0.63023776, -0.71727651
0.43038043, 0.52526957
0.0, 0.09061264, -0.03070583
0.0, -0.70708334, 0.70708334
0.39946705, 0.52526954
-0.01066069, 0.09061264, -0.03695071
-0.71727651, -0.63023776, 0.29709768
0.42216441, 0.51197374
0.0, 0.1398674, 0.02121428
0.0, -0.99996948, 0.0
0.56156844, 0.10342234
-0.0057359, 0.1398674, 0.02121428
-0.70708334, -0.70708334, 0.0
0.57132906, 0.10346514
0.0, 0.10731135, 0.03377114
0.0, -0.95654166, 0.29148227
0.4891673, 0.07068044
-0.00759747, 0.16516176, 0.03403464
-0.57734919, -0.57734919, 0.57734919
0.62518275, 0.90584677
-0.00759747, 0.16516176, 0.02121428
-0.70708334, -0.70708334, 0.0
0.62518275, 0.87855124
-0.00925047, 0.24524088, -0.04519819
-0.71727651, 0.63023776, -0.29709768
0.77866846, 0.49441415
0.0, 0.24524088, -0.05061699
0.0, 0.70708334, -0.70708334
0.79836345, 0.48287714
-0.00639156, 0.14670388, -0.03659951
0.70125431, -0.55760366, -0.44413587
0.54980302, 0.46436995
-0.01023984, 0.16198866, -0.0284602
0.6342662, 0.75988036, 0.14236885
0.58234525, 0.44704074
-0.01023984, 0.14670388, -0.0284602
0.63423568, -0.75988036, 0.14236885
0.54980302, 0.44704074
-0.00639156, 0.19313975, -0.03659951
0.70125431, -0.55760366, -0.44413587
0.64866841, 0.46436995
-0.01023984, 0.20957156, -0.0284602
0.6342662, 0.75988036, 0.14236885
0.683653, 0.44704074
-0.01023984, 0.19313975, -0.0284602
0.6342662, -0.75988036, 0.14236885
0.64866841, 0.44704074
-0.0102398, 0.19313975, 0.00236924
0.90450758, -0.30149236, -0.30149236
0.64866841, 0.38140249
-0.01023984, 0.15749575, 0.02039826
0.62105167, -0.25049591, 0.74260688
0.57277977, 0.34301734
-0.0102398, 0.16198866, 0.00236924
0.90450758, 0.30149236, -0.30149236
0.58234525, 0.38140249
-0.00823701, 0.20957156, -0.03659951
-0.42634359, 0.60417491, -0.6731773
0.683653, 0.46436995
-0.00639156, 0.16198866, -0.03659951
0.70125431, 0.55760366, -0.44413587
0.58234525, 0.46436995
-0.00823701, 0.16198866, -0.03659951
-0.42634359, 0.60417491, -0.6731773
0.58234525, 0.46436995
-0.01208528, 0.20957156, 0.01387985
-0.58415478, 0.60847807, 0.53706473
0.683653, 0.35689557
-0.00639156, 0.20957156, -0.03659951
0.70125431, 0.55760366, -0.44413587
0.683653, 0.46436995
-0.01208528, 0.14670388, 0.00982395
-0.62941372, -0.71636099, 0.30100405
0.54980302, 0.36553085
-0.01023984, 0.14670388, 0.00982395
0.62941372, -0.71636099, 0.30100405
0.54980302, 0.36553085
0.0, 0.08164661, -0.01760868
0.0, -0.39887691, -0.91698962
0.44737273, 0.77812648
0.01023984, 0.10731135, 0.01222757
1.0, 0.0, 0.0
0.41293454, 0.85941786
0.0, 0.24948959, -0.01760868
0.0, -0.09030427, -0.99591053
0.01389126, 0.5829919
0.0, 0.22712643, 0.01433084
0.0, 0.99435407, 0.10599078
0.98585188, 0.84784253
0.0, 0.42167473, 0.00346189
0.0, 0.0, 1.0
0.40404937, 0.65904367
0.0020225, 0.65415901, -0.00630362
0.29709768, 0.63026828, -0.717246
0.97927058, 0.62822491
0.0020225, 0.65415901, 0.00346188
0.29709768, 0.63023776, 0.71727651
0.97927058, 0.65023583
0.0, 0.65415901, 0.00346188
0.0, 0.70708334, 0.70708334
0.89902616, 0.65866125
0.00709757, 0.28669196, -0.0207038
0.0, 0.09900205, -0.99505597
0.79484951, 0.69883525
0.00372914, 0.46602207, -0.00411913
1.0, 0.0, 0.0
0.49846825, 0.61578986
0.0, 0.46072453, -0.00411913
0.0, -1.0, 0.0
0.4821609, 0.61539039
0.0, 0.58643937, -0.00344336
0.0, -0.95760977, -0.28803369
0.7433964, 0.61360988
0.0, 0.17633353, 0.02121428
0.0, 1.0, 0.0
0.64896828, 0.88394445
0.0057359, 0.10977335, 0.02121428
0.70708334, 0.70708334, 0.0
0.50725669, 0.89653349
0.0, 0.14254515, 0.02121428
0.0, 1.0, 0.0
0.59112012, 0.89752674
0.0, 0.09061264, -0.05202721
0.0, -0.70708334, -0.70708334
0.43038043, 0.53372556
0.0044158, 0.09061264, -0.05202721
0.29709768, -0.63023776, -0.71727651
0.39006549, 0.47987485
0.0044158, 0.09061264, -0.03070583
0.29709768, -0.63023776, 0.71727651
0.39006549, 0.52526954
0.00383167, 0.24524088, -0.05061699
0.29709768, 0.63023776, -0.71727651
0.80652142, 0.48287714
0.00383167, 0.24524088, -0.03211604
0.29709768, 0.63023776, 0.71727651
0.80652142, 0.52226716
-0.01023984, 0.24948959, -0.01760868
-0.57734919, 0.57734919, -0.57734919
0.80472314, 0.79589421
-0.01023984, 0.07243395, 0.00946376
-0.58162177, -0.59746087, 0.5519883
0.42775819, 0.14646512
-0.01023984, 0.10731135, 0.02121428
-0.57734919, -0.57734919, 0.57734919
0.50201488, 0.12144738
-0.01023984, 0.10731135, 0.01222757
-0.89510787, -0.32743308, 0.30249947
0.50201488, 0.85941786
0.0, 0.08164661, -0.01760868
0.0, -0.39887691, -0.91698962
0.44737273, 0.22187215
-0.01023984, 0.10731135, 0.01222757
-1.0, 0.0, 0.0
0.41293454, 0.14058071
-0.01023984, 0.10731135, 0.02121428
-0.89440596, 0.44718772, 0.0
0.41293454, 0.12144738
-0.01023984, 0.07243395, 0.00946376
-1.0, 0.0, 0.0
0.33867782, 0.14646512
0.0, 0.06222636, 0.01131314
0.0, -0.40269172, 0.91531116
0.30827695, 0.13139337
0.0, -0.02558969, 0.01393789
0.0, -0.66695148, 0.74507886
0.11997679, 0.12704486
0.0, 0.01216496, 0.048442
0.0, 0.58989227, -0.8074587
0.22010049, 0.0743826
-0.0020225, 0.65415901, -0.00630362
-0.29709768, 0.63026828, -0.717246
0.97927058, 0.62822491
-0.00488275, 0.65415901, 0.00060164
-0.71727651, 0.63023776, 0.29709768
0.97318101, 0.64355832
-0.0020225, 0.65415901, 0.00346188
-0.29709768, 0.63023776, 0.71727651
0.97927058, 0.65023583
-0.00709757, 0.28669196, -0.0207038
0.0, 0.09900205, -0.99505597
0.79484951, 0.69883525
-0.00372914, 0.46602207, -0.00411913
-1.0, 0.0, 0.0
0.49846825, 0.61578986
0.0, 0.17633353, 0.03403464
0.0, 0.70708334, 0.70708334
0.64896828, 0.07837552
0.0, 0.10977338, 0.03326493
0.0, 0.95760977, -0.28800318
0.51729041, 0.08041686
0.0, 0.1398674, 0.03503445
0.0, -0.93563646, -0.35294655
0.56105715, 0.07808632
0.0, 0.14254515, 0.02121428
0.0, 1.0, 0.0
0.59112012, 0.10247189
-0.01066069, 0.09061264, -0.04578231
-0.71727651, -0.63023776, -0.29709768
0.42216441, 0.49317062
-0.0044158, 0.09061264, -0.05202721
-0.29709768, -0.63023776, -0.71727651
0.40886861, 0.47987485
-0.0044158, 0.09061264, -0.03070583
-0.29709768, -0.63023776, 0.71727651
0.40886861, 0.52526954
-0.00383167, 0.24524088, -0.05061699
-0.29709768, 0.63023776, -0.71727651
0.79020548, 0.48287714
-0.00925047, 0.24524088, -0.03753484
-0.71727651, 0.63023776, 0.29709768
0.77866846, 0.51073009
-0.00383167, 0.24524088, -0.03211604
-0.29709768, 0.63023776, 0.71727651
0.79020548, 0.52226716
-0.01023984, 0.20957156, 0.01387985
0.58415478, 0.60847807, 0.53706473
0.683653, 0.35689557
# Number of Faces:
646
# Face Data:
0, 1, 2
3, 4, 5
6, 7, 8
5, 1, 9
10, 5, 11
12, 13, 3
14, 4, 6
15, 16, 17
18, 19, 20
12, 0, 2
21, 22, 23
24, 25, 19
26, 27, 21
14, 11, 28
8, 13, 29
30, 31, 25
19, 32, 20
33, 34, 35
33, 36, 31
37, 38, 39
40, 41, 42
43, 44, 45
18, 46, 24
47, 48, 49
26, 50, 16
49, 51, 37
52, 53, 21
39, 54, 55
26, 53, 56
55, 57, 58
42, 59, 17
60, 61, 23
15, 59, 62
23, 63, 47
15, 64, 40
65, 66, 52
25, 67, 19
45, 68, 69
31, 70, 25
24, 34, 30
69, 71, 45
44, 72, 68
73, 74, 44
68, 75, 69
45, 76, 43
60, 77, 78
79, 80, 81
82, 83, 84
85, 86, 87
88, 89, 82
90, 91, 88
92, 93, 90
94, 95, 80
96, 81, 97
98, 88, 82
99, 100, 101
102, 92, 90
103, 82, 84
104, 90, 88
105, 106, 107
108, 87, 95
84, 109, 110
111, 84, 110
112, 94, 79
113, 79, 96
114, 108, 94
115, 114, 112
116, 112, 113
117, 118, 114
119, 85, 108
120, 121, 85
118, 119, 108
122, 123, 124
122, 125, 126
126, 127, 123
124, 128, 122
129, 130, 131
132, 133, 129
134, 135, 132
136, 135, 137
131, 138, 139
140, 137, 141
135, 142, 133
133, 143, 130
144, 145, 146
146, 147, 136
148, 143, 142
144, 136, 140
149, 142, 147
150, 148, 149
151, 152, 153
153, 154, 155
145, 149, 146
156, 157, 148
158, 159, 160
161, 162, 163
164, 165, 166
167, 145, 168
169, 156, 150
170, 171, 172
151, 155, 173
174, 150, 145
175, 176, 156
177, 178, 179
180, 169, 174
175, 181, 182
170, 183, 184
185, 183, 178
186, 174, 167
169, 187, 175
188, 189, 161
65, 50, 190
163, 191, 192
193, 194, 180
195, 181, 187
185, 163, 184
196, 180, 186
197, 187, 194
198, 199, 181
200, 201, 202
177, 203, 204
182, 199, 205
192, 206, 164
176, 207, 157
182, 208, 176
157, 209, 143
155, 210, 173
130, 209, 138
211, 212, 213
214, 137, 134
1, 215, 2
216, 217, 218
219, 6, 8
220, 218, 221
218, 222, 216
223, 224, 225
217, 226, 227
228, 229, 230
231, 232, 233
234, 224, 235
236, 237, 238
233, 239, 240
241, 242, 229
243, 14, 244
223, 245, 246
240, 247, 248
32, 232, 249
248, 34, 240
36, 248, 247
250, 251, 252
253, 254, 255
256, 257, 258
46, 231, 233
259, 260, 261
262, 241, 229
263, 261, 251
264, 238, 237
265, 252, 230
241, 264, 237
266, 230, 242
267, 255, 268
269, 270, 236
228, 267, 268
271, 236, 260
272, 228, 254
273, 274, 238
67, 239, 232
275, 276, 257
70, 247, 239
34, 233, 240
71, 277, 275
72, 257, 276
74, 258, 257
75, 276, 277
76, 275, 256
278, 270, 279
280, 281, 282
283, 284, 285
86, 286, 287
288, 289, 284
290, 291, 289
292, 92, 291
293, 294, 280
282, 96, 97
289, 295, 284
296, 99, 297
92, 298, 291
284, 299, 285
291, 300, 289
301, 105, 107
287, 302, 293
109, 285, 110
285, 111, 110
294, 303, 281
281, 113, 96
302, 304, 294
304, 305, 303
303, 116, 113
306, 307, 304
286, 308, 302
121, 309, 286
308, 306, 302
310, 311, 312
125, 310, 312
127, 312, 311
128, 313, 310
314, 315, 316
317, 318, 315
319, 320, 318
319, 321, 322
138, 316, 139
159, 323, 324
322, 140, 141
319, 325, 326
317, 327, 325
144, 328, 168
326, 329, 321
327, 330, 325
331, 160, 332
331, 333, 158
321, 144, 140
325, 334, 326
335, 336, 337
330, 338, 334
152, 339, 340
341, 342, 343
334, 328, 329
344, 345, 330
332, 323, 331
332, 159, 324
346, 347, 348
349, 350, 351
328, 167, 168
345, 352, 338
353, 354, 355
343, 356, 357
338, 358, 328
359, 360, 345
361, 362, 363
352, 364, 358
365, 366, 360
367, 353, 368
363, 367, 368
358, 186, 167
352, 366, 369
370, 371, 347
274, 262, 229
372, 348, 373
369, 374, 364
375, 376, 366
373, 348, 368
377, 378, 379
364, 196, 186
366, 380, 369
381, 382, 383
199, 384, 375
201, 385, 386
387, 361, 388
365, 199, 375
389, 373, 350
207, 359, 344
208, 365, 359
209, 344, 327
210, 390, 391
314, 209, 327
392, 211, 393
322, 214, 320
394, 395, 396
397, 398, 399
400, 401, 402
398, 403, 377
404, 336, 405
378, 399, 379
401, 406, 381
395, 405, 335
407, 378, 403
396, 408, 337
409, 381, 408
400, 383, 382
336, 396, 337
399, 382, 379
383, 395, 335
406, 398, 377
0, 9, 1
9, 0, 3
3, 13, 4
4, 28, 11
13, 7, 4
5, 9, 3
4, 11, 5
6, 4, 7
5, 410, 1
10, 410, 5
12, 29, 13
14, 28, 4
15, 40, 55
16, 65, 17
15, 55, 16
18, 24, 19
12, 3, 0
39, 55, 42
42, 17, 39
55, 40, 42
47, 49, 52
39, 17, 65
52, 21, 23
39, 65, 37
23, 47, 52
37, 65, 52
21, 411, 22
22, 60, 23
49, 37, 52
24, 30, 25
26, 16, 58
55, 58, 16
27, 411, 21
26, 58, 27
14, 10, 11
8, 7, 13
30, 33, 31
19, 67, 32
33, 30, 34
33, 35, 36
37, 51, 38
40, 64, 41
43, 73, 44
18, 412, 46
47, 63, 48
26, 56, 50
49, 48, 51
52, 66, 53
39, 38, 54
26, 21, 53
55, 54, 57
42, 41, 59
60, 78, 61
15, 17, 59
23, 61, 63
15, 62, 64
65, 190, 66
25, 70, 67
45, 44, 68
31, 36, 70
24, 46, 34
69, 75, 71
44, 74, 72
73, 413, 74
68, 72, 75
45, 71, 76
60, 22, 77
79, 94, 80
82, 89, 83
85, 121, 86
88, 91, 89
90, 93, 91
92, 414, 93
94, 108, 95
96, 79, 81
98, 104, 88
101, 415, 297
297, 99, 101
416, 100, 99
102, 417, 92
103, 98, 82
104, 102, 90
105, 418, 106
108, 85, 87
84, 83, 109
111, 103, 84
112, 114, 94
113, 112, 79
114, 118, 108
115, 117, 114
116, 115, 112
117, 419, 118
119, 120, 85
120, 420, 121
118, 419, 119
122, 126, 123
122, 128, 125
126, 125, 127
124, 421, 128
129, 133, 130
132, 135, 133
134, 137, 135
136, 147, 135
131, 130, 138
140, 136, 137
135, 147, 142
133, 142, 143
144, 168, 145
146, 149, 147
148, 157, 143
144, 146, 136
149, 148, 142
150, 156, 148
151, 422, 152
153, 152, 154
145, 150, 149
156, 176, 157
158, 333, 159
161, 189, 162
164, 206, 165
167, 174, 145
169, 175, 156
170, 423, 171
151, 153, 155
174, 169, 150
175, 182, 176
177, 185, 178
180, 194, 169
175, 187, 181
170, 172, 183
185, 184, 183
186, 180, 174
169, 194, 187
188, 424, 189
65, 16, 50
163, 162, 191
193, 197, 194
195, 198, 181
164, 166, 170
166, 423, 170
204, 188, 177
177, 188, 161
192, 164, 170
192, 170, 184
177, 161, 163
192, 184, 163
185, 177, 163
196, 193, 180
197, 195, 187
198, 425, 199
426, 202, 201
200, 427, 385
385, 201, 200
177, 179, 203
182, 181, 199
192, 191, 206
176, 208, 207
182, 205, 208
157, 207, 209
155, 154, 210
130, 143, 209
213, 428, 393
393, 211, 213
429, 212, 211
214, 141, 137
1, 430, 215
225, 234, 221
221, 218, 225
216, 431, 217
217, 432, 223
225, 218, 217
217, 223, 225
219, 433, 6
220, 434, 218
218, 434, 222
223, 246, 224
217, 431, 226
228, 268, 229
230, 254, 228
268, 274, 229
231, 249, 232
234, 225, 224
254, 230, 255
251, 261, 238
255, 230, 252
274, 268, 252
435, 237, 436
268, 255, 252
436, 237, 236
238, 274, 251
261, 260, 238
274, 252, 251
270, 436, 236
238, 260, 236
233, 232, 239
241, 237, 437
437, 242, 241
237, 435, 437
230, 229, 242
243, 10, 14
223, 432, 245
240, 239, 247
32, 67, 232
248, 35, 34
36, 35, 248
250, 263, 251
253, 272, 254
256, 275, 257
46, 412, 231
259, 271, 260
262, 438, 241
263, 259, 261
264, 273, 238
265, 250, 252
241, 438, 264
266, 265, 230
267, 253, 255
269, 279, 270
228, 439, 267
271, 269, 236
272, 439, 228
273, 440, 274
67, 70, 239
275, 277, 276
70, 36, 247
34, 46, 233
71, 75, 277
72, 74, 257
74, 413, 258
75, 72, 276
76, 71, 275
278, 436, 270
280, 294, 281
283, 288, 284
86, 121, 286
288, 290, 289
290, 292, 291
292, 414, 92
293, 302, 294
282, 281, 96
289, 300, 295
297, 441, 296
296, 442, 99
443, 99, 442
92, 417, 298
284, 295, 299
291, 298, 300
301, 444, 105
287, 286, 302
109, 283, 285
285, 299, 111
294, 304, 303
281, 303, 113
302, 306, 304
304, 307, 305
303, 305, 116
306, 445, 307
286, 309, 308
121, 420, 309
308, 445, 306
310, 313, 311
125, 128, 310
127, 125, 312
128, 421, 313
314, 317, 315
317, 319, 318
319, 322, 320
319, 326, 321
138, 314, 316
159, 333, 323
322, 321, 140
319, 317, 325
317, 314, 327
144, 329, 328
326, 334, 329
327, 344, 330
331, 158, 160
331, 323, 333
321, 329, 144
325, 330, 334
335, 405, 336
330, 345, 338
152, 422, 339
341, 446, 342
334, 338, 328
344, 359, 345
332, 324, 323
332, 160, 159
346, 370, 347
349, 389, 350
328, 358, 167
345, 360, 352
353, 447, 354
343, 342, 356
338, 352, 358
359, 365, 360
361, 448, 362
352, 369, 364
365, 375, 366
367, 447, 353
363, 362, 367
358, 364, 186
352, 360, 366
370, 449, 371
274, 440, 262
372, 346, 348
369, 380, 374
375, 384, 376
355, 351, 353
347, 371, 361
371, 388, 361
353, 351, 350
368, 353, 373
348, 347, 361
348, 361, 363
353, 350, 373
348, 363, 368
377, 403, 378
364, 374, 196
366, 376, 380
335, 337, 383
408, 381, 383
406, 377, 382
377, 379, 382
383, 337, 408
406, 382, 381
199, 425, 384
386, 450, 201
451, 201, 450
385, 452, 386
387, 448, 361
365, 205, 199
389, 372, 373
207, 208, 359
208, 205, 365
209, 207, 344
210, 154, 390
314, 138, 209
393, 453, 392
392, 454, 211
455, 211, 454
322, 141, 214
394, 404, 395
397, 407, 398
409, 396, 402
396, 395, 402
456, 401, 400
399, 398, 400
409, 402, 401
400, 398, 456
398, 407, 403
404, 394, 336
378, 397, 399
401, 456, 406
395, 404, 405
407, 397, 378
396, 409, 408
409, 401, 381
400, 402, 383
336, 394, 396
399, 400, 382
383, 402, 395
406, 456, 398
