# Project Zomboid Skinned Mesh
# File Version:
1.0
# Model Name:
Cube
# Vertex Stride Element Count:
3
# Vertex Stride Size (in bytes):
76
# Vertex Stride Data:
# (Int)    Offset
# (String) Type
0
VertexArray
12
NormalArray
24
TextureCoordArray
# Vertex Count:
234
# Vertex Buffer:
0.00868438, 0.1966444, -0.0121216
0.78691977, 0.61699271, 0.0
0.2459214, 0.54559433
0.0, 0.1966444, -0.02026575
0.0, 0.70708334, -0.70708334
0.2459214, 0.51660872
0.0, 0.1966444, -0.0121216
0.0, 1.0, 0.0
0.2459214, 0.53593993
0.00868438, 0.11512952, -0.02026575
0.6593219, -0.17090365, -0.73213905
0.10675192, 0.53169
0.00868438, 0.1966444, -0.02026575
0.57734919, 0.57734919, -0.57734919
0.2459214, 0.53169
0.00868438, 0.1867511, -0.00755331
1.0, 0.0, 0.0
0.22903082, 0.55339372
0.0, 0.08938321, -0.00755331
0.0, -0.44270149, -0.8966338
0.06279561, 0.53834635
0.00868438, 0.08938321, -0.00755331
0.28025147, -0.42497024, -0.86071354
0.06279561, 0.55339372
0.0022967, 0.2013388, -0.00700079
0.22745445, 0.80416274, 0.54911953
0.26331112, 0.55433702
0.0, 0.49836257, -0.00700079
0.0, 0.70708334, 0.70708334
0.77034998, 0.56015468
0.0, 0.2013388, -0.00700079
0.0, 0.70708334, 0.70708334
0.26331112, 0.56015468
0.00554466, 0.2013388, -0.01024878
0.54911953, 0.80416274, 0.22745445
0.26331112, 0.54879177
0.00229667, 0.49836257, -0.00700079
0.29709768, 0.63023776, 0.71727651
0.77041602, 0.55433702
0.00554466, 0.2013388, -0.01484214
0.54911953, 0.80416274, -0.22742394
0.26331112, 0.54094961
0.00554466, 0.49836257, -0.01024878
0.71727651, 0.63023776, 0.29709768
0.77041602, 0.54879177
0.0, 0.2013388, -0.01809014
0.0, 0.70708334, -0.70708334
0.26331112, 0.5295957
0.00229667, 0.49836257, -0.01809014
0.29709768, 0.63023776, -0.71727651
0.77041602, 0.53540435
0.0022967, 0.2013388, -0.01809014
0.22745445, 0.80416274, -0.54911953
0.26331112, 0.53540435
0.00554466, 0.49836257, -0.01484214
0.71727651, 0.63023776, -0.29709768
0.77041602, 0.54094958
0.00554466, 0.49836257, -0.01024878
0.71727651, 0.63023776, 0.29709768
0.78200513, 0.54945135
0.00554466, 0.49836257, -0.01484214
0.71727651, 0.63023776, -0.29709768
0.78200513, 0.54160917
0.0, 0.49836257, -0.00700079
0.0, 0.70708334, 0.70708334
0.79147142, 0.55499655
0.00868438, 0.1867511, -0.00755331
1.0, 0.0, 0.0
0.54294413, 0.81659555
0.00868438, 0.35908371, 0.007509
0.57914978, 0.58619952, 0.56648457
0.83716553, 0.84231126
0.00868438, 0.09828111, 0.0164275
0.75780511, 0.15939817, 0.63267922
0.39190021, 0.85753775
0.00868438, 0.04507213, 0.05762153
0.59660631, 0.20755638, 0.77520066
0.30105722, 0.92786783
0.00868438, 0.04864915, 0.01282399
0.79622793, -0.06125065, -0.601825
0.30716419, 0.85138553
0.00868438, 0.06566914, 0.03256183
0.75759149, 0.40589619, 0.51115453
0.33622223, 0.88508373
0.00868438, 0.08938321, -0.00755331
0.86254466, -0.22635579, -0.45249793
0.37670892, 0.81659555
0.00868438, 0.0176781, 0.04732302
0.79113132, -0.01025422, 0.61152989
0.25428775, 0.91028535
0.00868438, 0.02402202, 0.00624669
0.6789453, 0.09552293, -0.72792751
0.26511854, 0.84015614
0.00868438, -0.11146514, 0.0909887
0.56718647, -0.43983275, 0.69627976
0.03380296, 0.98483521
0.00868438, -0.07196007, 0.00624669
0.66393018, -0.15247047, -0.7320475
0.10124952, 0.84015614
0.00868438, -0.12052783, 0.0144855
0.57509077, -0.63139743, -0.52015746
0.01833028, 0.85422218
0.00868438, -0.08473021, 0.01180788
0.74675739, -0.15982543, -0.64558858
0.07944712, 0.84965074
0.00683557, 0.1966444, -0.00971408
0.92385632, 0.0, 0.38267159
0.25529641, 0.54970473
0.00683557, 0.2013388, -0.01537687
0.71727651, 0.63023776, -0.29709768
0.26331112, 0.54003677
0.00683557, 0.2013388, -0.00971408
0.71727651, 0.63023776, 0.29709768
0.26331112, 0.54970473
0.0, 0.2013388, -0.00570989
0.0, 0.70708334, 0.70708334
0.26331112, 0.56075984
0.00283141, 0.2013388, -0.00570989
0.29709768, 0.63023776, 0.71727651
0.26331112, 0.55654097
0.0, 0.2013388, -0.01938104
0.0, 0.70708334, -0.70708334
0.26331112, 0.52894714
0.0, 0.09828111, 0.0164275
0.0, 0.24430066, 0.96969509
0.39599878, 0.87427878
0.0, -0.11146514, 0.0909887
0.0, -0.53407389, 0.84542376
0.03380296, 0.99998689
0.0, 0.04864915, 0.01282399
0.0, -0.1012299, -0.99484235
0.30716419, 0.8362304
0.00868438, 0.35908371, -0.01244534
0.57722712, 0.57679981, -0.57795954
0.83716559, 0.19175887
0.0, 0.35908371, 0.007509
0.0, 0.71907711, 0.69490647
0.83716553, 0.14321566
0.00868438, 0.35908371, 0.007509
0.57914978, 0.58619952, 0.56648457
0.83716553, 0.15769112
0.0, 0.04507213, 0.05762153
0.0, 0.25864437, 0.96597189
0.30491197, 0.94016236
0.00868438, 0.1966444, -0.0121216
0.86523026, -0.00097659, -0.50132757
0.55983472, 0.80879623
0.0, 0.35908371, -0.01244534
0.0, 0.70638144, -0.70778525
0.83716559, 0.79282546
0.00868438, 0.35908371, -0.01244534
0.57722712, 0.57679981, -0.57795954
0.83716559, 0.80824351
0.0, -0.08473021, 0.01180788
0.0, -0.24030274, -0.97067171
0.07944712, 0.83442461
0.0, 0.1966444, -0.00570989
0.0, 0.0, 0.99996948
0.25529641, 0.56075984
0.0, -0.12052783, 0.0144855
0.0, -0.77178258, -0.63582265
0.01506612, 0.83879226
0.0, 0.02402202, 0.00624669
0.0, 0.1301004, -0.99148536
0.26511854, 0.82567793
0.0, 0.08938321, -0.00755331
0.0, -0.44737083, -0.89431441
0.37670892, 0.80534291
0.0, 0.0176781, 0.04732302
0.0, -0.01675466, 0.99984741
0.25443649, 0.9275533
0.00683557, 0.1966444, -0.01537687
0.92385632, 0.0, -0.38267159
0.25529641, 0.54003674
0.00283141, 0.2013388, -0.01938102
0.29709768, 0.63023776, -0.71727651
0.26331112, 0.53320038
0.0, 0.06566914, 0.03256183
0.0, 0.62184513, 0.78310496
0.34462714, 0.89742047
0.0, -0.07196007, 0.00624669
0.0, -0.20389417, -0.97897273
0.10124952, 0.82528591
0.00283141, 0.1966444, -0.00570989
0.38267159, 0.0, 0.92385632
0.25529641, 0.55654097
0.00283141, 0.1966444, -0.01938102
0.38267159, 0.0, -0.92385632
0.25529641, 0.53320038
0.00543831, 0.09204745, 0.01664067
0.568865, -0.71434677, 0.40751365
0.38125753, 0.93122959
0.0, 0.10225969, 0.03454138
0.0, -0.50221258, 0.86471146
0.39480346, 0.96982324
0.0, 0.09204745, 0.01664067
0.0, -0.86858732, 0.49549851
0.37261814, 0.93708378
0.00543845, 0.10380396, 0.02998877
0.83504748, 0.28458509, -0.47080904
0.40132928, 0.95401859
0.00543845, 0.12344996, 0.03065097
0.82512891, -0.23993652, -0.51139867
0.4348709, 0.95514917
0.00543851, 0.12281985, 0.03454139
0.63792843, 0.26197088, 0.72411269
0.43379503, 0.96179128
0.00543831, 0.10552592, 0.01617976
0.47596666, 0.68022704, 0.55739003
0.40426919, 0.93044269
0.0, 0.09987358, 0.02307758
0.0, 0.99639881, 0.08456679
0.40271488, 0.94333088
0.00543838, 0.09987358, 0.02307758
0.8590045, 0.51011688, 0.04327524
0.39461911, 0.94221926
0.00543851, 0.10225969, 0.03454138
0.60960722, -0.39811397, 0.68544573
0.39869279, 0.96179128
0.0, 0.10380396, 0.02998877
0.0, 0.51728874, -0.85576952
0.4052721, 0.94837344
0.00543838, 0.1293239, 0.02307758
0.85174108, -0.52198857, -0.04492325
0.44489914, 0.9422192
0.0, 0.12344996, 0.03065097
0.0, -0.42475662, -0.90530109
0.43160573, 0.94740629
0.0, 0.1293239, 0.02307758
0.0, -0.99630725, -0.08572649
0.43982184, 0.94075596
0.00543831, 0.14656174, 0.01477648
0.38737145, 0.58983123, 0.70851773
0.47432929, 0.92804682
0.0, 0.12281985, 0.03454139
0.0, 0.34018981, 0.94033629
0.43663523, 0.96992826
0.00543831, 0.12530351, 0.01550343
0.57951599, -0.71980959, 0.38206121
0.43803519, 0.92928797
0.0, 0.12530351, 0.01550343
0.0, -0.88326669, 0.46882534
0.43336082, 0.93338555
0.0, 0.49677089, -0.01809014
0.0, 0.7435835, -0.66859949
0.7698552, 0.51489952
0.00229667, 0.49677089, -0.01809014
0.47401348, 0.57258826, -0.66887414
0.76769859, 0.51804215
0.0, 0.49041364, -0.02516017
0.0, 0.17719047, -0.9841609
0.7568453, 0.50597155
0.00229667, 0.46399209, -0.01809014
0.16397595, -0.24164556, -0.95638907
0.7117359, 0.51804215
0.0, 0.46399209, -0.01809014
0.0, -0.25846127, -0.9660024
0.71104527, 0.51419637
0.00554475, 0.21948314, -0.01866882
0.90453809, 0.30149236, -0.30149236
0.29428872, 0.5170542
0.00554466, 0.26380965, -0.01484214
0.70708334, 0.70708334, 0.0
0.36996704, 0.52358738
0.00554466, 0.21576098, -0.01484214
0.70708334, -0.70708334, 0.0
0.28793386, 0.52358738
0.00554466, 0.26380965, -0.01866882
0.57734919, 0.57734919, -0.57734919
0.36996704, 0.5170542
0.0, 0.21948314, -0.01866882
0.0, 0.70708334, -0.70708334
0.3008993, 0.5072847
0.0, 0.26380965, -0.01866882
0.0, 0.70708334, -0.70708334
0.37492332, 0.5104309
0.0013126, 0.35908371, 0.00116745
0.38267159, 0.0, 0.92385632
0.53262728, 0.59432584
0.0, 0.49608275, 0.00116746
0.0, 0.70708334, 0.70708334
0.76649898, 0.5984081
0.0, 0.35908371, 0.00116745
0.0, 0.0, 1.0
0.53260243, 0.5984081
0.0, 0.26380965, -0.01484214
0.0, 0.99996948, 0.0
0.38066512, 0.51732522
0.0, 0.21576098, -0.0245825
0.0, -0.70708334, -0.70708334
0.28421196, 0.50005299
0.00554466, 0.21576098, -0.0245825
0.57731867, -0.57734919, -0.57734919
0.28793386, 0.50695777
0.00554466, 0.21948314, -0.0245825
0.57731867, 0.57734919, -0.57734919
0.29428872, 0.50695777
0.0, 0.21948314, -0.0245825
0.0, 0.70708334, -0.70708334
0.29398477, 0.49992776
0.00316886, 0.49608275, -0.00068883
0.71727651, 0.63023776, 0.29709768
0.76652384, 0.59115666
0.00131258, 0.49608275, 0.00116746
0.29709768, 0.63023776, 0.71727651
0.76652384, 0.59432584
0.00316886, 0.35908371, -0.00331401
0.92385632, 0.0, -0.38267159
0.53262722, 0.58667475
0.00316886, 0.35908371, -0.00068883
0.92385632, 0.0, 0.38267159
0.53262722, 0.59115666
0.0, 0.35908371, -0.00517027
0.0, 0.0, -0.99996948
0.53265214, 0.57942331
0.00131258, 0.49608275, -0.00517027
0.29709768, 0.63023776, -0.71727651
0.76652384, 0.58350551
0.0013126, 0.35908371, -0.00517027
0.38267159, 0.0, -0.92385632
0.53262728, 0.58350551
0.00316886, 0.49608275, -0.00331401
0.71727651, 0.63023776, -0.29709768
0.76652384, 0.58667475
0.0, 0.49608275, 0.00116746
0.0, 0.70708334, 0.70708334
0.77193403, 0.5943259
0.00554466, 0.45174864, -0.01024878
0.74129462, 0.64537489, 0.18420972
0.69083279, 0.56181341
0.00316886, 0.44622412, -0.00068883
0.63521224, -0.75600451, 0.15784173
0.68140095, 0.57813501
0.00554466, 0.44622412, -0.01024878
0.74129462, -0.64537489, 0.18420972
0.68140095, 0.56181341
0.0, 0.45174864, -0.01024878
0.0, 0.99996948, 0.0
0.69083279, 0.56181341
0.00316886, 0.45174864, -0.00068883
0.63521224, 0.75600451, 0.15784173
0.69083279, 0.57813501
0.0, 0.44622412, -0.01024878
0.0, -0.99996948, 0.0
0.68140095, 0.56181341
-0.00868438, 0.1966444, -0.0121216
-0.78691977, 0.61699271, 0.0
0.2459214, 0.54559433
-0.00868438, 0.1966444, -0.02026575
-0.57734919, 0.57734919, -0.57734919
0.2459214, 0.46831226
-0.00868438, 0.11512952, -0.02026575
-0.6593219, -0.17090365, -0.73213905
0.10675192, 0.46831226
-0.00868438, 0.1867511, -0.00755331
-1.0, 0.0, 0.0
0.22903082, 0.44660854
0.0, 0.1966444, -0.02026575
0.0, 0.70708334, -0.70708334
0.2459214, 0.48339355
0.0, 0.08938321, -0.00755331
0.0, -0.44270149, -0.8966338
0.06279561, 0.46165591
-0.00868438, 0.08938321, -0.00755331
-0.28025147, -0.42497024, -0.86071354
0.06279561, 0.44660854
-0.0022967, 0.2013388, -0.00700079
-0.22745445, 0.80416274, 0.54911953
0.26331112, 0.55433702
-0.00229667, 0.49836257, -0.00700079
-0.29709768, 0.63023776, 0.71727651
0.77041602, 0.55433702
-0.00554466, 0.2013388, -0.01024878
-0.54911953, 0.80416274, 0.22745445
0.26331112, 0.54879177
-0.00554466, 0.49836257, -0.01024878
-0.71727651, 0.63023776, 0.29709768
0.77041602, 0.54879177
-0.00554466, 0.2013388, -0.01484214
-0.54911953, 0.80416274, -0.22742394
0.26331112, 0.54094961
-0.00229667, 0.49836257, -0.01809014
-0.29709768, 0.63023776, -0.71727651
0.77041602, 0.53540435
-0.0022967, 0.2013388, -0.01809014
-0.22745445, 0.80416274, -0.54911953
0.26331112, 0.53540435
-0.00554466, 0.49836257, -0.01484214
-0.71727651, 0.63023776, -0.29709768
0.77041602, 0.54094958
0.0, 0.49836257, -0.01809014
0.0, 0.70708334, -0.70708334
0.79147136, 0.53606391
-0.00554466, 0.49836257, -0.01484214
-0.71727651, 0.63023776, -0.29709768
0.78200513, 0.54160917
-0.00868438, 0.35908371, 0.007509
-0.57914978, 0.58619952, 0.56648457
0.83716553, 0.15769112
-0.00868438, 0.1966444, -0.0121216
-0.86523026, -0.00097659, -0.50132757
0.55983472, 0.19120616
-0.00868438, 0.1867511, -0.00755331
-1.0, 0.0, 0.0
0.54294413, 0.18340683
-0.00868438, 0.04864915, 0.01282399
-0.79622793, -0.06125065, -0.601825
0.30716419, 0.14861685
-0.00868438, 0.04507213, 0.05762153
-0.59660631, 0.20755638, 0.77520066
0.30105722, 0.07213455
-0.00868438, 0.06566914, 0.03256183
-0.75759149, 0.40589619, 0.51115453
0.33622223, 0.11491865
-0.00868438, 0.08938321, -0.00755331
-0.86254466, -0.22635579, -0.45249793
0.37670892, 0.18340683
-0.00868438, 0.09828111, 0.0164275
-0.75780511, 0.15939817, 0.63267922
0.39190021, 0.14246464
-0.00868438, 0.02402202, 0.00624669
-0.6789453, 0.09552293, -0.72792751
0.26511854, 0.15984625
-0.00868438, 0.0176781, 0.04732302
-0.79113132, -0.01025422, 0.61152989
0.25428775, 0.08971703
-0.00868438, -0.07196007, 0.00624669
-0.66393018, -0.15247047, -0.7320475
0.10124952, 0.15984625
-0.00868438, -0.11146514, 0.0909887
-0.56718647, -0.43983275, 0.69627976
0.03380296, 0.01516718
-0.00868438, -0.08473021, 0.01180788
-0.74675739, -0.15982543, -0.64558858
0.07944712, 0.15035164
-0.00868438, -0.12052783, 0.0144855
-0.57509077, -0.63139743, -0.52015746
0.01833028, 0.14578021
-0.00683557, 0.2013388, -0.01537687
-0.71727651, 0.63023776, -0.29709768
0.26331112, 0.54003677
-0.00683557, 0.1966444, -0.00971408
-0.92385632, 0.0, 0.38267159
0.25529641, 0.54970473
-0.00683557, 0.2013388, -0.00971408
-0.71727651, 0.63023776, 0.29709768
0.26331112, 0.54970473
-0.00283141, 0.2013388, -0.00570989
-0.29709768, 0.63023776, 0.71727651
0.26331112, 0.55654097
-0.00283141, 0.2013388, -0.01938102
-0.29709768, 0.63023776, -0.71727651
0.26331112, 0.53320038
0.0, 0.09828111, 0.0164275
0.0, 0.24430066, 0.96969509
0.39599878, 0.1257236
0.0, -0.11146514, 0.0909887
0.0, -0.53407389, 0.84542376
0.03380296, 1.55e-05
0.0, 0.04864915, 0.01282399
0.0, -0.1012299, -0.99484235
0.30716419, 0.16377199
0.0, 0.35908371, 0.007509
0.0, 0.71907711, 0.69490647
0.83716553, 0.85678673
-0.00868438, 0.35908371, -0.01244534
-0.57722712, 0.57679981, -0.57795954
0.83716559, 0.80824351
-0.00868438, 0.35908371, 0.007509
-0.57914978, 0.58619952, 0.56648457
0.83716553, 0.84231126
0.0, 0.04507213, 0.05762153
0.0, 0.25864437, 0.96597189
0.30491197, 0.05984002
0.0, 0.35908371, -0.01244534
0.0, 0.70638144, -0.70778525
0.83716559, 0.20717692
-0.00868438, 0.35908371, -0.01244534
-0.57722712, 0.57679981, -0.57795954
0.83716559, 0.19175887
0.0, -0.08473021, 0.01180788
0.0, -0.24030274, -0.97067171
0.07944712, 0.16557777
0.0, -0.12052783, 0.0144855
0.0, -0.77178258, -0.63582265
0.01506612, 0.16121012
0.0, 0.02402202, 0.00624669
0.0, 0.1301004, -0.99148536
0.26511854, 0.17432445
0.0, 0.08938321, -0.00755331
0.0, -0.44737083, -0.89431441
0.37670892, 0.19465947
0.0, 0.0176781, 0.04732302
0.0, -0.01675466, 0.99984741
0.25443649, 0.07244909
-0.00683557, 0.1966444, -0.01537687
-0.92385632, 0.0, -0.38267159
0.25529641, 0.54003674
0.0, 0.06566914, 0.03256183
0.0, 0.62184513, 0.78310496
0.34462714, 0.10258192
0.0, -0.07196007, 0.00624669
0.0, -0.20389417, -0.97897273
0.10124952, 0.17471647
-0.00283141, 0.1966444, -0.00570989
-0.38267159, 0.0, 0.92385632
0.25529641, 0.55654097
-0.00283141, 0.1966444, -0.01938102
-0.38267159, 0.0, -0.92385632
0.25529641, 0.53320038
-0.00543831, 0.09204745, 0.01664067
-0.568865, -0.71434677, 0.40751365
0.38125753, 0.06877279
0.0, 0.10225969, 0.03454138
0.0, -0.50221258, 0.86471146
0.39480346, 0.03017914
-0.00543851, 0.10225969, 0.03454138
-0.60960722, -0.39811397, 0.68544573
0.39869279, 0.03821111
-0.00543851, 0.12281985, 0.03454139
-0.63792843, 0.26197088, 0.72411269
0.43379503, 0.03821111
-0.00543845, 0.10380396, 0.02998877
-0.83504748, 0.28458509, -0.47080904
0.40132928, 0.04598379
0.0, 0.09987358, 0.02307758
0.0, 0.99639881, 0.08456679
0.40271488, 0.0566715
-0.00543831, 0.10552592, 0.01617976
-0.47596666, 0.68022704, 0.55739003
0.40426919, 0.06955969
-0.00543838, 0.09987358, 0.02307758
-0.8590045, 0.51011688, 0.04327524
0.39461911, 0.05778313
0.0, 0.10380396, 0.02998877
0.0, 0.51728874, -0.85576952
0.4052721, 0.05162895
-0.00543838, 0.1293239, 0.02307758
-0.85174108, -0.52198857, -0.04492325
0.44489914, 0.05778319
0.0, 0.12344996, 0.03065097
0.0, -0.42475662, -0.90530109
0.43160573, 0.05259609
-0.00543845, 0.12344996, 0.03065097
-0.82512891, -0.23993652, -0.51139867
0.4348709, 0.04485321
0.0, 0.12281985, 0.03454139
0.0, 0.34018981, 0.94033629
0.43663523, 0.03007412
-0.00543831, 0.14656174, 0.01477648
-0.38737145, 0.58983123, 0.70851773
0.47432929, 0.07195556
-0.00543831, 0.12530351, 0.01550343
-0.57951599, -0.71980959, 0.38206121
0.43803519, 0.07071441
0.0, 0.1293239, 0.02307758
0.0, -0.99630725, -0.08572649
0.43982184, 0.05924642
-0.00229667, 0.49677089, -0.01809014
-0.47401348, 0.57258826, -0.66887414
0.76769859, 0.51804215
-0.00229667, 0.46399209, -0.01809014
-0.16397595, -0.24164556, -0.95638907
0.7117359, 0.51804215
-0.00554466, 0.26380965, -0.01484214
-0.70708334, 0.70708334, 0.0
0.36996704, 0.52358738
-0.00554466, 0.26380965, -0.01866882
-0.57734919, 0.57734919, -0.57734919
0.36996704, 0.5170542
-0.00554475, 0.21948314, -0.01866882
-0.90453809, 0.30149236, -0.30149236
0.29428872, 0.5170542
-0.0013126, 0.35908371, 0.00116745
-0.38267159, 0.0, 0.92385632
0.53262728, 0.59432584
-0.00554466, 0.21576098, -0.01484214
-0.70708334, -0.70708334, 0.0
0.28793386, 0.52358738
-0.00554466, 0.21576098, -0.0245825
-0.57731867, -0.57734919, -0.57734919
0.28793386, 0.50695777
-0.00554466, 0.21948314, -0.0245825
-0.57731867, 0.57734919, -0.57734919
0.29428872, 0.50695777
-0.00131258, 0.49608275, 0.00116746
-0.29709768, 0.63023776, 0.71727651
0.76652384, 0.59432584
-0.00316886, 0.35908371, -0.00068883
-0.92385632, 0.0, 0.38267159
0.53262722, 0.59115666
-0.00316886, 0.49608275, -0.00068883
-0.71727651, 0.63023776, 0.29709768
0.76652384, 0.59115666
-0.00316886, 0.35908371, -0.00331401
-0.92385632, 0.0, -0.38267159
0.53262722, 0.58667475
-0.00131258, 0.49608275, -0.00517027
-0.29709768, 0.63023776, -0.71727651
0.76652384, 0.58350551
-0.0013126, 0.35908371, -0.00517027
-0.38267159, 0.0, -0.92385632
0.53262728, 0.58350551
-0.00316886, 0.49608275, -0.00331401
-0.71727651, 0.63023776, -0.29709768
0.76652384, 0.58667475
0.0, 0.49608275, -0.00517027
0.0, 0.70708334, -0.70708334
0.77193409, 0.58350557
-0.00316886, 0.44622412, -0.00068883
-0.63521224, -0.75600451, 0.15784173
0.68140095, 0.57813501
-0.00554466, 0.45174864, -0.01024878
-0.74129462, 0.64537489, 0.18420972
0.69083279, 0.56181341
-0.00554466, 0.44622412, -0.01024878
-0.74129462, -0.64537489, 0.18420972
0.68140095, 0.56181341
-0.00316886, 0.45174864, -0.00068883
-0.63521224, 0.75600451, 0.15784173
0.69083279, 0.57813501
0.0, 0.44622412, -0.00068883
0.0, -1.0, 0.0
0.68140095, 0.57813501
0.0, 0.11512952, -0.02026575
0.0, -0.22730187, -0.97381514
0.10675192, 0.51660872
0.0, 0.49836257, -0.01809014
0.0, 0.70708334, -0.70708334
0.7704066, 0.5295957
0.00229667, 0.49836257, -0.00700079
0.29709768, 0.63023776, 0.71727651
0.78755039, 0.55499655
0.00229667, 0.49836257, -0.01809014
0.29709768, 0.63023776, -0.71727651
0.78755033, 0.53606391
0.0, 0.1966444, -0.0121216
0.0, -0.0019837, -0.99996948
0.55982268, 0.79305041
0.0, 0.1966444, -0.01938104
0.0, 0.0, -1.0
0.25529641, 0.52894714
0.0, 0.10552592, 0.01617976
0.0, 0.7734611, 0.63380837
0.40957692, 0.93462723
0.0, 0.14656174, 0.01477648
0.0, 0.63979006, 0.76851708
0.48034754, 0.93574202
0.0, 0.21576098, -0.01484214
0.0, -1.0, 0.0
0.27690479, 0.51942781
0.0, 0.49608275, -0.00517027
0.0, 0.70708334, -0.70708334
0.76654875, 0.57942331
0.00131258, 0.49608275, 0.00116746
0.29709768, 0.63023776, 0.71727651
0.76969302, 0.59432584
0.00131258, 0.49608275, -0.00517027
0.29709768, 0.63023776, -0.71727651
0.76969308, 0.58350551
0.0, 0.45174864, -0.00068883
0.0, 1.0, 0.0
0.69083279, 0.57813501
-0.00868438, 0.1966444, -0.02026575
-0.57734919, 0.57734919, -0.57734919
0.2459214, 0.53169
-0.00868438, 0.1966444, -0.0121216
-0.78691977, 0.61699271, 0.0
0.2459214, 0.45440793
0.0, 0.11512952, -0.02026575
0.0, -0.22730187, -0.97381514
0.10675192, 0.48339355
-0.00229667, 0.49836257, -0.00700079
-0.29709768, 0.63023776, 0.71727651
0.78755039, 0.55499655
-0.00554466, 0.49836257, -0.01024878
-0.71727651, 0.63023776, 0.29709768
0.78200513, 0.54945135
-0.00229667, 0.49836257, -0.01809014
-0.29709768, 0.63023776, -0.71727651
0.78755033, 0.53606391
0.0, 0.1966444, -0.0121216
0.0, -0.0019837, -0.99996948
0.55982268, 0.20695198
0.0, 0.09204745, 0.01664067
0.0, -0.86858732, 0.49549851
0.37261814, 0.0629186
0.0, 0.10552592, 0.01617976
0.0, 0.7734611, 0.63380837
0.40957692, 0.06537515
0.0, 0.14656174, 0.01477648
0.0, 0.63979006, 0.76851708
0.48034754, 0.06426036
0.0, 0.12530351, 0.01550343
0.0, -0.88326669, 0.46882534
0.43336082, 0.06661683
-0.00131258, 0.49608275, 0.00116746
-0.29709768, 0.63023776, 0.71727651
0.76969302, 0.59432584
-0.00131258, 0.49608275, -0.00517027
-0.29709768, 0.63023776, -0.71727651
0.76969308, 0.58350551
# Number of Faces:
286
# Face Data:
0, 1, 2
3, 4, 5
3, 1, 4
6, 3, 7
8, 9, 10
11, 12, 8
13, 14, 11
15, 16, 17
17, 18, 13
19, 20, 21
22, 23, 24
25, 26, 27
27, 28, 24
29, 30, 25
31, 32, 29
31, 33, 34
35, 36, 37
36, 17, 13
37, 13, 11
38, 8, 10
39, 11, 8
17, 40, 15
23, 41, 24
29, 42, 31
30, 43, 26
44, 45, 46
27, 47, 25
48, 49, 50
33, 51, 34
52, 39, 38
31, 53, 33
32, 54, 30
26, 55, 28
25, 56, 29
57, 58, 36
24, 59, 27
34, 60, 32
61, 37, 39
62, 40, 58
63, 64, 65
66, 67, 68
69, 70, 71
68, 64, 72
71, 73, 66
74, 75, 76
77, 78, 68
79, 76, 80
66, 75, 67
81, 82, 83
82, 84, 83
85, 83, 84
86, 87, 88
89, 90, 91
92, 93, 94
89, 95, 87
88, 96, 97
98, 90, 86
97, 99, 98
92, 100, 101
102, 100, 103
104, 105, 106
106, 107, 102
100, 107, 108
109, 110, 111
112, 113, 109
110, 114, 111
1, 115, 2
116, 117, 118
119, 117, 116
117, 120, 121
9, 122, 10
123, 124, 122
125, 126, 124
127, 15, 128
129, 128, 126
130, 131, 21
132, 133, 134
135, 136, 137
138, 137, 139
140, 141, 136
142, 143, 141
143, 144, 145
146, 147, 148
128, 146, 126
126, 148, 124
122, 38, 10
124, 149, 122
128, 40, 150
151, 132, 139
152, 141, 143
153, 140, 135
154, 155, 156
157, 137, 136
158, 133, 159
160, 145, 144
149, 52, 38
161, 143, 145
162, 142, 140
163, 135, 138
164, 136, 141
150, 165, 146
166, 139, 137
167, 144, 142
148, 168, 149
40, 169, 150
170, 171, 172
172, 173, 174
175, 176, 177
171, 173, 172
178, 177, 174
179, 180, 181
182, 183, 173
184, 185, 179
180, 174, 181
81, 83, 186
186, 83, 187
85, 187, 83
188, 189, 190
189, 90, 190
93, 191, 94
95, 189, 188
96, 192, 193
90, 194, 190
99, 193, 194
195, 196, 191
197, 198, 196
199, 104, 200
201, 200, 198
202, 201, 108
203, 204, 205
206, 112, 204
203, 114, 207
0, 4, 1
0, 5, 4
7, 3, 5
3, 208, 1
6, 208, 3
8, 12, 9
11, 14, 12
13, 18, 14
15, 209, 16
17, 16, 18
130, 21, 20
210, 19, 21
20, 211, 130
24, 28, 22
22, 48, 23
50, 23, 48
25, 30, 26
27, 26, 28
29, 32, 30
31, 34, 32
35, 57, 36
36, 58, 17
37, 36, 13
38, 39, 8
39, 37, 11
17, 58, 40
23, 154, 41
29, 56, 42
30, 54, 43
44, 158, 45
27, 59, 47
48, 212, 49
33, 53, 51
52, 61, 39
31, 42, 53
32, 60, 54
26, 43, 55
25, 47, 56
57, 62, 58
24, 41, 59
34, 51, 60
61, 35, 37
62, 213, 40
63, 72, 64
63, 69, 71
63, 71, 72
74, 79, 77
67, 74, 68
72, 71, 66
74, 77, 68
72, 66, 68
69, 214, 70
68, 78, 64
71, 70, 73
74, 67, 75
77, 215, 78
79, 74, 76
66, 73, 75
88, 97, 86
86, 89, 87
97, 98, 86
89, 86, 90
92, 101, 93
89, 91, 95
88, 216, 96
98, 99, 90
97, 96, 99
92, 103, 100
102, 107, 100
104, 217, 105
106, 105, 107
202, 108, 107
218, 100, 108
107, 219, 202
109, 113, 110
112, 220, 113
110, 207, 114
1, 221, 115
121, 118, 117
222, 116, 118
119, 223, 117
117, 223, 120
9, 123, 122
123, 125, 124
125, 129, 126
127, 209, 15
129, 127, 128
224, 21, 225
130, 226, 131
131, 225, 21
134, 138, 139
139, 132, 134
159, 133, 132
135, 140, 136
138, 135, 137
140, 142, 141
142, 144, 143
146, 165, 147
128, 150, 146
126, 146, 148
122, 149, 38
124, 148, 149
128, 15, 40
151, 45, 132
152, 164, 141
153, 162, 140
154, 49, 155
157, 166, 137
158, 227, 133
160, 161, 145
149, 168, 52
161, 152, 143
162, 167, 142
163, 153, 135
164, 157, 136
150, 169, 165
166, 151, 139
167, 160, 144
148, 147, 168
40, 213, 169
170, 228, 171
183, 184, 179
183, 179, 173
177, 176, 170
174, 177, 172
173, 179, 181
177, 170, 172
173, 181, 174
175, 229, 176
171, 182, 173
178, 175, 177
179, 185, 180
182, 230, 183
184, 231, 185
180, 178, 174
194, 193, 190
192, 188, 190
190, 193, 192
189, 91, 90
93, 195, 191
95, 91, 189
96, 216, 192
90, 99, 194
99, 96, 193
195, 197, 196
197, 201, 198
199, 217, 104
201, 199, 200
232, 108, 197
202, 233, 201
201, 197, 108
203, 206, 204
206, 220, 112
203, 205, 114
