# Project Zomboid Skinned Mesh
# File Version:
1.0
# Model Name:
Cube
# Vertex Stride Element Count:
3
# Vertex Stride Size (in bytes):
76
# Vertex Stride Data:
# (Int)    Offset
# (String) Type
0
VertexArray
12
NormalArray
24
TextureCoordArray
# Vertex Count:
427
# Vertex Buffer:
0.01062186, 0.25890398, -0.00943995
0.70708334, 0.70708334, 0.0
0.30599907, 0.76842463
-0.0, 0.25890398, -0.0299012
0.0, 0.70708334, -0.70708334
0.30599907, 0.72288191
-0.0, 0.25890398, -0.00943995
0.0, 1.0, 0.0
0.30599907, 0.76842463
0.01062186, 0.10266359, -0.00943995
0.70708334, -0.70708334, 0.0
0.06439602, 0.76842463
0.01062186, 0.25890398, -0.0299012
0.57734919, 0.57734919, -0.57734919
0.30599907, 0.73678434
0.01062186, 0.10266359, -0.0299012
0.57734919, -0.57734919, -0.57734919
0.06439602, 0.73678434
-0.0, 0.10266359, -0.00943995
0.0, -1.0, 0.0
0.05463171, 0.76842463
0.00708366, 0.66357052, -0.02221349
0.54911953, -0.80416274, -0.22745445
0.93175691, 0.74867222
0.00293415, 0.30860537, -0.026363
0.38236642, 0.03878903, -0.92315441
0.38285512, 0.74225566
0.00293415, 0.66357052, -0.026363
0.22745445, -0.80416274, -0.54911953
0.93175691, 0.74225566
-0.0, 0.25890398, -0.00865749
0.0, -0.68150884, 0.73177284
0.30599907, 0.77753513
0.00293415, 0.30860537, -0.01219568
0.38236642, 0.03878903, 0.92315441
0.38285509, 0.76416336
-0.0, 0.30860537, -0.01219568
0.0, 0.03552354, 0.99935913
0.38310012, 0.77010635
0.00708366, 0.66357052, -0.01634519
0.54911953, -0.80416274, 0.22745445
0.93175691, 0.75774667
0.00708366, 0.30860537, -0.02221349
0.92315441, 0.03878903, -0.38236642
0.38285503, 0.74867222
0.00456062, 0.66357052, -0.00826903
0.29709768, -0.63023776, 0.71727651
0.93175685, 0.77023527
0.00293415, 0.66357052, -0.01219568
0.22745445, -0.80416274, 0.54911953
0.93175691, 0.76416336
0.00708366, 0.30860537, -0.01634519
0.92315441, 0.03878903, 0.38236642
0.38285503, 0.75774667
-0.0, 0.66357052, -0.03028966
0.0, -0.70708334, -0.70708334
0.93175679, 0.73162946
-0.0, 0.66357052, -0.026363
0.0, -0.70708334, -0.70708334
0.93175685, 0.73680916
0.00439972, 0.25890398, -0.00865749
0.30579546, -0.60115361, 0.73827326
0.30599907, 0.7696346
0.00439972, 0.25890398, -0.0299012
0.30579546, -0.60118413, -0.73827326
0.30599907, 0.73678431
0.01062185, 0.25890398, -0.01487962
0.73827326, -0.60118413, 0.30579546
0.30599907, 0.76001298
-0.0, 0.30860537, -0.026363
0.0, 0.03552354, -0.99935913
0.38310441, 0.73625439
0.01101031, 0.66357052, -0.02383996
0.71727651, -0.63023776, -0.29709768
0.93175691, 0.74615714
0.01101032, 0.67973697, -0.01471872
0.71727651, 0.63023776, 0.29709768
0.9567557, 0.7602618
0.01101032, 0.66357052, -0.01471872
0.71727651, -0.63023776, 0.29709768
0.93175691, 0.7602618
0.00456063, 0.67973697, -0.03028966
0.29709768, 0.63023776, -0.71727651
0.95675576, 0.73618361
0.00456063, 0.66357052, -0.03028966
0.29709768, -0.63023776, -0.71727651
0.93175691, 0.73618361
-0.0, 0.67973697, -0.03028966
0.0, 0.70708334, -0.70708334
0.95675576, 0.73207596
0.01101031, 0.67973697, -0.02383996
0.71727651, 0.63023776, -0.29709768
0.9567557, 0.74615714
0.00708366, 0.67973697, -0.01634519
0.54911953, 0.80416274, 0.22745445
0.9567557, 0.75774667
0.00456062, 0.67973697, -0.00826903
0.29709768, 0.63023776, 0.71727651
0.9567557, 0.77023529
0.00293415, 0.67973697, -0.026363
0.22745445, 0.80416274, -0.54911953
0.9567557, 0.74225566
0.00708366, 0.67973697, -0.02221349
0.54911953, 0.80416274, -0.22742394
0.9567557, 0.74867222
0.01161058, 0.19272254, -0.0555663
0.16095462, -0.87490463, 0.4567095
0.23413706, 0.48962677
0.03697263, 0.19272254, -0.06037556
0.70708334, -0.70708334, 0.0
0.23413706, 0.45040816
0.03697263, 0.19272254, -0.05556629
0.63023776, -0.71727651, 0.29709768
0.23413706, 0.4504081
0.00708366, 0.69719005, -0.02221349
0.71727651, 0.63023776, -0.29709768
0.98374462, 0.74867222
0.03697263, 0.21594374, -0.06037556
0.70708334, 0.70708334, 0.0
0.19822896, 0.4504081
0.03697263, 0.20914252, -0.04876499
0.63023776, 0.29709768, 0.71727651
0.20874614, 0.4504081
0.03697263, 0.19952394, -0.04876499
0.63023776, -0.29709768, 0.71727651
0.22361976, 0.4504081
0.00708366, 0.69719005, -0.01634519
0.71727651, 0.63023776, 0.29709768
0.98374462, 0.75774667
0.00293415, 0.67973697, -0.01219569
0.22745445, 0.80416274, 0.54911953
0.9567557, 0.76416336
0.00293415, 0.69719005, -0.026363
0.29709768, 0.63023776, -0.71727651
0.98374462, 0.74225563
-0.0, 0.69719005, -0.026363
0.0, 0.70708334, -0.70708334
0.98378789, 0.73867041
-0.0, 0.67973697, -0.026363
0.0, 0.70708334, -0.70708334
0.95675576, 0.73867041
0.01296953, 0.10235332, -0.0090433
0.79622793, -0.21442305, -0.56569111
0.38480234, 0.84387982
0.01296951, 0.07511383, 0.02412367
0.85110021, -0.51979125, 0.07345805
0.34268048, 0.89516777
0.01296951, 0.06650631, 0.01414669
0.81383711, -0.24195075, 0.52827537
0.32937011, 0.87973982
0.01296952, 0.08531597, 0.08149827
0.58476514, 0.41721854, 0.6956389
0.35845652, 0.98388922
0.01296951, 0.05026923, 0.04779453
0.80181283, 0.00662252, -0.5975219
0.30426186, 0.93177128
0.01296951, 0.06728876, 0.04114322
0.80178225, -0.41001618, -0.43467513
0.33058009, 0.92148596
-0.0, 0.07511383, 0.02412367
0.0, -0.99014252, 0.13995789
0.32592359, 0.89979231
-0.0, 0.02300774, 0.07030226
0.0, -0.40052491, 0.9162572
0.26210603, 0.98795402
0.01296952, 0.02300774, 0.07030226
0.6583758, -0.30146185, 0.68965727
0.26210603, 0.96657622
0.01296952, 0.01521917, -0.01975253
0.61052281, 0.39338359, -0.68736839
0.25006211, 0.82731956
-0.0, 0.02151076, -0.0090433
0.0, 0.49668875, -0.86788535
0.25979111, 0.82486528
0.01296952, 0.02151076, -0.0090433
0.83761102, 0.27130955, -0.47407451
0.25979111, 0.84387982
-0.0, 0.06728876, 0.04114322
0.0, -0.68614763, -0.72743917
0.3193875, 0.9109326
0.01296953, 0.10576083, 0.01821651
0.86602372, 0.29419842, 0.40421766
0.3900716, 0.88603318
-0.0, 0.08531597, 0.08149827
0.0, 0.51432842, 0.85757011
0.36765638, 0.99999905
0.01296953, -0.12936258, -0.01975251
0.57734919, -0.57734919, -0.57734919
0.02648744, 0.82731962
-0.0, 0.01521917, -0.01975253
0.0, 0.49668875, -0.86788535
0.25006211, 0.80665731
0.01296951, 0.03383653, 0.04094759
0.85543382, 0.43089083, -0.28727072
0.27885106, 0.92118347
-0.0, 0.05026923, 0.04779453
0.0, 0.01110874, -0.99990845
0.30597356, 0.91566646
0.01296953, 0.13940518, 0.01821651
0.85634935, -0.28794214, 0.42863247
0.44209769, 0.88603318
-0.0, 0.10576083, 0.01821651
0.0, 0.58845788, 0.80849636
0.4003233, 0.90217227
0.01296952, -0.12936258, 0.07489462
0.57734919, -0.57734919, 0.57734919
0.02648744, 0.97367764
-0.0, -0.12936258, -0.01975251
0.0, -0.70708334, -0.70708334
0.02451882, 0.80665731
-0.0, 0.03383653, 0.02412367
0.0, 0.88528091, 0.46504104
0.29542887, 0.89955872
-0.0, 0.03383653, 0.04094759
0.0, 0.83202612, -0.55467391
0.29574472, 0.90991509
0.01296953, 0.41884118, 0.01626939
0.57734919, 0.57734919, 0.57734919
0.87420499, 0.88302219
-0.0, 0.26931983, 0.01626939
0.0, 0.13473922, 0.99087495
0.6429916, 0.90714198
0.01296952, 0.26931983, 0.01626939
0.73873103, 0.09079257, 0.66783655
0.6429916, 0.88302219
0.01296952, 0.14616375, 0.03476713
0.59474468, -0.41850033, 0.68636125
0.45254886, 0.91162628
-0.0, 0.13940518, 0.01821651
0.0, -0.55763423, 0.83007294
0.43007681, 0.90439022
0.01296952, -0.0455476, 0.07489461
0.57734919, 0.57734919, 0.57734919
0.15609509, 0.97367764
-0.0, -0.12936258, 0.07489462
0.0, -0.70708334, 0.70708334
0.02451882, 0.98819947
0.01296959, 0.04831298, 0.01414669
0.78048038, 0.18576616, 0.59691155
0.30123684, 0.87973982
0.0129696, 0.03383653, 0.02412367
0.82811975, 0.49623096, 0.26065859
0.27885106, 0.89516777
0.01296953, 0.41884118, 0.01626939
0.57734919, 0.57734919, 0.57734919
0.87420499, 0.11697775
-0.0, 0.41884118, -0.01634519
0.0, 0.70708334, -0.70708334
0.87420493, 0.18412799
-0.0, 0.41884118, 0.01626939
0.0, 0.70708334, 0.70708334
0.87420493, 0.09728694
0.01296953, 0.22891684, 0.0274654
0.68715477, 0.12945952, 0.71483505
0.58051437, 0.90033525
-0.0, 0.19150124, 0.03076677
0.0, -0.29718924, 0.9548021
0.52265662, 0.92259443
0.01296952, 0.19150124, 0.03076677
0.63072604, -0.23062837, 0.74089783
0.52265662, 0.90544033
0.01296951, -0.0455476, 0.04867197
0.90450758, 0.30149236, 0.30149236
0.15609509, 0.93312812
-0.0, -0.0455476, 0.07489461
0.0, 0.70708334, 0.70708334
0.1683318, 0.98819947
-0.0, 0.04831298, 0.01414669
0.0, 0.29715872, 0.9548021
0.30604044, 0.8915922
-0.0, 0.11060083, -0.01634517
0.0, -0.35444197, -0.93505663
0.39755598, 0.81587195
0.01062188, 0.23388831, -0.01634518
0.0, -0.31620228, -0.94866788
0.588202, 0.83258855
0.01062188, 0.16153096, -0.01634517
0.0, 0.31620228, -0.94866788
0.47631198, 0.83258855
-0.0, 0.22891684, 0.0274654
0.0, 0.17819758, 0.98397779
0.58051431, 0.91962242
0.01296951, -0.00565939, 0.04867197
0.7860347, -0.19632557, 0.58613849
0.21777654, 0.93312812
-0.0, -0.0455476, 0.04867197
0.0, 0.70708334, 0.70708334
0.1683318, 0.94720054
0.01296953, 0.11060083, -0.01634517
0.63533431, -0.27368999, -0.72206795
0.39755604, 0.83258855
-0.0, 0.06650631, 0.01414669
0.0, -0.41639453, 0.90917689
0.32059166, 0.89261109
-0.0, -0.00565939, 0.04867197
0.0, -0.3175756, 0.94821006
0.21777648, 0.95100689
-0.0, 0.10235332, -0.0090433
0.0, -0.35444197, -0.93505663
0.38528213, 0.82486528
0.01296952, 0.17698713, 0.02438131
0.77333903, 0.05990783, 0.63112277
0.50021267, 0.89556611
-0.0, 0.16834642, 0.02771809
0.0, 0.62376779, 0.78157902
0.48685107, 0.92088675
0.01296952, 0.16834642, 0.02771809
0.78133488, 0.3892636, 0.48777732
0.48685107, 0.90072596
0.01296952, 0.16470487, 0.03313116
0.62178409, 0.39814448, 0.67439801
0.48121992, 0.90909654
-0.0, 0.14616375, 0.03476713
0.0, -0.52058476, 0.85378581
0.44742814, 0.92761606
-0.0, 0.1856934, 0.02595817
0.0, -0.42173529, 0.9067049
0.51367557, 0.91760021
0.01296952, 0.1856934, 0.02595817
0.76882231, -0.26966155, 0.57979065
0.51367563, 0.89800453
-0.0, 0.17698713, 0.02438131
0.0, 0.09451582, 0.9955138
0.50021267, 0.91678488
-0.0, 0.16470487, 0.03313116
0.0, 0.50837731, 0.86111027
0.48121992, 0.92717421
0.00751261, 0.11315797, 0.03991451
0.83040863, 0.26337475, -0.49089023
0.41578269, 0.95945072
-0.0, 0.10313495, 0.02481132
0.0, 0.83318585, -0.55293435
0.40834397, 0.9308188
-0.0, 0.11315797, 0.03991451
0.0, 0.47276223, -0.88116091
0.42107621, 0.95026708
0.00751261, 0.13663818, 0.03991451
0.80416274, -0.22745445, -0.54911953
0.45209131, 0.95945072
0.00751261, 0.13842143, 0.04472006
0.63179415, 0.28992584, 0.71883297
0.454849, 0.96688175
0.0075126, 0.1125562, 0.04472006
0.64885402, -0.21430098, 0.73009431
0.4148522, 0.96688175
-0.0, 0.14604874, 0.03050391
0.0, -0.70708334, -0.70708334
0.46059728, 0.93885028
0.00751261, 0.14604874, 0.03050391
0.71535385, -0.49406415, -0.49406415
0.46664348, 0.94489849
-0.0, 0.09887858, 0.03593277
0.0, -0.54051334, 0.84130377
0.38676965, 0.96550345
0.00751261, 0.09887858, 0.03593277
0.74910736, -0.35804316, 0.557329
0.39370167, 0.95329344
0.0075126, 0.14968018, 0.03387323
0.69414347, 0.49940488, 0.51838738
0.47225899, 0.95010865
-0.0, 0.13842143, 0.04472006
0.0, 0.37403485, 0.92739648
0.45892143, 0.97775602
0.01062186, 0.15679835, 0.02183798
0.70708334, -0.70708334, 0.0
0.74554855, 0.41439271
0.01062185, 0.21019898, 0.04138475
0.58436841, 0.60927153, 0.53596604
0.82812488, 0.44461894
0.01062185, 0.15679835, 0.04824983
0.57090974, -0.5422529, 0.61641288
0.74554861, 0.45523483
-0.0, 0.13663818, 0.03991451
0.0, -0.38267159, -0.92385632
0.44872084, 0.95019424
-0.0, 0.15679835, 0.02183798
0.0, -1.0, 0.0
0.73318803, 0.41687304
-0.0, 0.1125562, 0.04472006
0.0, -0.28165531, 0.95950192
0.41240302, 0.97916734
-0.0, 0.15679835, 0.04824983
0.0, -0.66048157, 0.75081635
0.73318797, 0.45771515
0.01062186, 0.21019898, 0.02183798
0.70708334, 0.70708334, 0.0
0.82812494, 0.41439271
-0.0, 0.21019898, 0.04138475
0.0, 0.75081635, 0.66048157
0.84193444, 0.44461894
-0.0, 0.3083877, -0.07978886
0.0, -0.06305124, -0.99798578
0.3825185, 0.51658407
0.00480926, 0.246906, -0.07198614
0.38090152, -0.07077242, -0.92187262
0.28744581, 0.54156187
-0.0, 0.246906, -0.07198614
0.0, -0.06305124, -0.99798578
0.28744581, 0.53409359
0.01161058, 0.246906, -0.06518482
0.92040771, -0.07556383, -0.3834956
0.28744581, 0.55207911
0.00480926, 0.13493536, -0.07198614
0.37846005, 0.14795373, -0.91369367
0.11429971, 0.54156187
0.01161058, 0.246906, -0.0555663
0.92153692, -0.08239998, 0.37943664
0.28744581, 0.56695274
0.01161058, 0.13493536, -0.06518482
0.91369367, 0.14795373, -0.37846005
0.11429971, 0.55207911
0.02049879, 0.3083877, -0.06778094
0.92208624, -0.07293924, -0.37995544
0.38251838, 0.54806462
0.00480926, 0.246906, -0.04876499
0.38200018, -0.08725242, 0.92001098
0.28744581, 0.57747003
0.01161058, 0.13493536, -0.05556629
0.91369367, 0.14795373, 0.37846005
0.11429971, 0.56695279
0.00849087, 0.3083877, -0.07978886
0.38245797, -0.0684225, -0.92141485
0.3825185, 0.5294961
-0.0, 0.12164898, -0.04514761
0.0, 0.13251136, 0.99118012
0.09375417, 0.59226009
0.00480926, 0.13493536, -0.04876499
0.37846005, 0.14795373, 0.91369367
0.11429971, 0.57747003
-0.0, 0.13493536, -0.04876499
0.0, 0.13251136, 0.99118012
0.11429971, 0.58505204
0.02049879, 0.3083877, -0.05079919
0.92025512, -0.07928709, 0.38312936
0.38251838, 0.5743244
-0.0, 0.13493536, -0.07198614
0.0, 0.13251136, -0.99118012
0.11429971, 0.53406274
0.02049879, 0.36627841, -0.06778094
0.71727651, 0.63023776, -0.29709768
0.47203806, 0.54806462
0.00849087, 0.36627841, -0.07978886
0.29709768, 0.63023776, -0.71727651
0.47203806, 0.5294961
0.02049879, 0.36627841, -0.05079919
0.71727651, 0.63023776, 0.29709768
0.47203806, 0.5743244
0.00849087, 0.3083877, -0.03879128
0.38062686, -0.08371227, 0.92089599
0.3825185, 0.59289289
-0.0, 0.36627841, -0.07978886
0.0, 0.70708334, -0.70708334
0.47198775, 0.51601273
0.01522795, 0.06731701, -0.06668318
0.71727651, -0.63023776, -0.29709768
0.00973773, 0.54976216
0.00630762, 0.12164898, -0.0756035
0.37900937, 0.13809626, -0.91500592
0.09375417, 0.53596815
0.01522795, 0.12164898, -0.06668318
0.91500592, 0.13809626, -0.37900937
0.09375417, 0.54976222
0.01522795, 0.12164898, -0.05406793
0.91500592, 0.13809626, 0.37900937
0.09375417, 0.56926987
0.00630762, 0.12164898, -0.04514761
0.37900937, 0.13809626, 0.91500592
0.09375417, 0.58306375
-0.0, 0.06731701, -0.04514761
0.0, -0.70708334, 0.70708334
0.00982577, 0.5933103
0.01522795, 0.06731701, -0.05406793
0.71727651, -0.63023776, 0.29709768
0.00973773, 0.56926981
0.00630762, 0.06731701, -0.04514761
0.29709768, -0.63023776, 0.71727651
0.00973773, 0.58306375
0.00480926, 0.21594374, -0.07198614
0.45667899, 0.87490463, -0.16095462
0.23413706, 0.48962688
0.01161058, 0.20914252, -0.09734818
0.71727651, 0.29709768, -0.63023776
0.22361982, 0.4504081
0.00480926, 0.21594374, -0.09734818
0.29709768, 0.71727651, -0.63023776
0.23413706, 0.4504081
-0.0, 0.21594374, -0.07198614
0.0, 1.0, 0.0
0.23413706, 0.48962688
-0.0, 0.21594374, -0.09734818
0.0, 0.70708334, -0.70708334
0.23413706, 0.4504081
0.03697263, 0.19952394, -0.07198614
0.63023776, -0.29709768, -0.71727651
0.22361976, 0.4504081
0.03697263, 0.2091424, -0.07198614
0.63023776, 0.29709768, -0.71727651
0.20874614, 0.4504081
0.01161058, 0.19952394, -0.07198614
0.87490463, -0.45667899, -0.16095462
0.20874614, 0.48962688
0.00480926, 0.19272254, -0.09734818
0.29709768, -0.71727651, -0.63023776
0.19822896, 0.4504081
0.01161058, 0.19952394, -0.09734818
0.71727651, -0.29709768, -0.63023776
0.20874614, 0.4504081
0.01161058, 0.20914252, -0.07198614
0.87490463, 0.4567095, -0.16095462
0.22361982, 0.48962688
0.01161058, 0.21594374, -0.0555663
0.16095462, 0.87490463, 0.45667899
0.19822896, 0.48962677
0.03697263, 0.21594374, -0.0555663
0.63023776, 0.71727651, 0.29709768
0.19822896, 0.4504081
0.01161058, 0.19952394, -0.07198614
0.0, -0.38267159, -0.92385632
0.22361982, 0.48962682
0.01161058, 0.2091424, -0.07198614
0.0, 0.38267159, -0.92385632
0.20874614, 0.48962682
0.03697263, 0.21594374, -0.06518482
0.63023776, 0.71727651, -0.29709768
0.19822896, 0.4504081
0.01161058, 0.19272254, -0.06518482
0.16095462, -0.87490463, -0.4567095
0.23413706, 0.48962682
0.03697263, 0.19272254, -0.06518482
0.63023776, -0.71727651, -0.29709768
0.23413706, 0.4504081
0.01161058, 0.21594374, -0.06037556
0.0, 1.0, 0.0
0.19822896, 0.48962677
0.01161058, 0.19952394, -0.04876499
0.10196234, -0.28934598, 0.95175022
0.22274756, 0.48808408
0.01161058, 0.19272254, -0.06037556
0.0, -1.0, 0.0
0.23413706, 0.48962677
0.01161058, 0.2091424, -0.04876499
0.10196234, 0.28934598, 0.95175022
0.21041363, 0.48774087
0.00480926, 0.19272254, -0.07198614
0.45667899, -0.87490463, -0.16095462
0.23413706, 0.50014406
0.00480926, 0.21594374, -0.07198614
0.45667899, 0.87490463, -0.16095462
0.19822896, 0.50014406
0.01161058, 0.21594374, -0.06518482
0.16095462, 0.87490463, -0.45667899
0.19822896, 0.48962677
0.00480926, 0.19272254, -0.04876499
0.37046418, -0.37046418, 0.85174108
0.22868103, 0.49736607
0.00480926, 0.21594374, -0.04876499
0.37046418, 0.37046418, 0.85174108
0.20462936, 0.49759507
0.03370145, 0.13226224, 0.01283144
0.74034852, 0.46684164, 0.48362681
0.53865826, 0.513657
0.01738318, 0.13512962, -0.01904671
0.43110445, -0.33497116, -0.83779413
0.54309225, 0.46436208
0.01738318, 0.14373244, -0.01904671
0.42396313, 0.71788692, -0.55211037
0.55639529, 0.46436203
0.02122988, 0.10940334, 0.01283144
0.0, -0.97491378, 0.22244942
0.50331032, 0.51365697
0.00491161, 0.13512962, -0.01904671
0.0, -0.37125766, -0.92849511
0.54309225, 0.46436203
0.00491161, 0.14373244, -0.01904671
0.0, 0.66331983, -0.74831384
0.55639529, 0.46436203
0.03370145, 0.10940334, 0.01283144
0.64250618, -0.70619833, 0.29734182
0.50331032, 0.51365697
0.02122988, 0.13226224, 0.01283144
0.0, 0.64448988, 0.76461071
0.53865826, 0.51365697
0.00480926, 0.24419852, -0.04876499
0.70708334, 0.70708334, 0.0
0.28325918, 0.59321904
0.00480926, 0.16073267, -0.0299012
0.70708334, -0.70708334, 0.0
0.15419134, 0.62238917
0.00480926, 0.16073267, -0.04876499
0.70708334, -0.70708334, 0.0
0.15419134, 0.59321904
-0.0, 0.24419852, -0.04876499
0.0, 1.0, 0.0
0.290696, 0.59321904
0.00480926, 0.24419852, -0.0299012
0.70708334, 0.70708334, 0.0
0.28325918, 0.62238917
-0.0, 0.16073267, -0.0299012
0.0, -1.0, 0.0
0.14675453, 0.62238917
0.00480926, 0.19272254, -0.07198614
0.45667899, -0.87490463, -0.16095462
0.19822896, 0.48962688
-0.0, 0.19272254, -0.09734818
0.0, -0.70708334, -0.70708334
0.19822896, 0.4504081
0.00630762, 0.06731701, -0.0756035
0.29709768, -0.63023776, -0.71727651
0.00973773, 0.53596815
-0.0, 0.12164898, -0.0756035
0.0, 0.13251136, -0.99118012
0.09375417, 0.52674359
0.01522795, 0.06731701, -0.05406793
0.71727651, -0.63023776, 0.29709768
0.82182544, 0.56158403
-0.0, 0.06731701, -0.0756035
0.0, -0.70708334, -0.70708334
0.84537321, 0.52828231
0.01522795, 0.06731701, -0.06668318
0.71727651, -0.63023776, -0.29709768
0.82182544, 0.54207632
0.00849087, 0.36627841, -0.03879128
0.29709768, 0.63023776, 0.71727651
0.47203806, 0.59289289
-0.0, 0.3083877, -0.03879128
0.0, -0.0802942, 0.99676502
0.3825185, 0.6058239
-0.0, 0.36627841, -0.03879128
0.0, 0.70708334, 0.70708334
0.92729443, 0.58510077
0.02049879, 0.36627841, -0.05079919
0.71727651, 0.63023776, 0.29709768
0.89559597, 0.56653231
0.02049879, 0.36627841, -0.06778094
0.71727651, 0.63023776, -0.29709768
0.89559597, 0.5402725
-0.0, 0.246906, -0.04876499
0.0, -0.0802942, 0.99676502
0.28744581, 0.58480492
0.00293415, 0.69719005, -0.01219569
0.29709768, 0.63023776, 0.71727651
0.98374462, 0.76416333
-0.0, 0.67973697, -0.01219569
0.0, 0.70708334, 0.70708334
0.95675582, 0.76818733
-0.0, 0.69719005, -0.01219569
0.0, 0.70708334, 0.70711386
0.9273479, 0.62577304
0.00708366, 0.69719005, -0.01634519
0.71727651, 0.63023776, 0.29709768
0.916394, 0.61935639
0.00708366, 0.69719005, -0.02221349
0.71727651, 0.63023776, -0.29709768
0.916394, 0.61028188
-0.0, 0.67973697, -0.00826903
0.0, 0.70708334, 0.70708334
0.95675582, 0.77524956
-0.0, 0.66357052, -0.00826903
0.0, -0.70708334, 0.70708334
0.93175685, 0.77524957
-0.0, 0.25890398, -0.0299012
0.0, -0.68150884, -0.73177284
0.30599907, 0.72916296
0.01062186, 0.25890398, -0.02367906
0.73827326, -0.60118413, -0.30579546
0.30599907, 0.74640593
-0.0, 0.66357052, -0.01219568
0.0, -0.70708334, 0.70708334
0.93167955, 0.77007101
-0.01062186, 0.25890398, -0.00943995
-0.70708334, 0.70708334, 0.0
0.30599907, 0.76842463
-0.01062186, 0.25890398, -0.0299012
-0.57734919, 0.57734919, -0.57734919
0.30599907, 0.2632156
-0.01062186, 0.10266359, -0.00943995
-0.70708334, -0.70708334, 0.0
0.06439602, 0.23157531
-0.01062186, 0.25890398, -0.00943995
-0.70708334, 0.70708334, 0.0
0.30599907, 0.23157531
-0.0, 0.25890398, -0.0299012
0.0, 0.70708334, -0.70708334
0.30599907, 0.27711803
-0.01062186, 0.10266359, -0.0299012
-0.57734919, -0.57734919, -0.57734919
0.06439602, 0.2632156
-0.0, 0.10266359, -0.00943995
0.0, -1.0, 0.0
0.05463171, 0.23157531
-0.00293415, 0.66357052, -0.026363
-0.22745445, -0.80416274, -0.54911953
0.93175691, 0.74225566
-0.00708366, 0.30860537, -0.02221349
-0.92315441, 0.03878903, -0.38236642
0.38285503, 0.74867222
-0.00708366, 0.66357052, -0.02221349
-0.54911953, -0.80416274, -0.22745445
0.93175691, 0.74867222
-0.00293415, 0.30860537, -0.01219568
-0.38236642, 0.03878903, 0.92315441
0.38285509, 0.76416336
-0.00708366, 0.66357052, -0.01634519
-0.54911953, -0.80416274, 0.22745445
0.93175691, 0.75774667
-0.00456062, 0.66357052, -0.00826903
-0.29709768, -0.63023776, 0.71727651
0.93175685, 0.77023527
-0.01101032, 0.66357052, -0.01471872
-0.71727651, -0.63023776, 0.29709768
0.93175691, 0.7602618
-0.00708366, 0.30860537, -0.01634519
-0.92315441, 0.03878903, 0.38236642
0.38285503, 0.75774667
-0.00293415, 0.66357052, -0.01219568
-0.22745445, -0.80416274, 0.54911953
0.93175691, 0.76416336
-0.00439972, 0.25890398, -0.00865749
-0.30579546, -0.60115361, 0.73827326
0.30599907, 0.7696346
-0.00439972, 0.25890398, -0.0299012
-0.30579546, -0.60118413, -0.73827326
0.30599907, 0.73678431
-0.01062186, 0.25890398, -0.02367906
-0.73827326, -0.60118413, -0.30579546
0.30599907, 0.74640593
-0.01062185, 0.25890398, -0.01487962
-0.73827326, -0.60118413, 0.30579546
0.30599907, 0.76001298
-0.01101031, 0.66357052, -0.02383996
-0.71727651, -0.63023776, -0.29709768
0.93175691, 0.74615714
-0.00456063, 0.66357052, -0.03028966
-0.29709768, -0.63023776, -0.71727651
0.93175691, 0.73618361
-0.01101032, 0.67973697, -0.01471872
-0.71727651, 0.63023776, 0.29709768
0.9567557, 0.7602618
-0.00456063, 0.67973697, -0.03028966
-0.29709768, 0.63023776, -0.71727651
0.95675576, 0.73618361
-0.01101031, 0.67973697, -0.02383996
-0.71727651, 0.63023776, -0.29709768
0.9567557, 0.74615714
-0.00456062, 0.67973697, -0.00826903
-0.29709768, 0.63023776, 0.71727651
0.9567557, 0.77023529
-0.00708366, 0.67973697, -0.01634519
-0.54911953, 0.80416274, 0.22745445
0.9567557, 0.75774667
-0.00293415, 0.67973697, -0.026363
-0.22745445, 0.80416274, -0.54911953
0.9567557, 0.74225566
-0.00708366, 0.67973697, -0.02221349
-0.54911953, 0.80416274, -0.22742394
0.9567557, 0.74867222
-0.00708366, 0.69719005, -0.02221349
-0.71727651, 0.63023776, -0.29709768
0.98374462, 0.74867222
-0.00293415, 0.67973697, -0.01219569
-0.22745445, 0.80416274, 0.54911953
0.9567557, 0.76416336
-0.00708366, 0.69719005, -0.01634519
-0.71727651, 0.63023776, 0.29709768
0.98374462, 0.75774667
-0.00293415, 0.69719005, -0.026363
-0.29709768, 0.63023776, -0.71727651
0.98374462, 0.74225563
-0.01296953, 0.13940518, 0.01821651
-0.85634935, -0.28794214, 0.42863247
0.44209772, 0.11396676
-0.01296953, 0.11060083, -0.01634517
-0.63533431, -0.27368999, -0.72206795
0.39755604, 0.16741139
-0.01296953, 0.10576083, 0.01821651
-0.86602372, 0.29419842, 0.40421766
0.3900716, 0.11396676
-0.01296951, 0.05026923, 0.04779453
-0.80181283, 0.00662252, -0.5975219
0.30426186, 0.06822866
-0.01296952, 0.02300774, 0.07030226
-0.6583758, -0.30146185, 0.68965727
0.26210603, 0.03342372
-0.01296952, 0.08531597, 0.08149827
-0.58476514, 0.41721854, 0.6956389
0.35845652, 0.01611072
-0.0, 0.07511383, 0.02412367
0.0, -0.99014252, 0.13995789
0.32592359, 0.10020763
-0.01296951, 0.06728876, 0.04114322
-0.80178225, -0.41001618, -0.43467513
0.33058009, 0.07851398
-0.01296951, 0.07511383, 0.02412367
-0.85110021, -0.51979125, 0.07345805
0.34268048, 0.10483217
-0.0, 0.02300774, 0.07030226
0.0, -0.40052491, 0.9162572
0.26210603, 0.01204592
-0.0, 0.02151076, -0.0090433
0.0, 0.49668875, -0.86788535
0.25979111, 0.17513466
-0.01296952, 0.01521917, -0.01975253
-0.61052281, 0.39338359, -0.68736839
0.25006211, 0.17268038
-0.01296952, 0.02151076, -0.0090433
-0.83761102, 0.27130955, -0.47407451
0.25979111, 0.15612012
-0.0, 0.06728876, 0.04114322
0.0, -0.68614763, -0.72743917
0.3193875, 0.08906734
-0.0, 0.08531597, 0.08149827
0.0, 0.51432842, 0.85757011
0.36765638, 8.9e-07
-0.0, 0.01521917, -0.01975253
0.0, 0.49668875, -0.86788535
0.25006211, 0.19334263
-0.01296953, -0.12936258, -0.01975251
-0.57734919, -0.57734919, -0.57734919
0.02648744, 0.17268032
-0.0, 0.05026923, 0.04779453
0.0, 0.01110874, -0.99990845
0.30597356, 0.08433348
-0.01296951, 0.03383653, 0.04094759
-0.85543382, 0.43089083, -0.28727072
0.27885106, 0.07881647
-0.0, 0.10576083, 0.01821651
0.0, 0.58845788, 0.80849636
0.4003233, 0.09782767
-0.0, -0.12936258, -0.01975251
0.0, -0.70708334, -0.70708334
0.02451882, 0.19334263
-0.01296952, -0.12936258, 0.07489462
-0.57734919, -0.57734919, 0.57734919
0.02648744, 0.02632231
-0.0, 0.03383653, 0.02412367
0.0, 0.88528091, 0.46504104
0.29542887, 0.10044122
-0.0129696, 0.03383653, 0.02412367
-0.82811975, 0.49623096, 0.26065859
0.27885106, 0.10483217
-0.0, 0.26931983, 0.01626939
0.0, 0.13473922, 0.99087495
0.6429916, 0.09285796
-0.01296953, 0.41884118, 0.01626939
-0.57734919, 0.57734919, 0.57734919
0.87420499, 0.11697775
-0.01296952, 0.26931983, 0.01626939
-0.73873103, 0.09079257, 0.66783655
0.6429916, 0.11697775
-0.0, 0.13940518, 0.01821651
0.0, -0.55763423, 0.83007294
0.43007681, 0.09560972
-0.01296952, 0.14616375, 0.03476713
-0.59474468, -0.41850033, 0.68636125
0.45254886, 0.08837366
-0.0, -0.12936258, 0.07489462
0.0, -0.70708334, 0.70708334
0.02451882, 0.01180047
-0.01296952, -0.0455476, 0.07489461
-0.57734919, 0.57734919, 0.57734919
0.15609509, 0.02632231
-0.01296959, 0.04831298, 0.01414669
-0.78048038, 0.18576616, 0.59691155
0.30123684, 0.12026012
-0.0, 0.41884118, 0.01626939
0.0, 0.70708334, 0.70708334
0.87420493, 0.902713
-0.01296952, 0.41884118, -0.01634519
-0.57734919, 0.57734919, -0.57734919
0.87420499, 0.83258855
-0.01296953, 0.41884118, 0.01626939
-0.57734919, 0.57734919, 0.57734919
0.87420499, 0.88302219
-0.0, 0.19150124, 0.03076677
0.0, -0.29718924, 0.9548021
0.52265662, 0.07740551
-0.01296953, 0.22891684, 0.0274654
-0.68715477, 0.12945952, 0.71483505
0.58051431, 0.09966469
-0.01296952, 0.19150124, 0.03076677
-0.63072604, -0.23062837, 0.74089783
0.52265662, 0.09455961
-0.0, -0.0455476, 0.07489461
0.0, 0.70708334, 0.70708334
0.1683318, 0.01180047
-0.01296951, -0.0455476, 0.04867197
-0.90450758, 0.30149236, 0.30149236
0.15609509, 0.06687182
-0.0, 0.04831298, 0.01414669
0.0, 0.29715872, 0.9548021
0.30604044, 0.10840774
-0.01296951, 0.06650631, 0.01414669
-0.81383711, -0.24195075, 0.52827537
0.32937011, 0.12026012
-0.01296952, 0.41884118, -0.01634519
-0.57734919, 0.57734919, -0.57734919
0.87420499, 0.16741139
-0.0, 0.22891684, 0.0274654
0.0, 0.17819758, 0.98397779
0.58051431, 0.08037752
-0.0, -0.0455476, 0.04867197
0.0, 0.70708334, 0.70708334
0.1683318, 0.0527994
-0.01296951, -0.00565939, 0.04867197
-0.7860347, -0.19632557, 0.58613849
0.21777654, 0.06687182
-0.0, 0.11060083, -0.01634517
0.0, -0.35444197, -0.93505663
0.39755598, 0.18412799
-0.01296953, 0.10235332, -0.0090433
-0.79622793, -0.21442305, -0.56569111
0.38480234, 0.15612012
-0.0, 0.06650631, 0.01414669
0.0, -0.41639453, 0.90917689
0.32059166, 0.10738885
-0.0, -0.00565939, 0.04867197
0.0, -0.3175756, 0.94821006
0.21777648, 0.04899305
-0.0, 0.10235332, -0.0090433
0.0, -0.35444197, -0.93505663
0.38528213, 0.17513466
-0.0, 0.16834642, 0.02771809
0.0, 0.62376779, 0.78157902
0.48685107, 0.07911319
-0.01296952, 0.17698713, 0.02438131
-0.77333903, 0.05990783, 0.63115329
0.50021267, 0.10443383
-0.01296952, 0.16834642, 0.02771809
-0.78133488, 0.3892636, 0.48777732
0.48685107, 0.09927398
-0.0, 0.14616375, 0.03476713
0.0, -0.52058476, 0.85378581
0.44742814, 0.07238388
-0.01296952, 0.16470487, 0.03313116
-0.62178409, 0.39814448, 0.67439801
0.48121992, 0.0909034
-0.0, 0.1856934, 0.02595817
0.0, -0.42173529, 0.9067049
0.51367557, 0.08239973
-0.01296952, 0.1856934, 0.02595817
-0.76882231, -0.26966155, 0.57979065
0.51367563, 0.10199541
-0.0, 0.17698713, 0.02438131
0.0, 0.09451582, 0.9955138
0.50021267, 0.08321506
-0.0, 0.16470487, 0.03313116
0.0, 0.50837731, 0.86111027
0.48121992, 0.07282573
-0.00751261, 0.11315797, 0.03991451
-0.83040863, 0.26337475, -0.49089023
0.41578269, 0.04054922
-0.0, 0.10313495, 0.02481132
0.0, 0.83318585, -0.55293435
0.40834397, 0.06918114
-0.00751261, 0.10313495, 0.02481132
-0.51805168, 0.71266824, -0.47294533
0.40028349, 0.06390411
-0.0075126, 0.1125562, 0.04472006
-0.64885402, -0.21430098, 0.73009431
0.4148522, 0.03311819
-0.00751261, 0.13663818, 0.03991451
-0.80416274, -0.22745445, -0.54911953
0.45209131, 0.04054922
-0.0, 0.14604874, 0.03050391
0.0, -0.70708334, -0.70708334
0.46059728, 0.06114966
-0.00751261, 0.14604874, 0.03050391
-0.71535385, -0.49406415, -0.49406415
0.46664348, 0.05510145
-0.0, 0.09887858, 0.03593277
0.0, -0.54051334, 0.84130377
0.38676965, 0.03449649
-0.00751261, 0.09887858, 0.03593277
-0.74910736, -0.35804316, 0.557329
0.39370167, 0.0467065
-0.0, 0.13842143, 0.04472006
0.0, 0.37403485, 0.92739648
0.45892143, 0.02224392
-0.0075126, 0.14968018, 0.03387323
-0.69414347, 0.49940488, 0.51838738
0.47225899, 0.04989129
-0.00751261, 0.13842143, 0.04472006
-0.63179415, 0.28992584, 0.71883297
0.454849, 0.03311819
-0.01062186, 0.15679835, 0.02183798
-0.70708334, -0.70708334, 0.0
0.74554855, 0.41439271
-0.01062185, 0.21019898, 0.04138475
-0.58436841, 0.60927153, 0.53596604
0.82812488, 0.44461894
-0.01062186, 0.21019898, 0.02183798
-0.70708334, 0.70708334, 0.0
0.82812494, 0.41439271
-0.0, 0.13663818, 0.03991451
0.0, -0.38267159, -0.92385632
0.44872084, 0.0498057
-0.01062185, 0.15679835, 0.04824983
-0.57090974, -0.5422529, 0.61641288
0.74554861, 0.45523483
-0.0, 0.1125562, 0.04472006
0.0, -0.28165531, 0.95950192
0.41240302, 0.0208326
-0.00480926, 0.246906, -0.07198614
-0.38090152, -0.07077242, -0.92187262
0.28744581, 0.54156187
-0.00480926, 0.13493536, -0.07198614
-0.37846005, 0.14795373, -0.91369367
0.11429971, 0.54156187
-0.01161058, 0.246906, -0.06518482
-0.92040771, -0.07556383, -0.3834956
0.28744581, 0.55207911
-0.01161058, 0.13493536, -0.06518482
-0.91369367, 0.14795373, -0.37846005
0.11429971, 0.55207911
-0.01161058, 0.246906, -0.0555663
-0.92153692, -0.08239998, 0.37943664
0.28744581, 0.56695274
-0.02049879, 0.3083877, -0.06778094
-0.92208624, -0.07293924, -0.37995544
0.38251838, 0.54806462
-0.01161058, 0.13493536, -0.05556629
-0.91369367, 0.14795373, 0.37846005
0.11429971, 0.56695279
-0.00480926, 0.246906, -0.04876499
-0.38200018, -0.08725242, 0.92001098
0.28744581, 0.57747003
-0.00849087, 0.3083877, -0.07978886
-0.38245797, -0.0684225, -0.92141485
0.3825185, 0.5294961
-0.00480926, 0.13493536, -0.04876499
-0.37846005, 0.14795373, 0.91369367
0.11429971, 0.57747003
-0.02049879, 0.3083877, -0.05079919
-0.92025512, -0.07928709, 0.38312936
0.38251838, 0.5743244
-0.02049879, 0.36627841, -0.06778094
-0.71727651, 0.63023776, -0.29709768
0.47203806, 0.54806462
-0.00849087, 0.36627841, -0.07978886
-0.29709768, 0.63023776, -0.71727651
0.47203806, 0.5294961
-0.00849087, 0.3083877, -0.03879128
-0.38062686, -0.08371227, 0.92089599
0.3825185, 0.59289289
-0.02049879, 0.36627841, -0.05079919
-0.71727651, 0.63023776, 0.29709768
0.47203806, 0.5743244
-0.00630762, 0.12164898, -0.0756035
-0.37900937, 0.13809626, -0.91500592
0.09375417, 0.53596815
-0.01522795, 0.06731701, -0.06668318
-0.71727651, -0.63023776, -0.29709768
0.00973773, 0.54976216
-0.01522795, 0.12164898, -0.06668318
-0.91500592, 0.13809626, -0.37900937
0.09375417, 0.54976222
-0.01522795, 0.12164898, -0.05406793
-0.91500592, 0.13809626, 0.37900937
0.09375417, 0.56926987
-0.00630762, 0.12164898, -0.04514761
-0.37900937, 0.13809626, 0.91500592
0.09375417, 0.58306375
-0.01522795, 0.06731701, -0.05406793
-0.71727651, -0.63023776, 0.29709768
0.00973773, 0.56926981
-0.00630762, 0.06731701, -0.04514761
-0.29709768, -0.63023776, 0.71727651
0.00973773, 0.58306375
-0.01161058, 0.20914252, -0.09734818
-0.71727651, 0.29709768, -0.63023776
0.22361982, 0.4504081
-0.00480926, 0.21594374, -0.07198614
-0.45667899, 0.87490463, -0.16095462
0.23413706, 0.48962688
-0.00480926, 0.21594374, -0.09734818
-0.29709768, 0.71727651, -0.63023776
0.23413706, 0.4504081
-0.00480926, 0.19272254, -0.09734818
-0.29709768, -0.71727651, -0.63023776
0.19822896, 0.4504081
-0.01161058, 0.19952394, -0.07198614
-0.87490463, -0.45667899, -0.16095462
0.20874614, 0.48962688
-0.01161058, 0.19952394, -0.09734818
-0.71727651, -0.29709768, -0.63023776
0.20874614, 0.4504081
-0.01161058, 0.20914252, -0.07198614
-0.87490463, 0.4567095, -0.16095462
0.22361982, 0.48962688
-0.01161058, 0.19952394, -0.07198614
-0.87490463, -0.45667899, -0.16095462
0.22361976, 0.48962677
-0.00480926, 0.19272254, -0.07198614
-0.45667899, -0.87490463, -0.16095462
0.23413706, 0.50014406
-0.01161058, 0.19272254, -0.06518482
-0.57734919, -0.57731867, -0.57734919
0.23413706, 0.48962677
-0.01161058, 0.20914252, -0.07198614
-0.87490463, 0.4567095, -0.16095462
0.20874614, 0.48962677
-0.01161058, 0.21594374, -0.06518482
-0.57731867, 0.57734919, -0.57731867
0.19822896, 0.48962677
-0.00480926, 0.21594374, -0.07198614
-0.45667899, 0.87490463, -0.16095462
0.19822896, 0.50014406
-0.00480926, 0.16073267, -0.0299012
-0.70708334, -0.70708334, 0.0
0.15419134, 0.62238917
-0.00480926, 0.24419852, -0.04876499
-0.70708334, 0.70708334, 0.0
0.28325918, 0.59321904
-0.00480926, 0.16073267, -0.04876499
-0.70708334, -0.70708334, 0.0
0.15419134, 0.59321904
-0.00480926, 0.24419852, -0.0299012
-0.70708334, 0.70708334, 0.0
0.28325918, 0.62238917
-0.00480926, 0.19272254, -0.07198614
-0.45667899, -0.87490463, -0.16095462
0.19822896, 0.48962688
-0.00630762, 0.06731701, -0.0756035
-0.29709768, -0.63023776, -0.71727651
0.00973773, 0.53596815
-0.0, 0.06731701, -0.04514761
0.0, -0.70708334, 0.70708334
0.84537321, 0.57537794
-0.01522795, 0.06731701, -0.05406793
-0.71727651, -0.63023776, 0.29709768
0.82182544, 0.56158403
-0.00849087, 0.36627841, -0.03879128
-0.29709768, 0.63023776, 0.71727651
0.47203806, 0.59289289
-0.02049879, 0.36627841, -0.06778094
-0.71727651, 0.63023776, -0.29709768
0.89559597, 0.5402725
-0.0, 0.36627841, -0.07978886
0.0, 0.70708334, -0.70708334
0.92729443, 0.52170402
-0.00293415, 0.69719005, -0.01219569
-0.29709768, 0.63023776, 0.71727651
0.98374462, 0.76416333
-0.00708366, 0.69719005, -0.02221349
-0.71727651, 0.63023776, -0.29709768
0.916394, 0.61028188
-0.0, 0.69719005, -0.026363
0.0, 0.70708334, -0.70708334
0.9273479, 0.60386533
-0.00293415, 0.30860537, -0.026363
-0.38236642, 0.03878903, -0.92315441
0.38285512, 0.74225566
0.01296949, 0.23388831, -0.01032226
0.90450758, -0.30149236, -0.30149236
0.58820194, 0.84190214
0.01296952, 0.23388831, -0.01634518
0.57734919, -0.57734919, -0.57734919
0.588202, 0.83258855
0.0129695, 0.16153096, -0.01032227
0.90450758, 0.30149236, -0.30149236
0.47631201, 0.84190214
0.01062185, 0.23388831, -0.01032226
0.0, -0.70708334, -0.70708334
0.58820188, 0.84190214
0.01062186, 0.16153096, -0.01032227
0.0, 0.70708334, -0.70708334
0.47631195, 0.84190211
-0.01161058, 0.21594374, -0.06518482
1.0, 0.0, 0.0
0.19822896, 0.4504081
-0.01161058, 0.19952394, -0.07198614
1.0, 0.0, 0.0
0.22361976, 0.4504081
-0.01161058, 0.2091424, -0.07198614
1.0, 0.0, 0.0
0.20874614, 0.4504081
-0.0, 0.10266359, -0.0299012
0.0, -0.70708334, -0.70708334
0.06439602, 0.72288191
0.01296952, 0.16153096, -0.01634517
0.57734919, 0.57734919, -0.57734919
0.47631195, 0.83258855
0.01296952, 0.41884118, -0.01634519
0.57734919, 0.57734919, -0.57734919
0.87420505, 0.83258855
0.01296952, 0.41884118, -0.01634519
0.57734919, 0.57734919, -0.57734919
0.87420505, 0.16741139
-0.0, 0.41884118, -0.01634519
0.0, 0.70708334, -0.70708334
0.87420493, 0.81587195
0.00751261, 0.10313495, 0.02481132
0.51805168, 0.71266824, -0.47294533
0.40028349, 0.93609583
-0.0, 0.14968018, 0.03387323
0.0, 0.69380778, 0.72014529
0.4805502, 0.96050215
-0.0, 0.21019898, 0.02183798
0.0, 1.0, 0.0
0.84193444, 0.41439271
-0.0, 0.24419852, -0.0299012
0.0, 1.0, 0.0
0.290696, 0.62238917
-0.0, 0.16073267, -0.04876499
0.0, -1.0, 0.0
0.14675453, 0.59321904
-0.0, 0.19272254, -0.07198614
0.0, -1.0, 0.0
0.19822896, 0.48962688
-0.0, 0.06731701, -0.0756035
0.0, -0.70708334, -0.70708334
0.00982058, 0.52602997
0.00630762, 0.06731701, -0.0756035
0.29709768, -0.63023776, -0.71727651
0.83561939, 0.52828231
0.00630762, 0.06731701, -0.04514761
0.29709768, -0.63023776, 0.71727651
0.83561939, 0.57537794
-0.0, 0.36627841, -0.03879128
0.0, 0.70708334, 0.70708334
0.47197971, 0.60622162
0.00849087, 0.36627841, -0.07978886
0.29709768, 0.63023776, -0.71727651
0.91416448, 0.52170402
0.00849087, 0.36627841, -0.03879128
0.29709768, 0.63023776, 0.71727651
0.91416448, 0.58510077
-0.0, 0.69719005, -0.01219569
0.0, 0.70708334, 0.70711386
0.9837178, 0.76818733
0.00293415, 0.69719005, -0.026363
0.29709768, 0.63023776, -0.71727651
0.92281055, 0.60386533
0.00293415, 0.69719005, -0.01219569
0.29709768, 0.63023776, 0.71727651
0.92281055, 0.62577304
-0.01062186, 0.25890398, -0.0299012
-0.57734919, 0.57734919, -0.57734919
0.30599907, 0.73678434
-0.0, 0.10266359, -0.0299012
0.0, -0.70708334, -0.70708334
0.06439602, 0.27711803
-0.0, 0.03383653, 0.04094759
0.0, 0.83202612, -0.55467391
0.29574472, 0.09008485
-0.0, 0.11315797, 0.03991451
0.0, 0.47276223, -0.88116091
0.42107621, 0.04973286
-0.0, 0.14968018, 0.03387323
0.0, 0.69380778, 0.72014529
0.4805502, 0.03949779
-0.01522795, 0.06731701, -0.06668318
-0.71727651, -0.63023776, -0.29709768
0.82182544, 0.54207632
-0.00630762, 0.06731701, -0.0756035
-0.29709768, -0.63023776, -0.71727651
0.83561939, 0.52828231
-0.00630762, 0.06731701, -0.04514761
-0.29709768, -0.63023776, 0.71727651
0.83561939, 0.57537794
-0.00849087, 0.36627841, -0.07978886
-0.29709768, 0.63023776, -0.71727651
0.91416448, 0.52170402
-0.02049879, 0.36627841, -0.05079919
-0.71727651, 0.63023776, 0.29709768
0.89559597, 0.56653231
-0.00849087, 0.36627841, -0.03879128
-0.29709768, 0.63023776, 0.71727651
0.91416448, 0.58510077
-0.00293415, 0.69719005, -0.026363
-0.29709768, 0.63023776, -0.71727651
0.92281055, 0.60386533
-0.00708366, 0.69719005, -0.01634519
-0.71727651, 0.63023776, 0.29709768
0.916394, 0.61935639
-0.00293415, 0.69719005, -0.01219569
-0.29709768, 0.63023776, 0.71727651
0.92281055, 0.62577304
-0.01161058, 0.19272254, -0.06518482
1.0, 0.0, 0.0
0.23413706, 0.4504081
# Number of Faces:
602
# Face Data:
0, 1, 2
3, 4, 0
5, 1, 4
6, 5, 3
7, 8, 9
10, 11, 12
13, 14, 7
13, 15, 16
16, 17, 13
18, 9, 19
20, 17, 11
14, 21, 8
22, 14, 17
9, 23, 19
24, 13, 7
9, 24, 7
25, 15, 26
27, 24, 28
29, 28, 18
30, 26, 24
31, 32, 25
33, 30, 27
29, 33, 27
34, 25, 30
35, 36, 37
38, 31, 34
39, 40, 41
42, 43, 31
44, 34, 33
45, 33, 46
47, 48, 49
50, 51, 52
52, 53, 48
50, 54, 55
56, 57, 58
51, 59, 52
60, 61, 50
62, 63, 56
64, 65, 51
66, 67, 60
68, 69, 62
64, 70, 71
72, 73, 74
75, 76, 66
77, 78, 68
79, 70, 80
81, 82, 83
84, 85, 86
87, 88, 77
49, 89, 79
90, 91, 92
74, 93, 84
94, 95, 87
47, 90, 96
48, 97, 49
55, 98, 94
58, 99, 47
100, 101, 102
103, 104, 75
86, 105, 106
106, 107, 100
102, 108, 103
109, 110, 111
112, 113, 114
112, 115, 116
114, 117, 118
119, 120, 113
121, 122, 123
109, 124, 112
123, 125, 121
113, 126, 114
122, 127, 123
128, 129, 122
130, 131, 132
133, 134, 131
135, 136, 133
137, 135, 133
138, 139, 135
140, 133, 131
141, 142, 143
144, 138, 135
131, 145, 132
146, 144, 137
147, 137, 140
148, 149, 144
150, 140, 130
151, 152, 153
154, 136, 139
136, 152, 134
155, 139, 142
156, 155, 141
157, 153, 154
158, 154, 155
159, 160, 161
162, 161, 163
164, 165, 36
166, 167, 168
169, 168, 160
170, 40, 171
172, 165, 164
173, 174, 165
175, 164, 176
177, 171, 39
178, 37, 41
179, 176, 36
180, 41, 40
172, 175, 181
173, 182, 183
35, 178, 184
180, 170, 185
185, 178, 180
186, 187, 188
187, 189, 190
187, 191, 188
186, 189, 192
188, 193, 186
194, 195, 196
197, 198, 194
199, 196, 195
200, 201, 167
163, 160, 168
202, 203, 152
204, 205, 206
134, 203, 145
207, 208, 149
209, 210, 211
138, 208, 212
212, 142, 138
183, 39, 174
213, 214, 43
215, 216, 217
43, 218, 32
32, 219, 15
22, 220, 221
222, 11, 16
8, 220, 23
16, 219, 222
1, 223, 2
224, 225, 226
227, 228, 224
228, 229, 225
230, 231, 232
233, 10, 12
231, 234, 232
234, 235, 236
237, 238, 234
230, 18, 19
237, 239, 233
231, 240, 241
231, 242, 237
23, 230, 19
234, 243, 232
230, 243, 244
235, 245, 236
243, 246, 244
244, 29, 18
236, 247, 243
248, 249, 245
247, 250, 246
29, 250, 46
245, 251, 247
249, 252, 251
253, 254, 249
251, 255, 250
250, 45, 46
256, 257, 258
259, 260, 261
262, 263, 264
265, 261, 260
266, 267, 268
269, 259, 263
270, 258, 261
271, 272, 267
273, 274, 259
275, 256, 258
276, 277, 272
274, 278, 279
280, 281, 282
283, 284, 256
285, 286, 277
278, 287, 279
288, 289, 290
291, 292, 293
294, 295, 286
296, 297, 287
82, 257, 298
299, 282, 292
300, 301, 295
302, 303, 257
304, 264, 297
305, 260, 301
306, 268, 303
307, 308, 309
310, 311, 284
312, 293, 313
314, 313, 308
315, 309, 311
316, 317, 318
319, 320, 316
321, 320, 322
323, 319, 324
325, 326, 327
328, 329, 330
331, 316, 320
125, 332, 328
333, 327, 319
127, 329, 332
129, 330, 329
334, 130, 132
335, 336, 334
337, 338, 336
338, 339, 336
340, 341, 338
336, 342, 334
343, 141, 143
341, 344, 338
145, 334, 132
344, 345, 339
339, 346, 342
347, 348, 344
342, 150, 130
349, 350, 351
337, 352, 340
337, 349, 351
340, 353, 343
353, 156, 141
351, 354, 352
352, 355, 353
356, 357, 358
358, 162, 163
359, 360, 361
361, 362, 356
363, 364, 365
366, 367, 368
369, 370, 371
372, 197, 370
371, 199, 369
201, 373, 359
361, 163, 201
203, 374, 349
205, 375, 376
335, 203, 349
208, 377, 347
378, 209, 379
341, 208, 347
343, 212, 341
214, 380, 253
381, 215, 382
218, 253, 248
219, 248, 235
220, 10, 242
233, 222, 238
383, 220, 240
238, 219, 235
384, 91, 385
386, 387, 384
386, 92, 388
389, 390, 391
0, 4, 1
3, 5, 4
5, 392, 1
6, 392, 5
7, 14, 8
10, 20, 11
13, 17, 14
13, 26, 15
16, 11, 17
18, 28, 9
20, 22, 17
14, 221, 21
22, 221, 14
9, 8, 23
24, 26, 13
9, 28, 24
25, 32, 15
27, 30, 24
29, 27, 28
30, 25, 26
31, 43, 32
33, 34, 30
29, 46, 33
34, 31, 25
35, 179, 36
38, 42, 31
41, 37, 36
36, 39, 41
171, 40, 39
42, 213, 43
44, 38, 34
45, 44, 33
77, 68, 87
62, 56, 87
47, 96, 60
96, 393, 386
384, 385, 74
96, 386, 66
385, 394, 74
74, 84, 384
394, 72, 74
386, 102, 66
84, 86, 384
86, 106, 384
58, 47, 49
87, 68, 62
64, 55, 94
94, 56, 58
56, 94, 87
64, 94, 80
80, 94, 58
102, 103, 75
102, 75, 66
100, 102, 386
60, 48, 47
106, 386, 384
66, 60, 96
79, 80, 58
100, 386, 106
49, 79, 58
48, 60, 52
50, 55, 51
55, 64, 51
52, 60, 50
52, 59, 53
50, 61, 54
56, 63, 57
51, 65, 59
60, 67, 61
62, 69, 63
64, 71, 65
66, 76, 67
68, 78, 69
64, 80, 70
72, 288, 73
75, 104, 76
77, 88, 78
79, 89, 70
81, 395, 82
84, 93, 85
87, 95, 88
49, 97, 89
92, 393, 96
90, 396, 91
394, 385, 91
92, 96, 90
396, 394, 91
74, 73, 93
94, 98, 95
47, 99, 90
48, 53, 97
55, 54, 98
58, 57, 99
100, 107, 101
103, 108, 104
86, 85, 105
106, 105, 107
102, 101, 108
109, 397, 110
114, 118, 109
118, 397, 109
116, 119, 112
114, 109, 112
112, 119, 113
112, 124, 115
114, 126, 117
119, 398, 120
121, 128, 122
109, 111, 124
123, 127, 125
113, 120, 126
122, 129, 127
128, 399, 129
130, 140, 131
133, 136, 134
135, 139, 136
137, 144, 135
138, 142, 139
140, 137, 133
141, 155, 142
144, 149, 138
131, 134, 145
146, 148, 144
147, 146, 137
148, 207, 149
150, 147, 140
151, 202, 152
154, 153, 136
136, 153, 152
155, 154, 139
156, 158, 155
157, 151, 153
158, 157, 154
159, 169, 160
162, 159, 161
39, 36, 165
176, 164, 36
165, 174, 39
166, 200, 167
169, 166, 168
170, 180, 40
172, 173, 165
173, 183, 174
175, 172, 164
177, 170, 171
178, 35, 37
179, 175, 176
180, 178, 41
185, 184, 178
186, 192, 187
187, 192, 189
187, 190, 191
186, 193, 189
188, 191, 193
194, 198, 195
197, 400, 198
199, 401, 196
200, 402, 201
168, 167, 201
201, 163, 168
161, 160, 163
202, 403, 203
404, 206, 205
204, 405, 375
375, 205, 204
134, 152, 203
207, 406, 208
211, 407, 379
379, 209, 211
408, 210, 209
138, 149, 208
212, 143, 142
183, 177, 39
213, 409, 214
217, 410, 382
382, 215, 217
411, 216, 215
43, 214, 218
32, 218, 219
21, 221, 220
22, 20, 10
10, 220, 22
222, 12, 11
8, 21, 220
16, 15, 219
1, 412, 223
224, 228, 225
227, 413, 228
228, 413, 229
230, 383, 231
233, 239, 10
231, 237, 234
234, 238, 235
237, 233, 238
230, 244, 18
237, 242, 239
231, 383, 240
231, 241, 242
23, 383, 230
234, 236, 243
230, 232, 243
235, 248, 245
243, 247, 246
244, 246, 29
236, 245, 247
248, 253, 249
247, 251, 250
29, 246, 250
245, 249, 251
249, 254, 252
253, 380, 254
251, 252, 255
250, 255, 45
272, 277, 295
277, 286, 295
268, 267, 301
298, 257, 282
267, 272, 295
281, 298, 282
303, 268, 297
301, 260, 274
282, 257, 292
293, 292, 313
313, 292, 257
295, 301, 267
301, 274, 279
313, 257, 308
308, 257, 256
301, 279, 268
297, 264, 303
268, 279, 287
264, 258, 303
268, 287, 297
309, 308, 256
284, 311, 309
303, 258, 257
256, 284, 309
261, 258, 263
258, 264, 263
274, 260, 259
261, 263, 259
262, 269, 263
265, 270, 261
266, 271, 267
269, 273, 259
270, 275, 258
271, 276, 272
273, 414, 274
275, 283, 256
276, 285, 277
274, 414, 278
280, 83, 281
283, 310, 284
285, 294, 286
278, 296, 287
288, 396, 289
291, 299, 292
294, 300, 295
296, 304, 297
82, 302, 257
299, 280, 282
300, 305, 301
302, 306, 303
304, 262, 264
305, 265, 260
306, 266, 268
307, 314, 308
310, 315, 311
312, 291, 293
314, 312, 313
315, 307, 309
316, 415, 317
318, 324, 316
327, 326, 320
326, 322, 320
316, 324, 319
327, 320, 319
321, 331, 320
323, 333, 319
325, 416, 326
328, 332, 329
331, 415, 316
125, 127, 332
333, 325, 327
127, 129, 329
129, 399, 330
334, 342, 130
335, 337, 336
337, 340, 338
338, 344, 339
340, 343, 341
336, 339, 342
343, 353, 141
341, 347, 344
145, 335, 334
344, 348, 345
339, 345, 346
347, 377, 348
342, 346, 150
349, 374, 350
337, 351, 352
337, 335, 349
340, 352, 353
353, 355, 156
351, 350, 354
352, 354, 355
356, 362, 357
358, 357, 162
359, 373, 360
361, 360, 362
369, 372, 370
372, 400, 197
371, 401, 199
201, 402, 373
201, 359, 361
361, 356, 163
358, 163, 356
203, 403, 374
376, 417, 205
418, 205, 417
375, 419, 376
335, 145, 203
208, 406, 377
379, 420, 378
378, 421, 209
422, 209, 421
341, 212, 208
343, 143, 212
214, 409, 380
382, 423, 381
381, 424, 215
425, 215, 424
218, 214, 253
219, 218, 248
242, 241, 220
240, 220, 241
10, 239, 242
233, 12, 222
383, 23, 220
238, 222, 219
384, 387, 91
386, 388, 387
386, 393, 92
389, 426, 390
