# Project Zomboid Skinned Mesh
# File Version:
1.0
# Model Name:
Cube
# Vertex Stride Element Count:
3
# Vertex Stride Size (in bytes):
76
# Vertex Stride Data:
# (Int)    Offset
# (String) Type
0
VertexArray
12
NormalArray
24
TextureCoordArray
# Vertex Count:
199
# Vertex Buffer:
0.01397022, 0.18641697, 0.0098071
0.60158086, 0.66658527, 0.44013795
0.70211238, 0.74123901
0.0, 0.18641697, -0.02868246
0.0, 0.70708334, -0.70708334
0.70211244, 0.65091079
0.0, 0.18641697, 0.0098071
0.0, 0.83446759, 0.55101168
0.70211238, 0.75687158
0.01397022, 0.14911883, 0.02573645
0.67021698, 0.16922514, 0.72258675
0.64057255, 0.76752168
0.01397022, 0.09594463, 0.00208884
0.74779505, -0.33845028, -0.57112336
0.55283791, 0.72850448
0.01397022, 0.13193788, -0.02868246
0.63679922, -0.26700643, -0.72325814
0.61222482, 0.6777333
0.0, 0.10203408, 0.02839946
0.0, 0.23368023, 0.9722892
0.56325424, 0.79767185
0.0, 0.14911883, 0.02573645
0.0, 0.2280343, 0.97363198
0.64057255, 0.79485565
0.0, 0.13193788, -0.02868246
0.0, -0.34632406, -0.93807793
0.61222482, 0.65091079
0.01397022, 0.18641697, -0.02868246
0.57734919, 0.57734919, -0.57734919
0.70211238, 0.6777333
0.00763429, 0.18641697, -0.00282893
0.92385632, 0.0, -0.38267159
0.11415887, 0.21913266
0.00763429, 0.42815441, 0.00349551
0.71727651, 0.63023776, 0.29709768
0.50762463, 0.22956753
0.00763429, 0.18641697, 0.00349551
0.92385632, 0.0, 0.38267159
0.11415887, 0.22956753
0.00316222, 0.18641697, 0.0079676
0.38267159, 0.0, 0.92385632
0.11418998, 0.24169469
0.0, 0.42815441, 0.0079676
0.0, 0.70708334, 0.70708334
0.50762463, 0.24907339
0.0, 0.18641697, 0.0079676
0.0, 0.0, 1.0
0.1142031, 0.24907339
0.00763428, 0.42815441, -0.00282893
0.71727651, 0.63023776, -0.29709768
0.50762463, 0.21913266
0.00804677, 0.10221611, 0.05087442
0.78279978, 0.19019136, 0.5924558
0.56318539, 0.85164565
0.00804677, 0.06905012, 0.0746161
0.58580279, -0.07089449, 0.80730611
0.50846338, 0.89081824
0.0080467, 0.06980531, 0.06938296
0.88592184, 0.03573718, -0.46238592
0.50970936, 0.88218379
0.0, 0.18641697, -0.00730101
0.0, 0.0, -1.0
0.11425155, 0.19860232
0.00316222, 0.42815441, -0.00730101
0.29709768, 0.63023776, -0.71727651
0.50762463, 0.20679659
0.00316222, 0.18641697, -0.00730101
0.38267159, 0.0, -0.92385632
0.11418426, 0.20695472
0.00316222, 0.42815441, 0.0079676
0.29709768, 0.63023776, 0.71727651
0.50762463, 0.24185151
0.0, 0.04201083, 0.06667762
0.0, 0.02920621, 0.99954224
0.3182652, 0.92746603
0.01397022, 0.02660595, 0.05414227
0.59495836, -0.77800834, 0.20175786
0.29139501, 0.88430566
0.01397022, 0.04201083, 0.06667762
0.58540606, 0.02368236, 0.81035799
0.31681231, 0.90498841
0.01397022, 0.03873651, 0.02379469
0.62678915, -0.54606771, -0.55580312
0.31140977, 0.83423376
0.01397022, 0.06688161, 0.0438987
0.74553668, 0.36432996, 0.55803096
0.35784757, 0.86740434
0.0, 0.06688161, 0.0438987
0.0, 0.54667807, 0.83733636
0.37032971, 0.88946694
0.01397022, 0.10203408, 0.02839946
0.74953461, 0.15466781, 0.64360487
0.41584748, 0.84183139
0.0, 0.10203408, 0.02839946
0.0, 0.23368023, 0.9722892
0.42583054, 0.86201364
0.0, 0.09594463, 0.00208884
0.0, -0.5098117, -0.86025572
0.39762333, 0.77686936
0.01397022, 0.09594463, 0.00208884
0.74779505, -0.33845028, -0.57112336
0.40580019, 0.79842037
0.00804662, 0.10491945, 0.04622527
0.87664419, 0.2991119, -0.37681204
0.56764585, 0.84397477
0.00804662, 0.09925587, 0.04786141
0.86840421, -0.47349468, -0.14712973
0.55830115, 0.84667432
0.00804662, 0.09497677, 0.0356533
0.91567737, -0.15634632, 0.37022004
0.55124098, 0.82653153
0.0080467, 0.0705605, 0.04698038
0.74059266, 0.36671042, 0.56300545
0.51095533, 0.84522069
0.0, 0.05822642, 0.05780412
0.0, 0.99945068, 0.03253273
0.50483125, 0.86159098
0.00804685, 0.05822642, 0.05780412
0.91204566, 0.40980256, 0.01333659
0.49060482, 0.86307925
0.00804677, 0.12523277, 0.05087442
0.60676903, 0.41273233, 0.679281
0.60116172, 0.85164565
0.0, 0.13828163, 0.02573645
0.0, 0.88753927, 0.46070743
0.63505709, 0.81782615
0.0, 0.12523277, 0.05087442
0.0, 0.51924193, 0.85460985
0.60810661, 0.86134988
0.0, 0.10221611, 0.05087442
0.0, 0.30564287, 0.95211643
0.56814218, 0.8669098
0.0, 0.0705605, 0.04698038
0.0, 0.54576248, 0.8379162
0.51927269, 0.84964067
0.0, 0.06980531, 0.06938296
0.0, 0.07705924, -0.99700916
0.51606536, 0.86892807
0.0, 0.09925587, 0.04786141
0.0, -0.95492417, -0.29673147
0.54200178, 0.85183418
0.0, 0.06905012, 0.0746161
0.0, -0.08749656, 0.99615467
0.50804508, 0.90452349
0.0, 0.05292033, 0.05812379
0.0, -0.71489608, 0.69917905
0.46975958, 0.87794632
0.00804677, 0.05292033, 0.05812379
0.69930112, -0.51103246, 0.49977112
0.48185, 0.86360675
0.0, 0.10189898, 0.03326195
0.0, 0.93508714, 0.35435042
0.57378733, 0.82477468
0.0, 0.10491945, 0.04622527
0.0, 0.62169254, -0.78322703
0.57660705, 0.83458328
0.0, 0.12253992, 0.04622527
0.0, -0.5238502, -0.85177159
0.59141481, 0.83475596
0.00804677, 0.12253992, 0.04622527
0.84588152, -0.27939695, -0.45426801
0.59671849, 0.84397477
0.0, 0.13289653, 0.02573645
0.0, -0.89245278, -0.45109409
0.60524148, 0.80636281
0.0080468, 0.13289653, 0.02573645
0.79213846, -0.54466385, -0.27530748
0.61380649, 0.81016934
0.0, 0.09497677, 0.0356533
0.0, -0.38908046, 0.92117071
0.54454845, 0.83848429
0.01126236, 0.36572367, -0.00016512
0.63142794, 0.30179754, 0.71428573
0.81197399, 0.95327294
0.01126245, 0.18641697, -0.02079477
0.70708334, 0.0, -0.70708334
0.51612747, 0.91923511
0.01126236, 0.36572367, -0.02079477
0.63023776, 0.29709768, -0.71727651
0.81197399, 0.91923511
0.0080467, 0.10189898, 0.03326195
0.8562578, 0.48301646, 0.18305002
0.56266207, 0.822586
0.0, 0.11249824, 0.02573645
0.0, 0.57890558, 0.81536299
0.58382881, 0.81592774
0.01126244, 0.37195337, -0.00639478
0.63023776, 0.71727651, 0.29709768
0.82225257, 0.9429943
0.00499891, 0.36572367, -0.00016512
0.0, 0.44123662, 0.89736623
0.81642383, 0.9631173
0.00499891, 0.36572367, -0.02079477
0.0, 0.43592638, -0.89996034
0.81639069, 0.90925348
0.01126244, 0.37195337, -0.01456511
0.63023776, 0.71727651, -0.29709768
0.82225257, 0.92951375
0.0, 0.37195337, -0.00639478
0.0, 1.0, 0.0
0.84083498, 0.9429943
0.00499899, 0.18641697, 0.00237211
0.0, 0.01413007, 0.99987793
0.51633394, 0.96933246
0.01126245, 0.18641697, 0.00237211
0.70387888, 0.01004059, 0.71022677
0.51612747, 0.95745927
0.0, 0.37195337, -0.01456511
0.0, 0.70708334, -0.70708334
0.83591777, 0.91230488
0.0, 0.03873651, 0.02379469
0.0, -0.82799768, 0.56071657
0.47268644, 0.90738732
0.01397022, 0.03873651, 0.02379469
0.62678915, -0.54606771, -0.55580312
0.49286771, 0.90738732
0.01397022, 0.02660595, 0.05414227
0.59495836, -0.77800834, 0.20175786
0.49286771, 0.95745927
0.0, 0.18641697, -0.02690582
0.0, 0.0, -1.0
0.11419141, 0.13550496
0.0034996, 0.46166843, -0.02690582
0.29709768, 0.63023776, -0.71727651
0.56830919, 0.14343327
0.0034996, 0.18641697, -0.02690582
0.38267159, 0.0, -0.92385632
0.11415887, 0.14343166
0.00844877, 0.46166843, -0.02195669
0.71727651, 0.63023776, -0.29709768
0.56830913, 0.15498155
0.00844877, 0.18641697, -0.02195669
0.92385632, 0.0, -0.38267159
0.11415887, 0.15498155
0.00844877, 0.46166843, -0.0149575
0.71727651, 0.63023776, 0.29709768
0.56830913, 0.16652995
0.00844877, 0.18641697, -0.0149575
0.92385632, 0.0, 0.38267159
0.11415887, 0.16652995
0.0034996, 0.46166843, -0.01000828
0.29709768, 0.63023776, 0.71727651
0.56830907, 0.17807823
0.0034996, 0.18641697, -0.01000828
0.38267159, 0.0, 0.92385632
0.11415893, 0.17807984
0.0, 0.46166843, -0.01000828
0.0, 0.70708334, 0.70708334
0.5682767, 0.18600488
0.0, 0.18641697, -0.01000828
0.0, 0.0, 1.0
0.1141265, 0.18600655
0.0, 0.46166843, -0.01000828
0.0, 0.70708334, 0.70708334
0.70420909, 0.0862844
0.00844877, 0.46166843, -0.0149575
0.71727651, 0.63023776, 0.29709768
0.69026911, 0.07811868
0.00844877, 0.46166843, -0.02195669
0.71727651, 0.63023776, -0.29709768
0.69026911, 0.06657022
-0.01397022, 0.18641697, 0.0098071
-0.60158086, 0.66658527, 0.44013795
0.70211238, 0.56058249
0.0, 0.18641697, 0.0098071
0.0, 0.83446759, 0.55101168
0.70211238, 0.54495001
-0.01397022, 0.14911883, 0.02573645
-0.67021698, 0.16922514, 0.72258675
0.64057255, 0.53429982
-0.01397022, 0.09594463, 0.00208884
-0.74779505, -0.33845028, -0.57112336
0.55283791, 0.57331708
-0.01397022, 0.10203408, 0.02839946
-0.74953461, 0.15466781, 0.64360487
0.56288517, 0.52990609
0.0, 0.10203408, 0.02839946
0.0, 0.23368023, 0.9722892
0.56325424, 0.50414971
0.0, 0.14911883, 0.02573645
0.0, 0.2280343, 0.97363198
0.64843094, 0.50696588
-0.01397022, 0.13193788, -0.02868246
-0.63679922, -0.26700643, -0.72325814
0.61222482, 0.62408823
-0.01397022, 0.18641697, -0.02868246
-0.57734919, 0.57734919, -0.57734919
0.70211238, 0.62408823
-0.00763429, 0.42815441, 0.00349551
-0.71727651, 0.63023776, 0.29709768
0.50762463, 0.22945869
-0.00763429, 0.18641697, -0.00282893
-0.92385632, 0.0, -0.38267159
0.11415887, 0.21902382
-0.00763429, 0.18641697, 0.00349551
-0.92385632, 0.0, 0.38267159
0.11415887, 0.22945869
-0.00316222, 0.18641697, 0.0079676
-0.38267159, 0.0, 0.92385632
0.11418998, 0.24169469
0.0, 0.42815441, -0.00730101
0.0, 0.70708334, -0.70708334
0.50762463, 0.19841886
-0.00763428, 0.42815441, -0.00282893
-0.71727651, 0.63023776, -0.29709768
0.50762463, 0.21902382
-0.0080467, 0.06980531, 0.06938296
-0.88592184, 0.03573718, -0.46238592
0.50970936, 0.41486013
-0.00804677, 0.06905012, 0.0746161
-0.58580279, -0.07089449, 0.80730611
0.50846338, 0.40622574
-0.00804677, 0.10221611, 0.05087442
-0.78279978, 0.19019136, 0.5924558
0.56318539, 0.44539827
-0.00316222, 0.42815441, -0.00730101
-0.29709768, 0.63023776, -0.71727651
0.50762463, 0.20679659
0.0, 0.18641697, -0.00730101
0.0, 0.0, -1.0
0.11423248, 0.19841886
-0.00316222, 0.18641697, -0.00730101
-0.38267159, 0.0, -0.92385632
0.1141665, 0.20679659
-0.00316222, 0.42815441, 0.0079676
-0.29709768, 0.63023776, 0.71727651
0.50762463, 0.24185151
-0.01397022, 0.02660595, 0.05414227
-0.59495836, -0.77800834, 0.20175786
0.29139501, 0.41751587
0.0, 0.04201083, 0.06667762
0.0, 0.02920621, 0.99954224
0.3182652, 0.37435549
-0.01397022, 0.04201083, 0.06667762
-0.58540606, 0.02368236, 0.81035799
0.31681231, 0.39683324
-0.01397022, 0.03873651, 0.02379469
-0.62678915, -0.54606771, -0.55580312
0.31140977, 0.46758777
-0.01397022, 0.06688161, 0.0438987
-0.74553668, 0.36432996, 0.55803096
0.35784757, 0.43441725
0.0, 0.06688161, 0.0438987
0.0, 0.54667807, 0.83733636
0.37032971, 0.41235471
-0.01397022, 0.10203408, 0.02839946
-0.74953461, 0.15466781, 0.64360487
0.41584748, 0.4599902
0.0, 0.10203408, 0.02839946
0.0, 0.23368023, 0.9722892
0.42583054, 0.43980795
0.0, 0.09594463, 0.00208884
0.0, -0.5098117, -0.86025572
0.39762336, 0.5249522
-0.01397022, 0.09594463, 0.00208884
-0.74779505, -0.33845028, -0.57112336
0.40580019, 0.50340122
-0.00804662, 0.09497677, 0.0356533
-0.91567737, -0.15634632, 0.37022004
0.55124098, 0.47051233
-0.00804662, 0.09925587, 0.04786141
-0.86840421, -0.47349468, -0.14712973
0.55830115, 0.45036954
-0.00804662, 0.10491945, 0.04622527
-0.87664419, 0.2991119, -0.37681204
0.56764585, 0.45306909
0.0, 0.05822642, 0.05780412
0.0, 0.99945068, 0.03253273
0.50483125, 0.43545294
-0.0080467, 0.0705605, 0.04698038
-0.74059266, 0.36671042, 0.56300545
0.51095533, 0.45182323
-0.00804685, 0.05822642, 0.05780412
-0.91204566, 0.40980256, 0.01333659
0.49060482, 0.43396461
-0.00804677, 0.12523277, 0.05087442
-0.60676903, 0.41273233, 0.679281
0.60116172, 0.44539827
0.0, 0.13828163, 0.02573645
0.0, 0.88753927, 0.46070743
0.63505703, 0.47921771
-0.0080468, 0.13828163, 0.02573645
-0.57078767, 0.72872096, 0.37827691
0.62269157, 0.48687458
0.0, 0.10221611, 0.05087442
0.0, 0.30564287, 0.95211643
0.56814218, 0.43013406
0.0, 0.0705605, 0.04698038
0.0, 0.54576248, 0.8379162
0.51927269, 0.44740325
0.0, 0.06980531, 0.06938296
0.0, 0.07705924, -0.99700916
0.51606548, 0.42811579
0.0, 0.06905012, 0.0746161
0.0, -0.08749656, 0.99615467
0.50804508, 0.39252043
0.0, 0.05292033, 0.05812379
0.0, -0.71489608, 0.69917905
0.46975958, 0.41909754
-0.00804677, 0.05292033, 0.05812379
-0.69930112, -0.51103246, 0.49977112
0.48185, 0.43343723
0.0, 0.10189898, 0.03326195
0.0, 0.93508714, 0.35435042
0.57378733, 0.47226924
-0.0080467, 0.10189898, 0.03326195
-0.8562578, 0.48301646, 0.18305002
0.56266207, 0.47445792
0.0, 0.12253992, 0.04622527
0.0, -0.5238502, -0.85177159
0.59141481, 0.46228796
-0.00804677, 0.12253992, 0.04622527
-0.84588152, -0.27939695, -0.45426801
0.59671849, 0.45306909
0.0, 0.13289653, 0.02573645
0.0, -0.89245278, -0.45109409
0.60524148, 0.49068111
-0.0080468, 0.13289653, 0.02573645
-0.79213846, -0.54466385, -0.27530748
0.61380649, 0.48687458
0.0, 0.09925587, 0.04786141
0.0, -0.95492417, -0.29673147
0.54200178, 0.44520968
-0.01126236, 0.36572367, -0.02079477
-0.63023776, 0.29709768, -0.71727651
0.81197399, 0.91923511
-0.01126236, 0.36572367, -0.00016512
-0.63142794, 0.30179754, 0.71428573
0.81197399, 0.95327294
-0.01126244, 0.37195337, -0.00639478
-0.63023776, 0.71727651, 0.29709768
0.82225257, 0.9429943
0.0, 0.11249824, 0.02573645
0.0, 0.57890558, 0.81536299
0.58382881, 0.48111624
-0.0080468, 0.11249824, 0.02573645
-0.36579487, 0.53877378, 0.75884277
0.58015043, 0.48687458
-0.00499891, 0.36572367, -0.00016512
0.0, 0.44123662, 0.89736623
0.81644267, 0.96309429
-0.00499899, 0.18641697, -0.02079477
0.0, 0.0, -1.0
0.51614428, 0.90874779
-0.01126245, 0.18641697, -0.02079477
-0.70708334, 0.0, -0.70708334
0.51612747, 0.91923511
-0.01126244, 0.37195337, -0.01456511
-0.63023776, 0.71727651, -0.29709768
0.82225257, 0.92951375
-0.00499899, 0.18641697, 0.00237211
0.0, 0.01413007, 0.99987793
0.51633048, 0.96933055
-0.01126245, 0.18641697, 0.00237211
-0.70387888, 0.01004059, 0.71022677
0.51612747, 0.95745927
-0.00499891, 0.36572367, -0.02079477
0.0, 0.43592638, -0.89996034
0.81636864, 0.90922737
-0.01397022, 0.02660595, 0.05414227
-0.59495836, -0.77800834, 0.20175786
0.45250517, 0.95745927
-0.01397022, 0.03873651, 0.02379469
-0.62678915, -0.54606771, -0.55580312
0.45250517, 0.90738732
-0.0034996, 0.46166843, -0.02690582
-0.29709768, 0.63023776, -0.71727651
0.56830907, 0.14343166
-0.0034996, 0.18641697, -0.02690582
-0.38267159, 0.0, -0.92385632
0.11415893, 0.14343327
-0.00844877, 0.46166843, -0.02195669
-0.71727651, 0.63023776, -0.29709768
0.56830913, 0.15498155
-0.00844877, 0.18641697, -0.02195669
-0.92385632, 0.0, -0.38267159
0.11415887, 0.15498155
-0.00844877, 0.46166843, -0.0149575
-0.71727651, 0.63023776, 0.29709768
0.56830913, 0.16652995
-0.00844877, 0.18641697, -0.0149575
-0.92385632, 0.0, 0.38267159
0.11415887, 0.16652995
-0.0034996, 0.46166843, -0.01000828
-0.29709768, 0.63023776, 0.71727651
0.56830913, 0.17807984
-0.0034996, 0.18641697, -0.01000828
-0.38267159, 0.0, 0.92385632
0.11415881, 0.17807823
-0.00844877, 0.46166843, -0.02195669
-0.71727651, 0.63023776, -0.29709768
0.71814907, 0.06657022
0.0, 0.46166843, -0.02690582
0.0, 0.70708334, -0.70708334
0.70420909, 0.05840439
0.00844877, 0.43451375, -0.0149575
0.74169135, 0.64278084, 0.19150364
0.52422619, 0.18383783
0.00312322, 0.42815441, 0.00566643
0.63191628, -0.75765252, 0.16315195
0.50762463, 0.23601604
0.00844877, 0.42815441, -0.0149575
0.74169135, -0.64278084, 0.19150364
0.50762463, 0.18383783
-0.00844877, 0.43451375, -0.0149575
-0.74169135, 0.64278084, 0.19150364
0.52422619, 0.18383783
0.00312322, 0.43451375, 0.00566643
0.63191628, 0.75765252, 0.16315195
0.52422619, 0.23601604
-0.00844877, 0.42815441, -0.0149575
-0.74169135, -0.64278084, 0.19150364
0.50762463, 0.18383783
-0.00312322, 0.42815441, 0.00566643
-0.63191628, -0.75765252, 0.16315195
0.50762463, 0.23601604
-0.00312322, 0.43451375, 0.00566643
-0.63191628, 0.75765252, 0.16315195
0.52422619, 0.23601604
0.01397022, 0.10203408, 0.02839946
0.74953461, 0.15466781, 0.64360487
0.56288517, 0.7719155
0.0, 0.09594463, 0.00208884
0.0, -0.5098117, -0.86025572
0.55283791, 0.70004359
0.0, 0.02660595, 0.05414227
0.0, -0.33491012, 0.94222844
0.29139504, 0.91123658
0.0, 0.03873651, 0.02379469
0.0, -0.98358107, 0.18030335
0.31140977, 0.81268275
0.00804677, 0.06760027, 0.04471245
1.0, 0.0, 0.0
0.50607121, 0.84147865
0.0080468, 0.10964666, 0.02573645
1.0, 0.0, 0.0
0.57544547, 0.81016934
0.0080468, 0.11249824, 0.02573645
0.36579487, 0.53877378, 0.75884277
0.58015043, 0.81016934
0.0080468, 0.13828163, 0.02573645
0.57078767, 0.72872096, 0.37827691
0.62269157, 0.81016934
0.0, 0.37195337, -0.00639478
0.0, 0.70708334, 0.70708334
0.83582121, 0.96009219
0.00499899, 0.18641697, -0.02079477
0.0, 0.0, -1.0
0.51614517, 0.90874732
0.0, 0.37195337, -0.01456511
0.0, 1.0, 0.0
0.84083498, 0.92951375
0.0, 0.02660595, 0.05414227
0.0, -0.33491012, 0.94222844
0.47268644, 0.95745927
0.0, 0.46166843, -0.02690582
0.0, 0.70708334, -0.70708334
0.56834173, 0.13550663
0.0034996, 0.46166843, -0.02690582
0.29709768, 0.63023776, -0.71727651
0.69843501, 0.05840439
0.0034996, 0.46166843, -0.01000828
0.29709768, 0.63023776, 0.71727651
0.69843501, 0.0862844
0.0, 0.09594463, 0.00208884
0.0, -0.5098117, -0.86025572
0.55283791, 0.60177794
0.0, 0.02660595, 0.05414227
0.0, -0.33491012, 0.94222844
0.29139504, 0.39058495
0.0, 0.03873651, 0.02379469
0.0, -0.98358107, 0.18030335
0.31140977, 0.48913878
-0.0080468, 0.10964666, 0.02573645
-1.0, 0.0, 0.0
0.57544547, 0.48687458
-0.00804677, 0.06760027, 0.04471245
-1.0, 0.0, 0.0
0.50607121, 0.45556527
0.0, 0.12523277, 0.05087442
0.0, 0.51924193, 0.85460985
0.60810661, 0.43569398
0.0, 0.09497677, 0.0356533
0.0, -0.38908046, 0.92117071
0.54454845, 0.45855963
0.0, 0.10491945, 0.04622527
0.0, 0.62169254, -0.78322703
0.57660705, 0.4624607
-0.0034996, 0.46166843, -0.02690582
-0.29709768, 0.63023776, -0.71727651
0.70998317, 0.05840439
-0.00844877, 0.46166843, -0.0149575
-0.71727651, 0.63023776, 0.29709768
0.71814907, 0.07811868
-0.0034996, 0.46166843, -0.01000828
-0.29709768, 0.63023776, 0.71727651
0.70998317, 0.0862844
# Number of Faces:
238
# Face Data:
0, 1, 2
3, 4, 5
6, 3, 7
4, 8, 5
5, 1, 9
7, 0, 2
0, 5, 9
10, 11, 12
13, 14, 15
11, 16, 14
17, 18, 19
20, 21, 22
22, 16, 10
12, 23, 13
24, 25, 26
27, 28, 26
24, 28, 29
29, 30, 31
27, 32, 33
28, 33, 30
25, 27, 26
34, 35, 36
37, 38, 39
40, 41, 42
40, 43, 17
36, 44, 37
35, 45, 46
17, 47, 18
19, 38, 45
18, 48, 49
34, 50, 51
34, 52, 53
53, 54, 55
36, 46, 56
57, 58, 59
60, 61, 50
62, 63, 57
58, 64, 59
65, 66, 62
57, 67, 68
65, 64, 69
70, 71, 72
73, 74, 75
75, 76, 77
77, 78, 79
79, 80, 81
81, 82, 83
84, 85, 86
1, 87, 88
89, 90, 91
89, 92, 93
8, 90, 94
1, 94, 95
87, 93, 88
87, 94, 89
96, 97, 98
14, 99, 15
100, 101, 14
102, 103, 104
105, 106, 107
101, 107, 97
108, 98, 99
109, 110, 111
112, 111, 113
113, 110, 114
115, 114, 116
117, 112, 118
118, 113, 115
109, 111, 112
119, 120, 121
122, 123, 124
125, 126, 127
128, 125, 104
129, 119, 123
120, 130, 102
131, 104, 103
102, 122, 124
132, 103, 133
121, 134, 135
136, 121, 137
138, 137, 139
119, 140, 120
141, 142, 143
135, 144, 145
146, 143, 142
141, 147, 148
66, 149, 143
150, 142, 151
149, 152, 141
153, 154, 70
155, 73, 156
157, 156, 158
159, 158, 160
161, 160, 162
82, 162, 83
163, 84, 164
165, 166, 167
168, 169, 165
166, 170, 167
168, 171, 172
0, 9, 1
3, 173, 4
6, 173, 3
4, 174, 8
5, 8, 1
7, 3, 0
0, 3, 5
10, 16, 11
13, 23, 14
100, 14, 16
23, 11, 14
16, 21, 100
35, 40, 17
18, 49, 39
19, 35, 17
18, 39, 19
20, 100, 21
22, 21, 16
12, 11, 23
24, 175, 25
24, 26, 28
29, 28, 30
27, 176, 32
28, 27, 33
177, 178, 36
178, 179, 60
39, 49, 177
37, 39, 177
53, 55, 180
36, 37, 177
53, 180, 40
36, 178, 60
34, 53, 40
36, 60, 34
34, 40, 35
37, 44, 38
40, 180, 41
40, 42, 43
36, 56, 44
35, 19, 45
17, 43, 47
19, 39, 38
18, 47, 48
34, 60, 50
34, 51, 52
53, 52, 54
36, 35, 46
59, 65, 62
62, 57, 59
68, 58, 57
60, 179, 61
62, 181, 63
58, 182, 64
65, 183, 66
57, 63, 67
65, 59, 64
72, 184, 184
70, 70, 71
72, 184, 70
73, 185, 74
75, 74, 76
77, 76, 78
79, 78, 80
81, 80, 82
86, 186, 164
164, 84, 86
187, 85, 84
1, 95, 87
89, 94, 90
89, 91, 92
8, 188, 90
1, 8, 94
87, 89, 93
87, 95, 94
96, 101, 97
14, 108, 99
108, 14, 96
100, 105, 101
101, 96, 14
104, 125, 120
102, 124, 103
104, 120, 102
124, 133, 103
105, 100, 106
101, 105, 107
108, 96, 98
109, 189, 110
113, 111, 110
115, 113, 114
117, 190, 112
118, 112, 113
145, 191, 135
192, 133, 124
192, 124, 123
135, 191, 119
192, 123, 119
125, 127, 137
127, 139, 137
191, 192, 119
125, 137, 121
121, 135, 119
120, 125, 121
122, 129, 123
125, 193, 126
128, 193, 125
129, 194, 119
120, 140, 130
131, 128, 104
102, 130, 122
132, 131, 103
121, 195, 134
136, 195, 121
138, 136, 137
119, 194, 140
143, 149, 141
141, 148, 142
151, 142, 148
135, 134, 144
146, 181, 143
141, 152, 147
66, 183, 149
150, 146, 142
149, 69, 152
184, 184, 153
154, 70, 70
70, 184, 153
155, 185, 73
157, 155, 156
159, 157, 158
161, 159, 160
82, 161, 162
164, 196, 163
163, 197, 84
198, 84, 197
165, 169, 166
168, 172, 169
166, 171, 170
168, 170, 171
