# Project Zomboid Skinned Mesh
# File Version:
1.0
# Model Name:
Cube
# Vertex Stride Element Count:
3
# Vertex Stride Size (in bytes):
76
# Vertex Stride Data:
# (Int)    Offset
# (String) Type
0
VertexArray
12
NormalArray
24
TextureCoordArray
# Vertex Count:
159
# Vertex Buffer:
0.00802416, 0.1043109, -0.02686417
1.0, 0.0, 0.0
0.41814348, 0.67956093
0.00802418, 0.14690782, -0.0434174
0.57734919, 0.57734919, -0.57734919
0.53730643, 0.62066418
0.00802416, 0.14690782, -0.02686417
0.70708334, 0.70708334, 0.0
0.53730643, 0.67956093
-0.0, 0.14690782, -0.0434174
0.0, 0.70708334, -0.70708334
0.63624895, 0.62066418
0.00802416, 0.14690782, -0.02686417
0.70708334, 0.70708334, 0.0
0.59559381, 0.67956093
0.00802418, 0.14690782, -0.0434174
0.57734919, 0.57734919, -0.57734919
0.59559381, 0.62066418
-0.00802416, 0.02807277, -0.02686417
-1.0, 0.0, 0.0
0.09635857, 0.32043993
-0.00802416, 0.0224134, -0.02408488
-0.58143866, -0.66176337, 0.47325054
0.09635857, 0.30130678
-0.00802416, 0.03079346, -0.02236439
-0.74752039, -0.24246956, 0.61836606
0.09635857, 0.30130678
-0.0, 0.10431091, -0.0434174
0.0, 0.0, -1.0
0.41814348, 0.56661338
-0.0, 0.14690782, -0.0434174
0.0, 0.70708334, -0.70708334
0.53730643, 0.56661335
0.00573474, 0.09721383, -0.00135408
0.88610494, -0.32035279, -0.33487961
0.39461455, 0.77912368
-0.0, 0.09866287, -0.01599321
0.0, -0.72005373, 0.69389933
0.38285604, 0.72487569
0.00573474, 0.09866287, -0.01599321
0.3661916, -0.25241858, 0.89562672
0.39461455, 0.72484723
-0.0, 0.14690782, -0.01811287
0.0, 0.70708334, 0.70708334
0.53730643, 0.75129455
0.00802416, 0.11010707, -0.01811287
0.7282632, 0.0626545, 0.68239385
0.41814324, 0.7233949
0.00802416, 0.14690782, -0.01811287
0.57734919, 0.57734919, 0.57734919
0.53730643, 0.71244204
-0.0, 0.09866287, -0.01599321
0.0, -0.72005373, 0.69389933
0.39461455, 0.72484723
0.00802416, 0.07432054, -0.01449068
0.85055083, 0.31019014, 0.42460403
0.29320928, 0.73110628
0.00802416, 0.09866287, -0.01599321
0.69368571, 0.08792382, 0.71486557
0.39461455, 0.72484723
0.00573474, 0.11010707, -0.01811287
0.16064943, 0.2948088, 0.94195378
0.41814324, 0.7233949
-0.0, 0.09931973, 0.003245
0.0, 0.54417557, 0.83892334
0.43262312, 0.81203648
0.00573476, 0.09931973, 0.003245
0.6093936, 0.43147069, 0.66515094
0.41814324, 0.79828249
-0.0, 0.06682546, 0.00479881
0.0, -0.81154823, 0.58424634
0.29279539, 0.81774566
0.00573474, 0.06682546, 0.00479881
0.59150976, 0.03848384, 0.80535293
0.26710752, 0.79828249
0.0, 0.01743892, 0.04474778
0.0, -0.81194496, 0.58369702
0.00939551, 0.98138096
0.00802416, 0.03843823, -0.01773055
0.87768179, -0.45002595, 0.16467787
0.13836502, 0.72834122
0.00802416, 0.01743892, 0.04474778
0.56218147, -0.67149878, 0.48271126
0.0485, 0.95507758
-0.0, 0.07432054, -0.01449068
0.0, 0.58986175, 0.8074587
0.31616306, 0.75463323
0.00802416, 0.06861247, 0.00019973
0.70708334, 0.6590777, 0.25608081
0.27455178, 0.77912368
0.00802416, 0.03079346, -0.02236439
0.74752039, -0.24246956, 0.61836606
0.09635857, 0.69869414
-0.0, 0.03843823, -0.01773055
0.0, -0.93908507, 0.34363842
0.09205656, 0.74340442
-0.0, 0.03079346, -0.02236439
0.0, -0.36506242, 0.93096715
0.04702653, 0.69869414
0.00573474, 0.06861247, 0.00019973
0.78576005, -0.03353984, -0.61757255
0.27455178, 0.77912368
-0.0, 0.09721383, -0.00135408
0.0, -0.69121373, -0.72261727
0.38237959, 0.76518279
-0.0, 0.14690782, -0.02686417
0.0, 0.99996948, 0.0
0.63624895, 0.67956093
0.00802416, 0.14690782, -0.01811287
0.57734919, 0.57734919, 0.57734919
0.59559381, 0.71244204
-0.0, 0.0224134, -0.02408488
0.0, -0.81340981, 0.5816828
0.04699792, 0.30130678
-0.0, 0.03079346, -0.02236439
0.0, -0.36506242, 0.93096715
0.04699792, 0.30130678
0.00802416, 0.05439606, 0.04474778
0.59486681, 0.47651601, 0.64729756
0.20618364, 0.95507758
0.0, 0.05439606, 0.04474778
0.0, 0.59282207, 0.80529189
0.23003162, 0.98138096
0.00676399, 0.03490783, -0.0434174
0.62556839, -0.74266791, -0.23886837
0.8777805, 0.12694514
0.00676399, 0.04015528, -0.04755128
0.67244482, 0.11969359, -0.73036897
0.89239627, 0.11455315
0.00676399, 0.05242801, -0.0434174
0.20252083, 0.31257057, -0.92803735
0.89793581, 0.12694514
0.00246715, 0.14243311, -0.0434174
0.50727868, 0.50810266, -0.69600511
0.97089577, 0.11571151
-0.0, 0.13858527, -0.0470299
0.0, -0.24326304, -0.96993929
0.95314765, 0.10535753
-0.0, 0.13994776, -0.0470299
0.0, 0.27643666, -0.96099734
0.96054161, 0.10535753
0.00246715, 0.13568717, -0.0434174
0.47853023, -0.49586475, -0.72463149
0.94279349, 0.11571151
-0.0, 0.13568717, -0.0434174
0.0, -0.77999204, -0.6257515
0.94093359, 0.10851383
0.00676399, 0.03623759, -0.04755137
0.59547716, -0.47312844, -0.64922023
0.88331991, 0.11455315
-0.0, 0.04015528, -0.04755128
0.0, 0.16171758, -0.98681599
0.89335585, 0.09206367
-0.0, 0.14243311, -0.0434174
0.0, 0.82384717, -0.56678975
0.97275579, 0.10851383
-0.0, 0.05242801, -0.0434174
0.0, 0.31919309, -0.94766074
0.91256291, 0.09743923
-0.0, 0.03623759, -0.04755137
0.0, -0.58894622, -0.80813015
0.87976569, 0.09320271
0.00802416, 0.06682546, 0.00479881
0.7149266, 0.66002381, 0.23059785
0.26710752, 0.79828249
-0.00802418, 0.14690782, -0.0434174
-0.57734919, 0.57734919, -0.57734919
0.53730643, 0.37933671
-0.00802416, 0.10431091, -0.02686417
-1.0, 0.0, 0.0
0.41814354, 0.32043999
-0.00802416, 0.14690782, -0.02686417
-0.70708334, 0.70708334, 0.0
0.53730643, 0.32043999
-0.00802416, 0.14690782, -0.02686417
-0.70708334, 0.70708334, 0.0
0.59559381, 0.32043999
-0.0, 0.14690782, -0.0434174
0.0, 0.70708334, -0.70708334
0.63419867, 0.37933671
-0.00802418, 0.14690782, -0.0434174
-0.57734919, 0.57734919, -0.57734919
0.59559381, 0.37933671
-0.00802416, 0.03042638, -0.0434174
-0.6036256, -0.42936492, -0.67174292
0.09635851, 0.37933671
-0.00802416, 0.02276746, -0.02686417
-0.67427593, -0.7096774, -0.20407727
0.09635857, 0.32043993
-0.0, 0.14690782, -0.0434174
0.0, 0.70708334, -0.70708334
0.53730643, 0.43239152
-0.00802417, 0.10431091, -0.0434174
-0.70708334, 0.0, -0.70708334
0.41814348, 0.37933671
-0.0, 0.09866287, -0.01599321
0.0, -0.72005373, 0.69389933
0.38285604, 0.27512521
-0.00573474, 0.09721383, -0.00135408
-0.88610494, -0.32035279, -0.33487961
0.39461455, 0.22087723
-0.00573474, 0.09866287, -0.01599321
-0.64970857, -0.44785914, -0.61421549
0.39461455, 0.2751537
-0.00802416, 0.11010707, -0.01811287
-0.7282632, 0.0626545, 0.68239385
0.41814324, 0.27660602
-0.0, 0.14690782, -0.01811287
0.0, 0.70708334, 0.70708334
0.53730643, 0.24960595
-0.00802416, 0.14690782, -0.01811287
-0.57734919, 0.57734919, 0.57734919
0.53730643, 0.28755885
-0.00802416, 0.07432054, -0.01449068
-0.85055083, 0.31019014, 0.42460403
0.29320928, 0.26889461
-0.0, 0.09866287, -0.01599321
0.0, -0.72005373, 0.69389933
0.39461455, 0.2751537
-0.00802416, 0.09866287, -0.01599321
-0.69368571, 0.08792382, 0.71486557
0.39461455, 0.2751537
-0.0, 0.09931973, 0.003245
0.0, 0.54417557, 0.83892334
0.43262312, 0.18796438
-0.00573474, 0.11010707, -0.01811287
-0.16064943, 0.2948088, 0.94195378
0.41814324, 0.27660602
-0.00573476, 0.09931973, 0.003245
-0.6093936, 0.43147069, 0.66515094
0.41814324, 0.20171839
-0.0, 0.06682546, 0.00479881
0.0, -0.81154823, 0.58424634
0.29279539, 0.18225533
-0.00573474, 0.06682546, 0.00479881
-0.59150976, 0.03848384, 0.80535293
0.26710752, 0.20171839
-0.00802416, 0.03843823, -0.01773055
-0.87768179, -0.45002595, 0.16467787
0.13836503, 0.27165967
0.0, 0.01743892, 0.04474778
0.0, -0.81194496, 0.58369702
0.00939552, 0.01861924
-0.00802416, 0.01743892, 0.04474778
-0.56218147, -0.67149878, 0.48271126
0.0485, 0.04492331
-0.00802416, 0.06861247, 0.00019973
-0.70708334, 0.6590777, 0.25608081
0.27455178, 0.22087723
-0.0, 0.07432054, -0.01449068
0.0, 0.58986175, 0.8074587
0.30975938, 0.24997103
-0.0, 0.03843823, -0.01773055
0.0, -0.93908507, 0.34363842
0.09205884, 0.25659549
-0.0, 0.09721383, -0.00135408
0.0, -0.69121373, -0.72261727
0.38237959, 0.2348181
-0.00573474, 0.06861247, 0.00019973
-0.78576005, -0.03353984, -0.61757255
0.27455178, 0.22087723
-0.00802416, 0.14690782, -0.01811287
-0.57734919, 0.57734919, 0.57734919
0.59559381, 0.28755885
-0.0, 0.14690782, -0.02686417
0.0, 0.99996948, 0.0
0.63419867, 0.32043999
0.00802416, 0.03111025, -0.0434174
0.70708334, 0.0, -0.70708334
0.0963585, 0.62066418
-0.0, 0.03042638, -0.0434174
0.0, -0.53852963, -0.8425855
0.0963585, 0.56661335
-0.0, 0.03111025, -0.0434174
0.0, 0.0, -1.0
0.0963585, 0.56661335
-0.00802416, 0.05439606, 0.04474778
-0.59486681, 0.47651601, 0.64729756
0.20618364, 0.04492331
0.0, 0.05439606, 0.04474778
0.0, 0.59282207, 0.80529189
0.23003182, 0.01861924
-0.00676399, 0.04015528, -0.04755128
-0.67244482, 0.11969359, -0.73036897
0.89239627, 0.11455297
-0.00676399, 0.03490783, -0.0434174
-0.62556839, -0.74266791, -0.23886837
0.8777805, 0.12694502
-0.00676399, 0.05242801, -0.0434174
-0.20252083, 0.31257057, -0.92803735
0.89793581, 0.12694502
-0.00246715, 0.14243311, -0.0434174
-0.50727868, 0.50810266, -0.69600511
0.97089577, 0.11571145
-0.00246715, 0.13568717, -0.0434174
-0.47853023, -0.49586475, -0.72463149
0.94279349, 0.11571145
-0.00676399, 0.03623759, -0.04755137
-0.59547716, -0.47312844, -0.64922023
0.88331991, 0.11455297
-0.00802416, 0.06682546, 0.00479881
-0.7149266, 0.66002381, 0.23059785
0.26710752, 0.20171839
0.00802416, 0.07549277, -0.02686417
0.99996948, 0.0, 0.0
0.29650831, 0.6795609
0.00802417, 0.1043109, -0.0434174
0.70708334, 0.0, -0.70708334
0.41814345, 0.62066418
0.00802417, 0.07549275, -0.0434174
0.70708334, 0.0, -0.70708334
0.29597065, 0.62066418
-0.0, 0.07549275, -0.0434174
0.0, 0.0, -1.0
0.29597065, 0.56661338
-0.0, 0.10431091, -0.0434174
0.0, 0.0, -1.0
0.41814348, 0.43239152
-0.00802417, 0.07549275, -0.0434174
-0.70708334, 0.0, -0.70708334
0.29597065, 0.37933671
-0.00802416, 0.07549277, -0.02686417
-0.99996948, 0.0, 0.0
0.29650825, 0.32043993
-0.00573474, 0.06682546, 0.00479881
-0.59150976, 0.03848384, 0.80535293
0.0, 1.0
-0.0, 0.06861247, 0.00019973
0.0, -0.58690143, -0.80962557
0.0, 1.0
-0.0, 0.06682546, 0.00479881
0.0, -0.81154823, 0.58424634
0.0, 1.0
-0.0, 0.02276746, -0.02686417
0.0, -0.96102786, -0.27637562
0.02594383, 0.67956093
0.00802416, 0.03042638, -0.0434174
0.6036256, -0.42936492, -0.67174292
0.05791362, 0.62066418
0.00802416, 0.02276746, -0.02686417
0.67427593, -0.7096774, -0.20407727
0.07527588, 0.67956093
0.00802416, 0.02276746, -0.02686417
0.67427593, -0.7096774, -0.20407727
0.09635857, 0.67956093
-0.0, 0.0224134, -0.02408488
0.0, -0.81340981, 0.5816828
0.04702653, 0.69869414
-0.0, 0.02276746, -0.02686417
0.0, -0.96102786, -0.27637562
0.04702653, 0.67956093
-0.00802416, 0.03042638, -0.0434174
-0.6036256, -0.42936492, -0.67174292
0.05791363, 0.37933671
-0.0, 0.02276746, -0.02686417
0.0, -0.96102786, -0.27637562
0.02591522, 0.32043993
-0.00802416, 0.02276746, -0.02686417
-0.67427593, -0.7096774, -0.20407727
0.07527588, 0.32043993
-0.0, 0.02276746, -0.02686417
0.0, -0.96102786, -0.27637562
0.04699792, 0.32043993
-0.0, 0.03111025, -0.0434174
0.0, 0.0, -1.0
0.0963585, 0.43239152
-0.00802416, 0.03111025, -0.0434174
-0.70708334, 0.0, -0.70708334
0.09635851, 0.37933671
0.00802416, 0.02807277, -0.02686417
1.0, 0.0, 0.0
0.09635857, 0.67956093
0.00802416, 0.03042638, -0.0434174
0.6036256, -0.42936492, -0.67174292
0.0963585, 0.62066418
0.00802416, 0.0224134, -0.02408488
0.58143866, -0.66176337, 0.47325054
0.09635857, 0.69869414
0.00802416, 0.07549277, -0.02686417
0.99996948, 0.0, 0.0
0.27542561, 0.6795609
0.00802416, 0.03282642, -0.0434174
0.70708334, 0.0, -0.70708334
0.07664447, 0.62066418
0.00802417, 0.07549275, -0.0434174
0.70708334, 0.0, -0.70708334
0.25752577, 0.62066418
0.00802416, 0.03282641, -0.02686417
1.0, 0.0, 0.0
0.09534001, 0.67956093
0.00802416, 0.03111025, -0.0434174
0.70708334, 0.0, -0.70708334
0.05791362, 0.62066418
-0.0, 0.03282643, -0.0434174
0.0, 0.0, -1.0
0.11508936, 0.56661335
-0.0, 0.07549275, -0.0434174
0.0, 0.0, -1.0
0.29597065, 0.43239152
-0.00802416, 0.03282643, -0.0434174
-0.70708334, 0.0, -0.70708334
0.11508936, 0.37933671
0.00802416, 0.03282642, -0.0434174
0.70708334, 0.0, -0.70708334
0.11508934, 0.62066418
-0.0, 0.03282643, -0.0434174
0.0, 0.0, -1.0
0.11508936, 0.43239152
-0.00802416, 0.03282643, -0.02686417
-1.0, 0.0, 0.0
0.09534007, 0.32043993
-0.00802416, 0.03111025, -0.0434174
-0.70708334, 0.0, -0.70708334
0.05791363, 0.37933671
-0.00802416, 0.02807277, -0.02686417
-1.0, 0.0, 0.0
0.07527588, 0.32043993
-0.00802417, 0.07549275, -0.0434174
-0.70708334, 0.0, -0.70708334
0.25752577, 0.37933671
-0.00802416, 0.07549277, -0.02686417
-0.99996948, 0.0, 0.0
0.27542555, 0.32043993
-0.0, 0.11010707, -0.01811287
0.0, 0.52394176, 0.85174108
0.44498506, 0.76477432
-0.0, 0.06861247, 0.00019973
0.0, 0.9320963, 0.36216316
0.30868033, 0.77106392
-0.0, 0.14690782, -0.01811287
0.0, 0.70708334, 0.70708334
0.63624895, 0.71244204
-0.0, 0.03490783, -0.0434174
0.0, -0.95193332, -0.30619222
0.86470866, 0.10070294
-0.0, 0.11010707, -0.01811287
0.0, 0.52394176, 0.85174108
0.44393873, 0.24370003
-0.0, 0.06861247, 0.00019973
0.0, 0.9320963, 0.36216316
0.30646366, 0.23331141
-0.0, 0.11010707, -0.01811287
0.0, 0.52394176, 0.85174108
0.41814324, 0.27660602
-0.0, 0.14690782, -0.01811287
0.0, 0.70708334, 0.70708334
0.63419867, 0.28755885
0.00802416, 0.03282641, -0.02686417
1.0, 0.0, 0.0
0.11642271, 0.67956093
-0.00802416, 0.03282643, -0.02686417
-1.0, 0.0, 0.0
0.11642276, 0.32043993
0.00573474, 0.06682546, 0.00479881
0.59150976, 0.03848384, 0.80535293
0.0, 1.0
-0.00573474, 0.06861247, 0.00019973
-0.78576005, -0.03353984, -0.61757255
0.0, 1.0
0.00573474, 0.06861247, 0.00019973
0.78576005, -0.03353984, -0.61757255
0.0, 1.0
-0.0, 0.03042638, -0.0434174
0.0, -0.53852963, -0.8425855
0.00858166, 0.62066418
-0.0, 0.03042638, -0.0434174
0.0, -0.53852963, -0.8425855
0.00855305, 0.37933671
-0.0, 0.03042638, -0.0434174
0.0, -0.53852963, -0.8425855
0.0963585, 0.43239152
0.00802416, 0.02807277, -0.02686417
1.0, 0.0, 0.0
0.07527588, 0.67956093
-0.00802416, 0.03282643, -0.0434174
-0.70708334, 0.0, -0.70708334
0.07664449, 0.37933671
# Number of Faces:
182
# Face Data:
0, 1, 2
3, 4, 5
6, 7, 8
1, 9, 10
11, 12, 13
14, 15, 16
2, 15, 0
17, 18, 19
20, 21, 22
22, 23, 24
25, 26, 27
28, 29, 18
30, 31, 32
15, 13, 19
33, 34, 11
35, 36, 4
8, 37, 38
20, 11, 13
33, 22, 24
39, 23, 40
40, 27, 39
41, 42, 43
44, 45, 46
47, 48, 45
49, 50, 42
46, 51, 44
42, 52, 43
41, 53, 49
33, 54, 29
55, 56, 57
58, 59, 60
6, 61, 62
63, 64, 55
65, 66, 67
68, 69, 70
57, 68, 70
71, 72, 73
74, 75, 76
77, 76, 78
79, 80, 81
82, 83, 71
84, 8, 38
68, 73, 75
85, 86, 66
87, 88, 58
89, 90, 91
66, 75, 67
76, 86, 78
77, 92, 93
81, 93, 92
94, 95, 96
97, 45, 98
98, 45, 48
50, 99, 94
46, 97, 51
52, 94, 96
53, 95, 99
100, 86, 82
18, 26, 101
102, 101, 103
102, 104, 9
105, 106, 64
107, 79, 71
64, 107, 56
108, 109, 110
111, 112, 113
114, 115, 116
117, 118, 119
37, 62, 120
121, 61, 122
123, 124, 89
32, 125, 30
123, 125, 114
126, 127, 128
129, 130, 127
103, 131, 104
132, 133, 106
134, 91, 131
135, 122, 133
136, 137, 138
139, 136, 140
0, 102, 1
3, 35, 4
6, 62, 7
1, 102, 9
11, 34, 12
14, 141, 15
2, 16, 15
17, 28, 18
20, 141, 21
22, 21, 23
25, 31, 26
28, 142, 29
30, 26, 31
15, 141, 20
13, 17, 19
15, 20, 13
33, 142, 34
35, 143, 36
8, 7, 37
20, 22, 11
33, 11, 22
39, 54, 23
40, 25, 27
41, 49, 42
44, 47, 45
49, 53, 50
42, 50, 52
41, 144, 53
33, 24, 54
55, 64, 56
58, 88, 59
6, 122, 61
63, 105, 64
65, 85, 66
68, 145, 69
57, 56, 68
71, 83, 72
74, 145, 75
77, 74, 76
79, 84, 80
82, 146, 83
84, 79, 8
73, 72, 67
75, 147, 68
73, 67, 75
85, 146, 86
87, 148, 88
89, 124, 90
66, 76, 75
76, 66, 86
77, 100, 92
81, 80, 93
94, 99, 95
97, 46, 45
50, 53, 99
52, 50, 94
53, 144, 95
100, 78, 86
101, 0, 19
15, 19, 0
18, 29, 26
54, 39, 27
26, 30, 149
54, 27, 26
101, 19, 18
29, 54, 26
30, 123, 149
149, 101, 26
102, 0, 101
102, 103, 104
105, 132, 106
73, 68, 56
107, 150, 79
73, 56, 107
100, 82, 79
71, 73, 107
150, 6, 8
79, 81, 100
150, 8, 79
82, 71, 79
81, 92, 100
64, 106, 107
151, 110, 109
108, 152, 109
109, 153, 151
111, 154, 112
114, 125, 115
117, 155, 118
37, 7, 62
121, 156, 61
123, 114, 124
32, 115, 125
123, 30, 125
126, 129, 127
129, 157, 130
103, 134, 131
132, 135, 133
134, 89, 91
135, 121, 122
136, 158, 137
139, 158, 136
