# Project Zomboid Skinned Mesh
# File Version:
1.0
# Model Name:
Cube
# Vertex Stride Element Count:
3
# Vertex Stride Size (in bytes):
76
# Vertex Stride Data:
# (Int)    Offset
# (String) Type
0
VertexArray
12
NormalArray
24
TextureCoordArray
# Vertex Count:
261
# Vertex Buffer:
0.01266218, 0.12351194, 0.01632079
0.70708334, 0.0, 0.70708334
0.56477499, 0.76008189
0.01266214, 0.08951156, -0.01631572
0.70082706, -0.2080752, -0.6823023
0.49882448, 0.69677675
0.01266215, 0.12351182, -0.02564813
0.67824334, -0.09811701, -0.72823268
0.56477499, 0.67867476
0.0, 0.23597956, -0.02564813
0.0, 0.70708334, -0.70708334
0.78292513, 0.65090501
0.01266218, 0.23597959, 0.01632079
0.57734919, 0.57734919, 0.57734919
0.78292513, 0.7600421
0.01266221, 0.23597956, -0.02564813
0.57734919, 0.57734919, -0.57734919
0.78292513, 0.67867512
0.01266215, 0.12351182, -0.02564813
0.67824334, -0.09811701, -0.72823268
0.56487924, 0.67867512
0.0, 0.08951156, -0.01631572
0.0, -0.29169592, -0.95648062
0.49882448, 0.6694786
0.0, 0.12351194, -0.02564813
0.0, -0.13351847, -0.99102753
0.56487924, 0.65090501
0.0, 0.12351194, 0.01632079
0.0, 0.0, 0.99996948
0.56487924, 0.78694263
0.01266218, 0.09767738, 0.01632079
0.92324597, 0.29319131, 0.24817652
0.5147928, 0.7600421
0.01266218, 0.12351194, 0.01632079
0.70708334, 0.0, 0.70708334
0.56487924, 0.7600421
0.0, 0.23597959, 0.01632079
0.0, 0.70708334, 0.70708334
0.78292507, 0.78694263
0.01266218, 0.23597959, 0.01632079
0.57734919, 0.57734919, 0.57734919
0.78292871, 0.76008189
0.01266218, 0.10084701, 0.03524814
0.65147865, 0.75444806, 0.07971434
0.47803125, 0.81354983
0.01266214, 0.0613949, 0.02123055
0.67479473, -0.72960603, 0.11084323
0.40154356, 0.78637326
0.01266214, 0.0613949, -0.00686861
0.59633166, -0.65175331, -0.4685812
0.40154356, 0.73189628
0.0, 0.08951156, -0.01631572
0.0, -0.29169592, -0.95648062
0.48465905, 0.6694786
0.01266214, 0.08951156, -0.01631572
0.70082706, -0.2080752, -0.6823023
0.48465905, 0.70237237
0.0, 0.10084701, 0.03524814
0.0, 0.99444562, 0.10507523
0.50227529, 0.82485166
0.01266218, 0.09767738, 0.01632079
0.92324597, 0.29319131, 0.24817652
0.48618829, 0.77125035
0.0, 0.09767738, 0.01632079
0.0, 0.76326793, 0.64607686
0.51066518, 0.79834171
0.01266214, 0.06549262, 0.03440204
0.80855739, -0.58497882, -0.06326487
0.40948814, 0.81190939
0.0, 0.0613949, 0.02123055
0.0, -0.9886471, 0.15021211
0.38302925, 0.81135073
0.0, 0.03885707, 0.08123399
0.0, -0.90856653, 0.41767633
0.32614577, 0.92416429
0.0, 0.06549273, 0.03440204
0.0, -0.99417096, -0.10751671
0.37842137, 0.83518413
0.01266214, 0.07954229, 0.08913689
0.58766443, 0.38874477, 0.70955533
0.43672663, 0.91802622
0.01266214, 0.03885707, 0.08123399
0.56212044, -0.75142676, 0.34543902
0.35784835, 0.90270457
0.0, 0.07954229, 0.08913689
0.0, 0.48048341, 0.87697989
0.44933298, 0.94502688
0.0, 0.0613949, 0.02123055
0.0, -0.9886471, 0.15021211
0.0484269, 0.66843551
0.01266214, 0.0613949, -0.00686861
0.59633166, -0.65175331, -0.4685812
0.02387828, 0.61395857
0.01266214, 0.0613949, 0.02123055
0.67479473, -0.72960603, 0.11084323
0.02387828, 0.66843551
0.00785266, 0.12364483, -0.02572628
0.56990266, -0.72832423, -0.38035217
0.81023103, 0.07695562
0.00785266, 0.14810964, -0.03454854
0.77303386, 0.17087314, -0.6108585
0.85766196, 0.05985171
0.00785266, 0.16657978, -0.02572628
0.54118472, 0.71251565, -0.44651631
0.89347082, 0.07695562
0.00785266, 0.16105102, -0.03454854
0.61262858, 0.38270211, -0.69148839
0.88275212, 0.05985171
0.0, 0.16657978, -0.02572628
0.0, 0.84734643, -0.53102207
0.89347082, 0.06420654
0.0, 0.44077986, 0.01449997
0.0, 0.70708334, 0.70708334
0.39901373, 0.28052753
0.0026463, 0.44077986, 0.01060512
0.22745445, 0.80416274, 0.54911953
0.39901367, 0.26630884
0.0, 0.44077986, 0.01060515
0.0, 0.70708334, 0.70708334
0.3990137, 0.27840906
0.0, 0.16105102, -0.03454854
0.0, 0.48423719, -0.87493515
0.88275212, 0.04651356
0.00638872, 0.53259349, 0.0068627
0.71727651, 0.63023776, 0.29709768
0.57701701, 0.25450212
0.00638873, 0.44077986, 0.00157012
0.54911953, 0.80416274, -0.22742394
0.39901367, 0.24424106
0.00638873, 0.53259349, 0.00157012
0.71727651, 0.63023776, -0.29709768
0.57701701, 0.24424106
0.0, 0.13303165, -0.04370008
0.0, -0.26865444, -0.96322519
0.82842958, 0.02738661
0.00785266, 0.13303165, -0.04370008
0.57402265, -0.21997741, -0.78868985
0.82842958, 0.04210907
0.00638873, 0.44077986, 0.0068627
0.54911953, 0.80416274, 0.22745445
0.39901367, 0.25450224
0.01028359, 0.44077986, -4.317e-05
0.71727651, 0.63023776, -0.29709768
0.3990137, 0.24111325
0.0026463, 0.44077986, -0.00217233
0.22745445, 0.80416274, -0.54911953
0.39901367, 0.2337963
0.0026463, 0.53259349, -0.00217233
0.29709768, 0.63023776, -0.71727651
0.57701701, 0.2337963
0.00264629, 0.53259349, 0.01060512
0.29709768, 0.63023776, 0.71727651
0.57701701, 0.26630884
0.0, 0.53259349, 0.01060512
0.0, 0.70708334, 0.70708334
0.57701701, 0.27840906
0.0, 0.44077986, -0.0021723
0.0, 0.70708334, -0.70708334
0.39901373, 0.22346097
0.0, 0.53259349, -0.00217233
0.0, 0.70708334, -0.70708334
0.57701701, 0.22346097
0.0, 0.14810964, -0.03454854
0.0, 0.26935637, -0.96301156
0.85766196, 0.04008192
0.00491184, 0.13732599, 0.0312268
0.64775538, 0.29758599, 0.70128483
0.88681877, 0.8272406
0.0, 0.10084701, 0.03524814
0.0, 0.10956145, 0.99395734
0.81748295, 0.84566315
0.00491184, 0.10084701, 0.03524814
0.71938229, 0.07608265, 0.69038969
0.81609535, 0.83503707
0.01014286, 0.29047063, -0.0083618
0.70708334, 0.0, -0.70708334
0.88862497, 0.71220499
0.01014286, 0.23597959, 0.01632079
0.70708334, 0.0, 0.70708334
0.78292871, 0.76008189
0.01014286, 0.23597959, -0.0083618
0.70708334, 0.0, -0.70708334
0.78292871, 0.71220499
0.00491185, 0.13258326, 0.0288554
0.87334818, -0.31858271, -0.36844996
0.87762344, 0.82264301
0.0049119, 0.10802218, 0.03021049
0.90810877, 0.28406629, -0.30759606
0.83000594, 0.82527037
0.0, 0.10802218, 0.03021049
0.0, 0.67842644, -0.73464155
0.83651179, 0.81878278
0.0, 0.13258326, 0.0288554
0.0, -0.6540727, -0.75640124
0.87199736, 0.81631726
0.00491184, 0.15528101, 0.01632079
0.40357676, 0.58439893, 0.70393991
0.92162877, 0.79834171
0.0, 0.13732599, 0.0312268
0.0, 0.39063692, 0.92052978
0.89056718, 0.8356728
0.00491184, 0.13512404, 0.01632079
0.7480697, -0.65034944, -0.13180944
0.88254946, 0.79834171
0.0, 0.13512404, 0.01632079
0.0, -0.98004091, -0.19864498
0.8764466, 0.7971824
0.00491184, 0.10768344, 0.01632079
0.71251565, 0.7014069, -0.01709037
0.82934922, 0.79834171
0.00425962, 0.44077986, -0.00606715
0.29709768, 0.63023776, -0.71727651
0.39901367, 0.23065871
0.0, 0.29047063, -0.0083618
0.0, 0.0, -1.0
0.8885693, 0.69252446
0.01014286, 0.29047063, 0.01632079
0.70708334, 0.0, 0.70708334
0.8885693, 0.7600421
0.0, 0.23597959, 0.01632079
0.0, 0.0, 1.0
0.78292513, 0.77970651
0.01014286, 0.23597959, 0.01632079
0.70708334, 0.0, 0.70708334
0.78292513, 0.7600421
0.00425961, 0.44077986, 0.01449997
0.29709768, 0.63023776, 0.71727651
0.39901367, 0.26863915
0.0, 0.44077986, -0.00606715
0.0, 0.70708334, -0.70708334
0.3990137, 0.22118479
0.01028359, 0.40453103, -4.317e-05
0.92385632, 0.0, -0.38267159
0.32873696, 0.24111336
0.01028359, 0.40453103, 0.008476
0.92385632, 0.0, 0.38267159
0.32873696, 0.25762981
0.01028359, 0.44077986, 0.008476
0.71727651, 0.63023776, 0.29709768
0.39901367, 0.25762981
0.00425962, 0.40453103, -0.00606715
0.38267159, 0.0, -0.92385632
0.32873696, 0.23065871
0.00425961, 0.40453103, 0.01449997
0.38267159, 0.0, 0.92385632
0.32873696, 0.26863915
0.0, 0.40453103, 0.01449997
0.0, 0.0, 1.0
0.32873696, 0.28052753
0.0, 0.51688254, -0.02113925
0.0, 0.80272835, 0.59633166
0.91840541, 0.07223016
0.00159872, 0.5210669, -0.02677183
-0.23273416, 0.93490404, 0.26786095
0.93009901, 0.06490403
0.0, 0.5210669, -0.02677183
0.0, 0.97137362, 0.23749503
0.92793512, 0.06273276
0.0026463, 0.51688254, -0.02113925
-0.51667839, 0.63847774, 0.57039094
0.9219873, 0.0758242
0.0026463, 0.52197194, -0.02113925
-0.71172214, 0.7021699, 0.01953185
0.93185425, 0.0758242
0.01014286, 0.40453103, -0.01539302
0.1727958, 0.56166267, -0.80910671
0.77681017, 0.8539319
0.0169058, 0.29047063, 0.00031653
0.73201698, -0.66435742, -0.15085299
0.5556761, 0.88438874
0.01014286, 0.29047063, -0.01539302
0.1727958, -0.56166267, -0.80910671
0.5556761, 0.8539319
0.0169058, 0.40453103, 0.00031653
0.73201698, 0.66435742, -0.15085299
0.77681017, 0.88438874
0.0169058, 0.29047063, 0.01089949
0.72243416, -0.63576162, 0.27179784
0.5556761, 0.90490633
0.0169058, 0.40453103, 0.01089949
0.72243416, 0.63576162, 0.27179784
0.77681017, 0.90490633
0.00738152, 0.29047063, 0.02176475
0.32224494, -0.624897, 0.71105075
0.5556761, 0.93803645
0.00738152, 0.40453103, 0.02176474
0.32224494, 0.62492752, 0.71105075
0.77681017, 0.93769112
0.0, 0.29047063, 0.02176475
0.0, -0.70708334, 0.70708334
0.5556761, 0.95876016
0.0086933, 0.23597956, -0.01114965
0.92257452, 0.05261391, 0.38215277
0.00195855, 0.07632381
0.00638873, 0.28330624, -0.01739684
0.92355114, 0.02649007, -0.38254952
0.09371287, 0.06606275
0.00638873, 0.28330624, -0.01210422
0.92355114, 0.02649007, 0.38254952
0.09371287, 0.07632381
0.00360089, 0.23597956, -0.00605727
0.38215277, 0.05261391, 0.92257452
0.00195855, 0.08649427
0.0026463, 0.28330624, -0.0083618
0.38251901, 0.02649007, 0.92355114
0.09371287, 0.08649427
0.0026463, 0.28330624, -0.02113925
0.38251901, 0.02649007, -0.92355114
0.09371287, 0.0558669
0.0, 0.23597956, -0.02344384
0.0, 0.04861598, -0.99880975
0.00195855, 0.04947776
0.0, 0.28330624, -0.02113925
0.0, 0.02432325, -0.99969482
0.09371287, 0.04947776
0.0, 0.23597956, -0.00605725
0.0, 0.04861598, 0.99880975
0.00195855, 0.09292656
0.0, 0.28330624, -0.0083618
0.0, 0.02432325, 0.99969482
0.09371287, 0.09292656
0.00360089, 0.23597956, -0.02344384
0.38215277, 0.05261391, -0.92257452
0.00195855, 0.0558669
0.0, 0.29047063, -0.00606715
0.0, -0.89452803, -0.44694358
0.5556761, 0.83470947
0.0, 0.40453103, -0.00606715
0.0, 0.89452803, -0.44694358
0.77681017, 0.83470947
0.0, 0.40453103, 0.02176474
0.0, 0.70708334, 0.70708334
0.77681017, 0.95876016
0.00638872, 0.48848495, -0.01210422
0.70708334, 0.70708334, 0.0
0.49225542, 0.19116741
0.00638872, 0.47949603, 0.00157012
0.70708334, -0.70708334, 0.0
0.47482881, 0.21767849
0.00638872, 0.47949603, -0.01210422
0.70708334, -0.70708334, 0.0
0.47482881, 0.19116741
0.0, 0.47949603, 0.00157012
0.0, -0.99996948, 0.0
0.47482881, 0.21767849
0.0, 0.48848495, -0.01210422
0.0, 0.99996948, 0.0
0.49225542, 0.19116741
0.00638872, 0.48848495, 0.00157012
0.70708334, 0.70708334, 0.0
0.49225542, 0.21767849
-0.01266218, 0.12351194, 0.01632079
-0.70708334, 0.0, 0.70708334
0.56477499, 0.54172787
-0.01266214, 0.08951156, -0.01631572
-0.70082706, -0.2080752, -0.6823023
0.49882448, 0.60503301
-0.01266218, 0.09767738, 0.01632079
-0.92324597, 0.29319131, 0.24817652
0.5146637, 0.54172787
-0.01266218, 0.23597959, 0.01632079
-0.57734919, 0.57734919, 0.57734919
0.78292513, 0.54176804
-0.01266221, 0.23597956, -0.02564813
-0.57734919, 0.57734919, -0.57734919
0.78292513, 0.623135
-0.01266215, 0.12351182, -0.02564813
-0.67824334, -0.09811701, -0.72823268
0.56487924, 0.623135
0.0, 0.08951156, -0.01631572
0.0, -0.29169592, -0.95648062
0.49882448, 0.63233146
0.0, 0.12351194, 0.01632079
0.0, 0.0, 0.99996948
0.56487924, 0.51486745
-0.01266218, 0.12351194, 0.01632079
-0.70708334, 0.0, 0.70708334
0.56487924, 0.54176804
0.0, 0.23597959, 0.01632079
0.0, 0.70708334, 0.70708334
0.78292513, 0.51486745
-0.01266218, 0.23597959, 0.01632079
-0.57734919, 0.57734919, 0.57734919
0.78292871, 0.54172787
-0.01266214, 0.0613949, 0.02123055
-0.67479473, -0.72960603, 0.11084323
0.40154356, 0.51543686
-0.01266218, 0.10084701, 0.03524814
-0.65147865, 0.75444806, 0.07971434
0.47803125, 0.48826021
-0.01266214, 0.0613949, -0.00686861
-0.59633166, -0.65175331, -0.4685812
0.40154356, 0.56991383
0.0, 0.08951156, -0.01631572
0.0, -0.29169592, -0.95648062
0.48465905, 0.63233146
-0.01266214, 0.08951156, -0.01631572
-0.70082706, -0.2080752, -0.6823023
0.48465905, 0.59943771
-0.01266218, 0.09767738, 0.01632079
-0.92324597, 0.29319131, 0.24817652
0.48618829, 0.53055975
0.0, 0.10084701, 0.03524814
0.0, 0.99444562, 0.10507523
0.50227529, 0.47695845
0.0, 0.09767738, 0.01632079
0.0, 0.76326793, 0.64607686
0.51066518, 0.50346842
0.0, 0.0613949, 0.02123055
0.0, -0.9886471, 0.15021211
0.38302925, 0.49045938
-0.01266214, 0.06549262, 0.03440204
-0.80855739, -0.58497882, -0.06326487
0.40948814, 0.48990065
0.0, 0.03885707, 0.08123399
0.0, -0.90856653, 0.41767633
0.32614577, 0.37764579
-0.01266214, 0.03885707, 0.08123399
-0.56212044, -0.75142676, 0.34543902
0.35784835, 0.39910549
-0.01266214, 0.07954229, 0.08913689
-0.58766443, 0.38874477, 0.70955533
0.43672663, 0.38378388
0.0, 0.07954229, 0.08913689
0.0, 0.48048341, 0.87697989
0.44933298, 0.35678333
-0.01266214, 0.0613949, -0.00686861
-0.59633166, -0.65175331, -0.4685812
0.07297549, 0.61395854
-0.01266214, 0.0613949, 0.02123055
-0.67479473, -0.72960603, 0.11084323
0.07297549, 0.66843551
-0.00785266, 0.16657978, -0.02572628
-0.54118472, 0.71251565, -0.44651631
0.89347082, 0.07695562
-0.00785266, 0.16105102, -0.03454854
-0.61262858, 0.38270211, -0.69148839
0.88275212, 0.05985171
-0.00785266, 0.14810964, -0.03454854
-0.77303386, 0.17087314, -0.6108585
0.85766196, 0.05985171
-0.0026463, 0.44077986, 0.01060512
-0.22745445, 0.80416274, 0.54911953
0.39901367, 0.26630884
-0.00638873, 0.44077986, 0.00157012
-0.54911953, 0.80416274, -0.22742394
0.3990137, 0.24424106
-0.00638872, 0.53259349, 0.0068627
-0.71727651, 0.63023776, 0.29709768
0.57701701, 0.25450212
-0.00638873, 0.53259349, 0.00157012
-0.71727651, 0.63023776, -0.29709768
0.57701701, 0.24424106
-0.00785266, 0.12364483, -0.02572628
-0.56990266, -0.72832423, -0.38035217
0.81023103, 0.07695562
-0.00785266, 0.13303165, -0.04370008
-0.57402265, -0.21997741, -0.78868985
0.82842958, 0.04210907
-0.01028359, 0.44077986, 0.008476
-0.71727651, 0.63023776, 0.29709768
0.3990137, 0.25762981
-0.00638873, 0.44077986, 0.0068627
-0.54911953, 0.80416274, 0.22745445
0.3990137, 0.25450212
-0.0026463, 0.44077986, -0.00217233
-0.22745445, 0.80416274, -0.54911953
0.39901367, 0.2337963
-0.0026463, 0.53259349, -0.00217233
-0.29709768, 0.63023776, -0.71727651
0.57701701, 0.2337963
-0.00264629, 0.53259349, 0.01060512
-0.29709768, 0.63023776, 0.71727651
0.57701701, 0.26630884
0.0, 0.10084701, 0.03524814
0.0, 0.10956145, 0.99395734
0.81748295, 0.45614713
-0.00491184, 0.13732599, 0.0312268
-0.64775538, 0.29758599, 0.70128483
0.88681877, 0.4745695
-0.00491184, 0.10084701, 0.03524814
-0.71938229, 0.07608265, 0.69038969
0.81609535, 0.46677309
-0.01014286, 0.23597959, 0.01632079
-0.70708334, 0.0, 0.70708334
0.78292871, 0.54172787
-0.01014286, 0.29047063, -0.0083618
-0.70708334, 0.0, -0.70708334
0.88862497, 0.58960477
-0.01014286, 0.23597959, -0.0083618
-0.70708334, 0.0, -0.70708334
0.78292871, 0.58960477
-0.0049119, 0.10802218, 0.03021049
-0.90810877, 0.28406629, -0.30759606
0.83000594, 0.47653979
-0.00491185, 0.13258326, 0.0288554
-0.87331766, -0.31858271, -0.36844996
0.87762344, 0.47916716
0.0, 0.10802218, 0.03021049
0.0, 0.67842644, -0.73464155
0.83651179, 0.4830274
0.0, 0.13732599, 0.0312268
0.0, 0.39063692, 0.92052978
0.89056724, 0.46613735
-0.00491184, 0.15528101, 0.01632079
-0.40357676, 0.58439893, 0.70393991
0.92162877, 0.50346842
0.0, 0.13512404, 0.01632079
0.0, -0.98004091, -0.19864498
0.8764466, 0.50462773
-0.00491184, 0.13512404, 0.01632079
-0.7480697, -0.65034944, -0.13180944
0.88254946, 0.50346842
-0.00491184, 0.10768344, 0.01632079
-0.71251565, 0.7014069, -0.01709037
0.82934922, 0.50346842
-0.00425962, 0.44077986, -0.00606715
-0.29709768, 0.63023776, -0.71727651
0.39901367, 0.23065871
-0.01028359, 0.44077986, -4.317e-05
-0.71727651, 0.63023776, -0.29709768
0.3990137, 0.24111325
0.0, 0.29047063, -0.0083618
0.0, 0.0, -1.0
0.8885693, 0.60928568
0.0, 0.23597959, 0.01632079
0.0, 0.0, 1.0
0.78292513, 0.52210364
-0.01014286, 0.29047063, 0.01632079
-0.70708334, 0.0, 0.70708334
0.8885693, 0.54176804
-0.01014286, 0.23597959, 0.01632079
-0.70708334, 0.0, 0.70708334
0.78292513, 0.54176804
-0.00425961, 0.44077986, 0.01449997
-0.29709768, 0.63023776, 0.71727651
0.39901367, 0.26863915
-0.01028359, 0.40453103, -4.317e-05
-0.92385632, 0.0, -0.38267159
0.32873696, 0.24111336
-0.01028359, 0.40453103, 0.008476
-0.92385632, 0.0, 0.38267159
0.32873696, 0.25762981
-0.00425962, 0.40453103, -0.00606715
-0.38267159, 0.0, -0.92385632
0.32873696, 0.23065871
-0.00425961, 0.40453103, 0.01449997
-0.38267159, 0.0, 0.92385632
0.32873696, 0.26863915
0.0, 0.51688254, -0.02113925
0.0, 0.80272835, 0.59633166
0.9219873, 0.0758242
-0.00159872, 0.5210669, -0.02677183
0.23273416, 0.93490404, 0.26786095
0.93009901, 0.06490409
-0.0026463, 0.51688254, -0.02113925
0.51667839, 0.63847774, 0.57039094
0.9219873, 0.0758242
-0.0026463, 0.52197194, -0.02113925
0.71172214, 0.7021699, 0.01953185
0.93185425, 0.0758242
-0.0169058, 0.29047063, 0.00031653
-0.73201698, -0.66435742, -0.15085299
0.5556761, 0.88438874
-0.01014286, 0.40453103, -0.01539302
-0.1727958, 0.56166267, -0.80910671
0.77681017, 0.8539319
-0.01014286, 0.29047063, -0.01539302
-0.1727958, -0.56166267, -0.80910671
0.5556761, 0.8539319
-0.0169058, 0.29047063, 0.01089949
-0.72243416, -0.63576162, 0.27179784
0.5556761, 0.90490633
-0.0169058, 0.40453103, 0.00031653
-0.73201698, 0.66435742, -0.15085299
0.77681017, 0.88438874
-0.00738152, 0.29047063, 0.02176475
-0.32224494, -0.624897, 0.71105075
0.5556761, 0.93803638
-0.0169058, 0.40453103, 0.01089949
-0.72243416, 0.63576162, 0.27179784
0.77681017, 0.90490633
-0.00738152, 0.40453103, 0.02176474
-0.32224494, 0.62492752, 0.71105075
0.77681017, 0.93769118
-0.00638873, 0.28330624, -0.01739684
-0.92355114, 0.02649007, -0.38254952
0.09371287, 0.06606275
-0.0086933, 0.23597956, -0.01114965
-0.92257452, 0.05261391, 0.38215277
0.00195855, 0.07632381
-0.00638873, 0.28330624, -0.01210422
-0.92355114, 0.02649007, 0.38254952
0.09371287, 0.07632381
-0.00360089, 0.23597956, -0.00605727
-0.38215277, 0.05261391, 0.92257452
0.00195855, 0.08649677
-0.0026463, 0.28330624, -0.0083618
-0.38251901, 0.02649007, 0.92355114
0.09371287, 0.08649427
-0.0026463, 0.28330624, -0.02113925
-0.38251901, 0.02649007, -0.92355114
0.09371287, 0.0558669
-0.00360089, 0.23597956, -0.02344384
-0.38215277, 0.05261391, -0.92257452
0.00195855, 0.0558489
-0.0086933, 0.23597956, -0.01835141
-0.92257452, 0.05261391, -0.38212225
0.00195855, 0.06606275
-0.00638872, 0.47949603, 0.00157012
-0.70708334, -0.70708334, 0.0
0.47482881, 0.21767849
-0.00638872, 0.48848495, -0.01210422
-0.70708334, 0.70708334, 0.0
0.49225542, 0.19116741
-0.00638872, 0.47949603, -0.01210422
-0.70708334, -0.70708334, 0.0
0.47482881, 0.19116741
-0.00638872, 0.48848495, 0.00157012
-0.70708334, 0.70708334, 0.0
0.49225542, 0.21767849
0.0026463, 0.53259349, -0.02113925
0.29709768, -0.63026828, -0.717246
0.57701701, 0.0558669
0.00638873, 0.53259349, -0.01739684
0.71727651, -0.63023776, -0.29709768
0.57701701, 0.06606275
0.00638872, 0.53259349, -0.01210422
0.71727651, -0.63023776, 0.29709768
0.57701701, 0.07632369
0.00264629, 0.53259349, -0.0083618
0.29718924, -0.63020724, 0.71727651
0.57701701, 0.08649427
-0.00638873, 0.53259349, -0.01739684
-0.71727651, -0.63023776, -0.29709768
0.57701701, 0.06606275
-0.0026463, 0.53259349, -0.02113925
-0.29709768, -0.63026828, -0.717246
0.57701701, 0.0558669
-0.00638872, 0.53259349, -0.01210422
-0.71727651, -0.63023776, 0.29706717
0.57701701, 0.07632369
-0.00264629, 0.53259349, -0.0083618
-0.29718924, -0.63020724, 0.71727651
0.57701701, 0.08649427
0.0, 0.53259301, -0.0083618
0.0, -0.70705283, 0.70714438
0.57701701, 0.09292656
0.0, 0.53259301, -0.0083618
0.0, -0.70705283, 0.70714438
0.7046681, 0.05729276
-0.00638872, 0.53259349, -0.01210422
-0.71727651, -0.63023776, 0.29706717
0.69022638, 0.06575233
0.0, 0.53259349, -0.02113925
0.0, -0.70708334, -0.70708334
0.7046681, 0.08617598
0.0, 0.53259349, -0.02113925
0.0, -0.70708334, -0.70708334
0.57701701, 0.04947776
0.0, 0.53259349, -0.02113925
0.0, -0.70708334, -0.70708334
0.57701701, 0.04941422
0.00159872, 0.5210669, -0.02677183
-0.23273416, 0.93490404, 0.26786095
0.70762199, 0.04400426
0.0, 0.52197194, -0.02113925
0.0, 0.98733485, -0.15863521
0.7046681, 0.05454487
0.0026463, 0.52197194, -0.02113925
-0.71172214, 0.7021699, 0.01953185
0.70955753, 0.05454487
-0.00159872, 0.5210669, -0.02677183
0.23273416, 0.93490404, 0.26786095
0.70171428, 0.04400426
-0.0026463, 0.52197194, -0.02113925
0.71172214, 0.7021699, 0.01953185
0.69977868, 0.05454487
0.01266218, 0.09767738, 0.01632079
0.92324597, 0.29319131, 0.24817652
0.5146637, 0.76008189
0.0, 0.09767738, 0.01632079
0.0, 0.76326793, 0.64607686
0.5147928, 0.78694263
0.0, 0.0613949, -0.00686861
0.0, -0.81191444, -0.58372754
0.3981283, 0.69934425
0.0, 0.0613949, -0.00686861
0.0, -0.81191444, -0.58372754
0.0484269, 0.61395857
0.0, 0.12364483, -0.02572628
0.0, -0.8863796, -0.46290475
0.81023103, 0.06634468
0.01014286, 0.29047063, 0.01632079
0.70708334, 0.0, 0.70708334
0.88862497, 0.76008189
0.00491184, 0.09767738, 0.01632079
0.99996948, 0.0, 0.0
0.80995011, 0.79834171
0.0, 0.15528101, 0.01632079
0.0, 0.6387524, 0.76940215
0.92783523, 0.80618598
0.0, 0.10768344, 0.01632079
0.0, 0.99969482, -0.02435377
0.83656859, 0.79836179
0.0, 0.23597959, -0.0083618
0.0, 0.0, -1.0
0.78292513, 0.69252446
0.0, 0.29047063, 0.01632079
0.0, 0.0, 1.0
0.8885693, 0.77970652
0.0, 0.40453103, -0.00606715
0.0, 0.0, -1.0
0.32873696, 0.22118479
0.0086933, 0.23597956, -0.01835141
0.92257452, 0.05261391, -0.38212225
0.00195855, 0.06606275
0.0, 0.47949603, -0.01210422
0.0, -1.0, 0.0
0.47482881, 0.19116741
0.0, 0.48848495, 0.00157012
0.0, 1.0, 0.0
0.49225542, 0.21767849
-0.01266215, 0.12351182, -0.02564813
-0.67824334, -0.09811701, -0.72823268
0.56477499, 0.623135
0.0, 0.09767738, 0.01632079
0.0, 0.76326793, 0.64607686
0.5146637, 0.51486745
0.0, 0.0613949, -0.00686861
0.0, -0.81191444, -0.58372754
0.39812836, 0.60246536
0.0, 0.06549273, 0.03440204
0.0, -0.99417096, -0.10751671
0.37842134, 0.46662599
-0.01014286, 0.29047063, 0.01632079
-0.70708334, 0.0, 0.70708334
0.88862497, 0.54172787
-0.00491184, 0.09767738, 0.01632079
-0.99996948, 0.0, 0.0
0.80995011, 0.50346842
0.0, 0.13258326, 0.0288554
0.0, -0.6540727, -0.75640124
0.87199736, 0.48549289
0.0, 0.15528101, 0.01632079
0.0, 0.6387524, 0.76940215
0.92783529, 0.49562424
0.0, 0.10768344, 0.01632079
0.0, 0.99969482, -0.02435377
0.83656859, 0.5034484
0.0, 0.23597959, -0.0083618
0.0, 0.0, -1.0
0.78292513, 0.60928565
0.0, 0.29047063, 0.01632079
0.0, 0.0, 1.0
0.8885693, 0.52210364
0.0, 0.5210669, -0.02677183
0.0, 0.97137362, 0.23749503
0.93009901, 0.06490403
-0.0026463, 0.53259349, -0.02113925
-0.29709768, -0.63026828, -0.717246
0.69868618, 0.08617616
-0.00638873, 0.53259349, -0.01739684
-0.71727651, -0.63023776, -0.29709768
0.69022638, 0.07771641
0.0026463, 0.53259349, -0.02113925
0.29709768, -0.63026828, -0.717246
0.71065009, 0.08617598
0.00638873, 0.53259349, -0.01739684
0.71727651, -0.63023776, -0.29709768
0.71910983, 0.07771641
0.00638872, 0.53259349, -0.01210422
0.71727651, -0.63023776, 0.29709768
0.71910983, 0.06575233
0.00264629, 0.53259349, -0.0083618
0.29718924, -0.63020724, 0.71727651
0.71065009, 0.05729276
-0.00264629, 0.53259349, -0.0083618
-0.29718924, -0.63020724, 0.71727651
0.69868618, 0.05729276
0.0, 0.5210669, -0.02677183
0.0, 0.97137362, 0.23749503
0.7046681, 0.04400426
# Number of Faces:
308
# Face Data:
0, 1, 2
3, 4, 5
6, 7, 8
9, 10, 11
12, 11, 4
5, 8, 3
0, 5, 13
14, 15, 16
16, 17, 18
19, 20, 21
20, 16, 18
22, 23, 15
22, 24, 25
26, 24, 27
26, 19, 28
22, 26, 27
29, 30, 31
32, 33, 34
35, 36, 34
37, 38, 39
33, 40, 35
41, 42, 43
32, 44, 45
46, 47, 42
43, 48, 49
50, 46, 41
51, 38, 50
49, 52, 53
45, 54, 33
51, 41, 53
55, 56, 57
58, 59, 60
61, 55, 62
61, 63, 64
65, 66, 55
67, 64, 68
69, 63, 62
42, 70, 48
60, 71, 58
72, 73, 74
75, 46, 38
48, 76, 52
77, 70, 47
78, 47, 79
80, 76, 70
81, 79, 75
82, 75, 37
83, 84, 85
86, 87, 84
88, 89, 90
91, 92, 89
93, 94, 92
95, 96, 94
97, 98, 99
100, 99, 101
102, 103, 104
105, 101, 106
98, 107, 102
108, 88, 90
109, 110, 93
92, 96, 108
111, 112, 113
114, 113, 112
115, 116, 111
117, 118, 119
120, 3, 121
122, 123, 118
119, 124, 125
125, 126, 120
121, 8, 122
121, 117, 127
128, 129, 130
131, 130, 132
133, 134, 135
133, 130, 129
136, 137, 128
137, 138, 139
138, 140, 139
134, 140, 141
140, 137, 139
142, 29, 143
144, 145, 146
36, 145, 144
147, 37, 39
40, 146, 145
148, 149, 150
44, 151, 152
148, 153, 154
155, 150, 156
154, 157, 149
157, 39, 51
52, 156, 53
54, 152, 146
150, 149, 53
158, 159, 160
161, 162, 163
160, 159, 164
165, 166, 164
167, 168, 159
169, 165, 170
166, 171, 164
148, 172, 173
174, 163, 162
175, 176, 177
154, 178, 147
155, 76, 172
172, 179, 173
173, 180, 153
76, 181, 172
153, 182, 178
178, 82, 37
183, 184, 185
185, 184, 186
187, 188, 189
190, 191, 187
192, 193, 190
96, 194, 192
195, 196, 197
197, 198, 199
200, 103, 201
199, 105, 106
195, 201, 202
188, 108, 189
193, 109, 191
108, 190, 187
203, 204, 205
205, 114, 203
206, 115, 204
98, 207, 208
99, 208, 209
101, 209, 210
200, 211, 212
195, 213, 211
197, 214, 213
215, 101, 210
199, 215, 214
216, 217, 218
102, 219, 207
104, 212, 220
221, 222, 223
222, 224, 225
0, 226, 1
3, 12, 4
6, 1, 7
9, 227, 10
12, 9, 11
5, 6, 8
0, 2, 5
14, 22, 15
16, 228, 17
19, 14, 20
20, 14, 16
22, 25, 23
22, 27, 24
26, 28, 24
26, 14, 19
22, 14, 26
29, 229, 30
32, 45, 33
33, 35, 34
35, 40, 36
37, 75, 38
33, 54, 40
41, 46, 42
32, 230, 44
46, 79, 47
43, 42, 48
50, 38, 46
51, 39, 38
49, 48, 52
45, 44, 54
49, 53, 43
51, 50, 41
41, 43, 53
55, 66, 56
58, 231, 59
57, 232, 62
232, 69, 62
67, 65, 55
57, 62, 55
61, 67, 55
61, 62, 63
65, 233, 66
67, 61, 64
69, 234, 63
42, 47, 70
60, 235, 71
72, 236, 73
75, 79, 46
48, 70, 76
77, 80, 70
78, 77, 47
80, 237, 76
81, 78, 79
82, 81, 75
83, 86, 84
88, 91, 89
91, 93, 92
93, 95, 94
95, 110, 96
97, 238, 98
100, 97, 99
102, 107, 103
105, 100, 101
98, 238, 107
108, 109, 88
93, 91, 109
88, 109, 91
110, 95, 93
108, 90, 89
89, 92, 108
94, 96, 92
111, 116, 112
114, 239, 113
115, 240, 116
117, 241, 118
120, 126, 3
122, 8, 123
119, 242, 124
125, 124, 126
121, 3, 8
121, 241, 117
128, 137, 129
131, 243, 130
133, 129, 134
133, 132, 130
136, 244, 137
137, 244, 138
138, 141, 140
134, 129, 140
140, 129, 137
142, 229, 29
151, 144, 146
146, 152, 151
36, 40, 145
147, 178, 37
40, 54, 146
148, 154, 149
44, 230, 151
148, 173, 153
155, 148, 150
154, 147, 157
157, 147, 39
52, 155, 156
54, 44, 152
51, 53, 149
156, 150, 53
149, 157, 51
158, 167, 159
161, 245, 162
171, 246, 164
159, 168, 170
159, 170, 165
164, 246, 160
159, 165, 164
165, 247, 166
167, 248, 168
169, 247, 165
166, 249, 171
148, 155, 172
174, 250, 163
175, 251, 176
154, 153, 178
155, 52, 76
172, 181, 179
173, 179, 180
76, 237, 181
153, 180, 182
178, 182, 82
183, 252, 184
187, 191, 188
190, 193, 191
192, 194, 193
96, 110, 194
195, 202, 196
197, 196, 198
200, 104, 103
199, 198, 105
195, 200, 201
188, 109, 108
188, 191, 109
193, 194, 110
110, 109, 193
187, 189, 108
108, 96, 190
192, 190, 96
203, 206, 204
205, 239, 114
206, 240, 115
98, 102, 207
99, 98, 208
101, 99, 209
200, 195, 211
195, 197, 213
197, 199, 214
215, 106, 101
199, 106, 215
253, 218, 254
255, 256, 218
257, 258, 216
216, 259, 217
217, 254, 218
218, 256, 257
257, 216, 218
102, 104, 219
104, 200, 212
221, 260, 222
222, 260, 224
