# Project Zomboid Skinned Mesh
# File Version:
1.0
# Model Name:
Cube
# Vertex Stride Element Count:
3
# Vertex Stride Size (in bytes):
76
# Vertex Stride Data:
# (Int)    Offset
# (String) Type
0
VertexArray
12
NormalArray
24
TextureCoordArray
# Vertex Count:
246
# Vertex Buffer:
0.01053525, 0.20728958, 0.00986402
0.57921082, 0.58653522, 0.56608784
0.61450505, 0.85626629
0.0, 0.20728958, -0.01771004
0.0, 0.70708334, -0.70708334
0.61450505, 0.78248307
0.0, 0.20728958, 0.00986402
0.0, 0.71953487, 0.69444871
0.61450505, 0.87377076
0.01053525, 0.16305661, 0.01143389
0.72118288, 0.06704917, 0.68944365
0.53184676, 0.85919993
0.01053525, 0.20728958, -0.01771004
0.57734919, 0.57734919, -0.57734919
0.61450505, 0.80473852
0.0, 0.16305661, 0.01143389
0.0, 0.09680471, 0.99530017
0.53407311, 0.88326705
0.01053525, 0.12459476, -0.01771004
0.63634145, -0.26911223, -0.72289193
0.45997292, 0.80473852
0.01053525, 0.11301698, -0.0077021
0.75386822, -0.32416761, -0.57145911
0.43833742, 0.82344043
0.0, 0.12459476, -0.01771004
0.0, -0.34888759, -0.93713188
0.45997292, 0.78401271
0.01053525, -0.10922441, 0.02568301
0.57631153, -0.65190589, -0.49278238
0.0230338, 0.76429197
0.0, 0.03326231, 0.007295
0.0, 0.21723075, -0.97610402
0.28929952, 0.71153891
0.01053525, 0.03326231, 0.007295
0.63789791, 0.16730247, -0.75170141
0.28929952, 0.72993022
0.0, 0.12008142, 0.01830208
0.0, 0.25083163, 0.96801662
0.45340833, 0.89101534
0.0, -0.09848647, 0.09774727
0.0, -0.51164281, 0.85915709
0.04486436, 0.92107619
0.01053525, -0.09848647, 0.09774727
0.56752223, -0.42127749, 0.70738852
0.04309987, 0.89895875
0.01053525, 0.12008142, 0.01830208
0.72908717, 0.17166662, 0.66249579
0.45153868, 0.87203455
0.00277544, 0.20728958, -0.00643077
0.38267159, 0.0, 0.92385632
0.19302639, 0.5160839
0.0, 0.52449846, -0.00643077
0.0, 0.70708334, 0.70708334
0.78572887, 0.52642953
0.0, 0.20728958, -0.00643077
0.0, 0.0, 1.0
0.19295874, 0.52642953
0.00670052, 0.20728958, -0.01035586
0.92385632, 0.0, 0.38267159
0.19302639, 0.50874907
0.00277544, 0.52449846, -0.00643077
0.29709768, 0.63023776, 0.71727651
0.78579646, 0.5160839
0.00670052, 0.20728958, -0.01590674
0.99996948, 0.0, 0.0
0.19302639, 0.49837613
0.00670052, 0.52449846, -0.01035586
0.71727651, 0.63023776, 0.29709768
0.78579646, 0.50874907
0.00277544, 0.19372597, -0.01983182
0.29538864, -0.34827724, -0.88961452
0.16226611, 0.4910413
0.00670052, 0.20729506, -0.01590674
0.70708334, 0.0, -0.70708334
0.18762287, 0.49837613
0.00670052, 0.19057146, -0.01590674
0.70708334, 0.0, -0.70708334
0.15637138, 0.49837613
0.0, 0.19372597, -0.01983182
0.0, -0.43217263, -0.90176094
0.16233847, 0.48025328
0.00277544, 0.20729515, -0.01983182
0.38267159, 0.0, -0.92385632
0.18762289, 0.4910413
0.00670052, 0.52449846, -0.01035586
0.71727651, 0.63023776, 0.29709768
0.79614717, 0.50909787
0.0, 0.52449846, -0.01983182
0.0, 0.70708334, -0.70708334
0.80866843, 0.49139011
0.0, 0.52449846, -0.00643077
0.0, 0.70708334, 0.70708334
0.80866843, 0.5164327
0.0, 0.19057146, -0.01590674
0.0, -0.77944273, -0.62642294
0.14276549, 0.48012203
0.00670052, 0.19057146, -0.01590674
0.0, -0.77944273, -0.62642294
0.14259085, 0.50616658
0.00437023, 0.52253628, -0.00025033
0.71727651, 0.63023776, 0.29709768
0.78212923, 0.55553684
0.0, 0.52253628, -0.00643077
0.0, 0.70708334, -0.70708334
0.78212923, 0.53730783
0.0, 0.52253628, 0.0023097
0.0, 0.70708334, 0.70708334
0.78212923, 0.56725302
0.01053525, 0.07826917, 0.00378369
0.70708334, -0.22190008, -0.67137671
0.37340397, 0.84490401
0.0018102, 0.52253628, 0.0023097
0.29709768, 0.63023776, 0.71727651
0.78212923, 0.56236055
0.00437023, 0.35448512, -0.00025033
0.92385632, 0.0, 0.38267159
0.5075416, 0.55553684
0.00181021, 0.52253628, -0.00643077
0.29709768, 0.63023776, -0.71727651
0.78212923, 0.54189268
0.0, 0.35448512, -0.00643077
0.0, 0.0, -1.0
0.50759155, 0.5352433
0.00437023, 0.35448512, -0.00387075
0.92385632, 0.0, -0.38267159
0.5075416, 0.54877135
0.00437023, 0.52253628, -0.00387075
0.71727651, 0.63023776, -0.29709768
0.78212923, 0.54877135
0.0018102, 0.35448512, 0.0023097
0.38267159, 0.0, 0.92385632
0.50756198, 0.5634639
0.00181021, 0.35448512, -0.00643077
0.38267159, 0.0, -0.92385632
0.50754684, 0.54085031
0.0, 0.12008142, 0.01830208
0.0, 0.25083163, 0.96801662
0.45153868, 0.89185222
0.01053525, 0.08868176, 0.02971525
0.70708334, 0.24155401, 0.66454053
0.39286199, 0.8933624
0.0, 0.04502325, 0.01477303
0.0, 0.12323374, -0.99237037
0.31127715, 0.72572958
0.01053525, 0.04502325, 0.01477303
0.81734669, 0.07098605, -0.57173377
0.31127715, 0.74390447
0.0, 0.11301698, -0.0077021
0.0, -0.49339274, -0.8697775
0.43833742, 0.80273584
0.00810718, 0.32831854, -0.01447665
0.70708334, 0.0, -0.70708334
0.8876788, 0.81078079
0.00810718, 0.3413941, 0.00618412
0.68514055, 0.10702841, 0.72048098
0.91931897, 0.84938967
0.00810718, 0.26846722, 0.00959147
0.70238352, 0.01818903, 0.71153903
0.77583426, 0.85575701
0.00810718, 0.20728958, -0.01447665
0.57734919, -0.57734919, -0.57734919
0.66151118, 0.81078079
0.00810718, 0.20728958, 0.00986402
0.57710499, -0.57615894, 0.57872248
0.66151118, 0.85626629
0.00810718, 0.34772557, -0.01287153
0.73604542, 0.08380383, -0.67168188
0.93331969, 0.81378026
0.00810718, 0.3413941, -0.01447665
0.68025756, 0.09073153, -0.72731709
0.91931897, 0.81078079
0.00810718, 0.35814452, -0.01287153
0.57734919, 0.57734919, -0.57734919
0.95800263, 0.81378026
0.00810718, 0.34772557, 0.00457901
0.73604542, 0.08380383, 0.67168188
0.93331969, 0.8463902
0.00435368, 0.12151089, 0.03985529
0.87624747, 0.18759727, -0.44376963
0.45420995, 0.94393514
0.00435368, 0.14587662, 0.04034587
0.60795921, 0.58955657, 0.53175449
0.4997423, 0.94485192
0.00435374, 0.11611448, 0.04361644
0.92410046, -0.35462508, -0.1423078
0.44412565, 0.95096363
0.0, 0.35814452, 0.00457901
0.0, 0.70708334, 0.70708334
0.95800263, 0.86336415
0.00810718, 0.35814452, 0.00457901
0.57734919, 0.57734919, 0.57734919
0.95800263, 0.8463902
0.0, 0.32831854, -0.01447665
0.0, 0.0, -0.99996948
0.88755298, 0.79231969
0.0, 0.3413941, -0.01447665
0.0, 0.12381359, -0.99227881
0.91869175, 0.7934747
0.0, 0.34772557, 0.00457901
0.0, 0.12381359, 0.99227881
0.93331969, 0.86336415
0.0, 0.20728958, -0.01447665
0.0, -0.70708334, -0.70708334
0.66151118, 0.79589707
0.0, 0.3413941, 0.00618412
0.0, 0.14694662, 0.98913538
0.91931897, 0.86770189
0.0, 0.20728958, 0.00986402
0.0, -0.70552689, 0.70867032
0.66151118, 0.87269172
0.0, 0.35814452, -0.01287153
0.0, 0.70708334, -0.70708334
0.95800263, 0.79711309
0.0, 0.26846722, 0.00959147
0.0, 0.02554399, 0.99966431
0.77644563, 0.87216774
0.0, 0.34772557, -0.01287153
0.0, 0.12381359, -0.99227881
0.93331969, 0.79711309
0.00435368, 0.06362183, 0.04018235
0.57890558, -0.73155922, -0.36002687
0.34603244, 0.94454632
0.00435374, 0.07090235, 0.0425686
0.89852595, 0.39146093, 0.19837031
0.35963759, 0.94900557
0.00435374, 0.07523233, 0.05702576
0.90755945, 0.19443342, -0.37217322
0.36772907, 0.97602173
0.00435367, 0.11405821, -0.00739305
0.45457318, -0.89013338, -0.03085421
0.07195657, 0.51499116
0.00435367, 0.11462599, -0.0237648
0.55049288, -0.34287545, -0.76116216
0.07301754, 0.48439723
0.00435367, 0.1238056, -0.01619405
0.67165136, 0.47135839, -0.57155067
0.09017152, 0.49854463
0.0, 0.13868135, 0.03511297
0.0, -0.72124392, -0.69264811
0.48077154, 0.93011149
0.00435368, 0.1437507, 0.0133637
0.77504808, -0.61537522, -0.14340648
0.49576968, 0.89443018
0.00435367, 0.13868135, 0.03511297
0.84191412, -0.38917202, -0.37372968
0.48629647, 0.93507314
0.0, 0.11462599, -0.0237648
0.0, -0.41071811, -0.91174048
0.06994128, 0.47434241
0.00435367, 0.15143657, 0.01238252
0.62190616, 0.7680288, 0.15268411
0.51013225, 0.89259665
0.0, 0.14587662, 0.04034587
0.0, 0.74254584, 0.66975921
0.50628173, 0.9517264
0.0, 0.11405821, -0.00739305
0.0, -0.99938965, -0.03463851
0.05822903, 0.51286075
0.0, 0.10842861, 0.02922595
0.0, -0.36097294, 0.93255407
0.42096534, 0.93023881
0.00435374, 0.10842861, 0.02922595
0.88659322, -0.16693625, 0.43128759
0.42976308, 0.92407205
0.00435368, 0.07114412, 0.06340336
0.57808161, -0.37614062, 0.72408217
0.36008939, 0.98793959
0.0, 0.11611448, 0.04361644
0.0, -0.92803735, -0.37244788
0.43300387, 0.94894784
0.0, 0.07114412, 0.06340336
0.0, -0.46098208, 0.88738668
0.35169572, 0.99999505
0.0, 0.07523233, 0.05702576
0.0, 0.46302682, -0.88631856
0.37511295, 0.96916439
0.0, 0.06362183, 0.04018235
0.0, -0.89721364, -0.44157231
0.3343823, 0.93824083
0.00435368, 0.11218975, 0.02284834
0.58613849, 0.28791162, -0.75731683
0.43679154, 0.91215416
0.0, 0.07090235, 0.0425686
0.0, 0.8919645, 0.45207068
0.36891693, 0.95175059
0.0, 0.11218975, 0.02284834
0.0, 0.35535753, -0.93472093
0.43980971, 0.90431229
0.0, 0.12151089, 0.03985529
0.0, 0.38938567, -0.92104864
0.45750415, 0.93663167
0.0, 0.51430035, -0.02427816
0.0, 0.55711538, -0.83040863
0.76673883, 0.46788853
0.00277544, 0.50383151, -0.01983182
0.7129429, -0.54185611, -0.44502091
0.74717563, 0.47619754
0.0, 0.50383151, -0.02427816
0.0, -0.55711538, -0.83040863
0.74717563, 0.46788853
0.00442046, 0.24752033, -0.02767528
0.57625049, 0.55729848, -0.59776604
0.26820561, 0.46154034
0.00277544, 0.24434751, -0.01983182
0.64806056, -0.74932098, 0.13589892
0.26227662, 0.47619754
0.00442046, 0.24434751, -0.02767528
0.57625049, -0.55729848, -0.59776604
0.26227662, 0.46154034
0.0, 0.24752033, -0.02657758
0.0, 0.76555681, -0.64333016
0.27719179, 0.44788146
0.00277544, 0.24752033, -0.01983182
0.64806056, 0.74932098, 0.13589892
0.26820561, 0.47619754
0.0, 0.24434751, -0.02657758
0.0, -0.76555681, -0.64333016
0.25447711, 0.44451982
0.0, 0.50383151, -0.01983182
0.0, -1.0, 0.0
0.74344331, 0.47386777
0.0, 0.51430035, -0.01983182
0.0, 1.0, 0.0
0.77047116, 0.47386777
0.00277544, 0.51430035, -0.01983182
0.7129429, 0.54185611, -0.44502091
0.76673883, 0.47619754
-0.01053525, 0.20728958, 0.00986402
-0.57921082, 0.58653522, 0.56608784
0.61450505, 0.85626629
-0.01053525, 0.20728958, -0.01771004
-0.57734919, 0.57734919, -0.57734919
0.61450505, 0.19526362
-0.01053525, 0.16305661, 0.01143389
-0.72118288, 0.06704917, 0.68944365
0.53184676, 0.14080215
-0.01053525, 0.20728958, 0.00986402
-0.57921082, 0.58653522, 0.56608784
0.61450505, 0.14373589
0.0, 0.16305661, 0.01143389
0.0, 0.09680471, 0.99530017
0.53407311, 0.1167351
0.0, 0.20728958, 0.00986402
0.0, 0.71953487, 0.69444871
0.61450505, 0.12623131
0.0, 0.20728958, -0.01771004
0.0, 0.70708334, -0.70708334
0.61450505, 0.21751904
-0.01053525, 0.12459476, -0.01771004
-0.63634145, -0.26911223, -0.72289193
0.45997292, 0.19526362
0.0, 0.12459476, -0.01771004
0.0, -0.34888759, -0.93713188
0.45997292, 0.21598947
-0.01053525, 0.11301698, -0.0077021
-0.75386822, -0.32416761, -0.57145911
0.43833742, 0.17656171
0.0, 0.03326231, 0.007295
0.0, 0.21723075, -0.97610402
0.28929952, 0.28846323
-0.01053525, -0.10922441, 0.02568301
-0.57631153, -0.65190589, -0.49278238
0.0230338, 0.23571014
-0.01053525, 0.03326231, 0.007295
-0.63789791, 0.16730247, -0.75170141
0.28929952, 0.27007186
0.0, 0.12008142, 0.01830208
0.0, 0.25083163, 0.96801662
0.45340833, 0.10898674
0.0, -0.09848647, 0.09774727
0.0, -0.51164281, 0.85915709
0.04486436, 0.07892597
-0.01053525, -0.09848647, 0.09774727
-0.56752223, -0.42127749, 0.70738852
0.04309988, 0.10104334
-0.01053525, 0.12008142, 0.01830208
-0.72908717, 0.17166662, 0.66249579
0.45153868, 0.1279676
-0.00277544, 0.20728958, -0.00643077
-0.38267159, 0.0, 0.92385632
0.19302639, 0.5160839
-0.00277544, 0.52449846, -0.00643077
-0.29709768, 0.63023776, 0.71727651
0.78579646, 0.5160839
-0.00670052, 0.20728958, -0.01035586
-0.92385632, 0.0, 0.38267159
0.19302639, 0.50874907
-0.00670052, 0.52449846, -0.01035586
-0.71727651, 0.63023776, 0.29709768
0.78579646, 0.50874907
-0.00670052, 0.20728958, -0.01590674
-0.99996948, 0.0, 0.0
0.19302639, 0.49837613
-0.00670052, 0.20729509, -0.01590674
-0.70708334, 0.0, -0.70708334
0.18762295, 0.49837613
-0.00277544, 0.19372597, -0.01983182
-0.29538864, -0.34827724, -0.88961452
0.16226611, 0.4910413
-0.00670052, 0.19057146, -0.01590674
-0.70708334, 0.0, -0.70708334
0.15637138, 0.49837613
-0.00277544, 0.20729515, -0.01983182
-0.38267159, 0.0, -0.92385632
0.18762289, 0.4910413
-0.00670052, 0.52449846, -0.01590674
-0.71727651, 0.63023776, -0.29709768
0.79614717, 0.49872494
-0.00670052, 0.52449846, -0.01035586
-0.71727651, 0.63023776, 0.29709768
0.79614717, 0.50909787
-0.00437023, 0.52253628, -0.00387075
-0.71727651, 0.63023776, -0.29709768
0.78212923, 0.54877135
-0.00437023, 0.52253628, -0.00025033
-0.71727651, 0.63023776, 0.29709768
0.78212923, 0.55553684
-0.01053525, 0.07826915, 0.00378369
-0.70708334, -0.22190008, -0.67137671
0.37340397, 0.15509808
-0.01053525, 0.08868176, 0.02971525
-0.70708334, 0.24155401, 0.66454053
0.39286199, 0.10663968
-0.00437023, 0.35448512, -0.00025033
-0.92385632, 0.0, 0.38267159
0.5075416, 0.55553684
-0.0018102, 0.52253628, 0.0023097
-0.29709768, 0.63023776, 0.71727651
0.78212923, 0.56236055
-0.00181021, 0.52253628, -0.00643077
-0.29709768, 0.63023776, -0.71727651
0.78212923, 0.54189268
-0.00437023, 0.35448512, -0.00387075
-0.92385632, 0.0, -0.38267159
0.5075416, 0.54877135
-0.0018102, 0.35448512, 0.0023097
-0.38267159, 0.0, 0.92385632
0.50756198, 0.5634639
-0.00181021, 0.35448512, -0.00643077
-0.38267159, 0.0, -0.92385632
0.50754684, 0.54085031
0.0, 0.12008142, 0.01830208
0.0, 0.25083163, 0.96801662
0.45153868, 0.10814989
0.0, 0.08868176, 0.02971525
0.0, 0.34159368, 0.93981749
0.39311549, 0.08649164
0.0, 0.04502325, 0.01477303
0.0, 0.12323374, -0.99237037
0.31127715, 0.27427256
-0.01053525, 0.04502325, 0.01477303
-0.81734669, 0.07098605, -0.57170326
0.31127715, 0.25609767
0.0, 0.11301698, -0.0077021
0.0, -0.49339274, -0.8697775
0.43833742, 0.19726622
-0.00810718, 0.32831854, -0.01447665
-0.70708334, 0.0, -0.70708334
0.8876788, 0.18922138
-0.00810718, 0.3413941, 0.00618412
-0.68514055, 0.10702841, 0.72048098
0.91931897, 0.15061247
-0.00810718, 0.3413941, -0.01447665
-0.68025756, 0.09073153, -0.72731709
0.91931897, 0.18922138
-0.00810718, 0.20728958, -0.01447665
-0.57734919, -0.57734919, -0.57734919
0.66151118, 0.18922138
-0.00810718, 0.26846722, 0.00959147
-0.70238352, 0.01818903, 0.71153903
0.77583426, 0.14424515
-0.00810718, 0.34772557, -0.01287153
-0.73604542, 0.08380383, -0.67168188
0.93331969, 0.18622184
-0.00810718, 0.34772557, 0.00457901
-0.73604542, 0.08380383, 0.67168188
0.93331969, 0.1536119
-0.00810718, 0.35814452, -0.01287153
-0.57734919, 0.57734919, -0.57734919
0.95800263, 0.18622184
-0.00435374, 0.11611448, 0.04361644
-0.92410046, -0.35462508, -0.1423078
0.44412565, 0.04903853
-0.00435368, 0.14587662, 0.04034587
-0.60795921, 0.58955657, 0.53175449
0.4997423, 0.05515027
-0.00435368, 0.12151089, 0.03985529
-0.87624747, 0.18759727, -0.44376963
0.45420995, 0.05606699
-0.00810718, 0.35814452, 0.00457901
-0.57734919, 0.57734919, 0.57734919
0.95800263, 0.8463902
-0.00810718, 0.35814452, -0.01287153
-0.57734919, 0.57734919, -0.57734919
0.95800263, 0.81378026
0.0, 0.32831854, -0.01447665
0.0, 0.0, -0.99996948
0.88755298, 0.20768249
0.0, 0.3413941, -0.01447665
0.0, 0.12381359, -0.99227881
0.91869175, 0.20652747
0.0, 0.34772557, 0.00457901
0.0, 0.12381359, 0.99227881
0.93331969, 0.13663793
-0.00810718, 0.35814452, 0.00457901
-0.57734919, 0.57734919, 0.57734919
0.95800263, 0.1536119
-0.00810718, 0.20728958, 0.00986402
-0.57710499, -0.57615894, 0.57872248
0.66151118, 0.85626629
-0.00810718, 0.20728958, -0.01447665
-0.57734919, -0.57734919, -0.57734919
0.66151118, 0.81078079
0.0, 0.3413941, 0.00618412
0.0, 0.14694662, 0.98913538
0.91931897, 0.13230026
0.0, 0.20728958, 0.00986402
0.0, -0.70552689, 0.70867032
0.66151118, 0.1273104
-0.00810718, 0.20728958, 0.00986402
-0.57710499, -0.57615894, 0.57872248
0.66151118, 0.14373589
0.0, 0.35814452, -0.01287153
0.0, 0.70708334, -0.70708334
0.95800263, 0.20288908
0.0, 0.26846722, 0.00959147
0.0, 0.02554399, 0.99966431
0.77644563, 0.12783444
0.0, 0.34772557, -0.01287153
0.0, 0.12381359, -0.99227881
0.93331969, 0.20288908
-0.00435374, 0.07523233, 0.05702576
-0.90755945, 0.19443342, -0.37217322
0.36772907, 0.0239805
-0.00435368, 0.06362183, 0.04018235
-0.57890558, -0.73155922, -0.36002687
0.34603244, 0.0554558
-0.00435368, 0.07114412, 0.06340336
-0.57808161, -0.37614062, 0.72408217
0.36008939, 0.01206255
-0.00435367, 0.11405821, -0.00739305
-0.45457318, -0.89013338, -0.03085421
0.07195657, 0.51499116
-0.00435367, 0.1238056, -0.01619405
-0.67165136, 0.47135839, -0.57155067
0.09017152, 0.49854463
-0.00435367, 0.11462599, -0.0237648
-0.55049288, -0.34287545, -0.76116216
0.07301754, 0.48439723
-0.00435367, 0.13868135, 0.03511297
-0.84191412, -0.38917202, -0.37372968
0.48629647, 0.06492901
0.0, 0.1437507, 0.0133637
0.0, -0.97387618, -0.22696616
0.48851916, 0.10708237
0.0, 0.13868135, 0.03511297
0.0, -0.72124392, -0.69264811
0.48077154, 0.06989062
-0.00435367, 0.15143657, 0.01238252
-0.62190616, 0.7680288, 0.15268411
0.51013225, 0.10740542
0.0, 0.14587662, 0.04034587
0.0, 0.74254584, 0.66975921
0.50628173, 0.04827571
0.0, 0.15143657, 0.01238252
0.0, 0.98077333, 0.19498275
0.52033848, 0.10530031
-0.00435374, 0.07090235, 0.0425686
-0.89852595, 0.39146093, 0.19837031
0.35963759, 0.05099654
0.0, 0.10842861, 0.02922595
0.0, -0.36097294, 0.93255407
0.42096534, 0.0697633
-0.00435374, 0.10842861, 0.02922595
-0.88659322, -0.16693625, 0.43128759
0.42976308, 0.07593012
0.0, 0.11611448, 0.04361644
0.0, -0.92803735, -0.37244788
0.43300387, 0.05105436
0.0, 0.07114412, 0.06340336
0.0, -0.46098208, 0.88738668
0.35169572, 7.03e-06
0.0, 0.07523233, 0.05702576
0.0, 0.46302682, -0.88631856
0.37511295, 0.03083777
-0.00435368, 0.11218975, 0.02284834
-0.58613849, 0.28791162, -0.75731683
0.43679154, 0.08784795
0.0, 0.06362183, 0.04018235
0.0, -0.89721364, -0.44157231
0.3343823, 0.06176126
0.0, 0.07090235, 0.0425686
0.0, 0.8919645, 0.45207068
0.36891693, 0.04825151
0.0, 0.11218975, 0.02284834
0.0, 0.35535753, -0.93472093
0.43980971, 0.09568989
0.0, 0.12151089, 0.03985529
0.0, 0.38938567, -0.92104864
0.45750415, 0.06337047
-0.00277544, 0.50383151, -0.01983182
-0.7129429, -0.54185611, -0.44502091
0.74717563, 0.47619754
-0.00277544, 0.24434751, -0.01983182
-0.64806056, -0.74932098, 0.13589892
0.26227662, 0.47619754
-0.00442046, 0.24752033, -0.02767528
-0.57625049, 0.55729848, -0.59776604
0.26820561, 0.46154034
-0.00442046, 0.24434751, -0.02767528
-0.57625049, -0.55729848, -0.59776604
0.26227662, 0.46154034
-0.00277544, 0.24752033, -0.01983182
-0.64806056, 0.74932098, 0.13589892
0.26820561, 0.47619754
0.0, 0.24434751, -0.01983182
0.0, -1.0, 0.0
0.25000098, 0.47435588
-0.00277544, 0.51430035, -0.01983182
-0.7129429, 0.54185611, -0.44502091
0.76673883, 0.47619754
0.0, 0.07826915, 0.00378369
0.0, -0.31382182, -0.94946134
0.37340397, 0.2960453
-0.01053525, 0.07826915, 0.00378369
-0.70708334, -0.22190008, -0.67137671
0.37340397, 0.2766335
0.0, 0.07826915, 0.00378369
0.0, -0.31382182, -0.94946134
0.37340397, 0.70395681
0.0, 0.08868176, 0.02971525
0.0, 0.34159368, 0.93981749
0.39311549, 0.79197507
0.01053525, 0.08868176, 0.02971525
0.70708334, 0.24155401, 0.66454053
0.39286199, 0.77182701
-0.01053525, 0.08868176, 0.02971525
-0.70708334, 0.24155401, 0.66454053
0.39286199, 0.2281751
0.0, 0.08868176, 0.02971525
0.0, 0.34159368, 0.93981749
0.39311549, 0.20802706
0.0, 0.20729515, -0.01983182
0.0, 0.0, -1.0
0.19310896, 0.48025328
0.00277544, 0.52449846, -0.01983182
0.29709768, 0.63023776, -0.71727651
0.78579646, 0.4910413
0.00277544, 0.20729515, -0.01983182
0.38267159, 0.0, -0.92385632
0.1930366, 0.4910413
-0.00277544, 0.20729515, -0.01983182
-0.38267159, 0.0, -0.92385632
0.1930366, 0.4910413
-0.00670052, 0.52449846, -0.01590674
-0.71727651, 0.63023776, -0.29709768
0.78579646, 0.49837613
-0.00277544, 0.52449846, -0.01983182
-0.29709768, 0.63023776, -0.71727651
0.78579646, 0.4910413
0.0, 0.52449846, -0.01983182
0.0, 0.70708334, -0.70708334
0.78586882, 0.48025328
0.00670052, 0.52449846, -0.01590674
0.71727651, 0.63023776, -0.29709768
0.78579646, 0.49837613
0.0, 0.11301698, -0.0077021
0.0, -0.49339274, -0.8697775
0.43833742, 0.80402544
0.0, -0.10922441, 0.02568301
0.0, -0.79772329, -0.60298473
0.01810564, 0.74000341
0.0, 0.20729515, -0.01983182
0.0, 0.0, -1.0
0.18769525, 0.48025328
0.00277544, 0.52449846, -0.00643077
0.29709768, 0.63023776, 0.71727651
0.803482, 0.5164327
0.00670052, 0.52449846, -0.01590674
0.71727651, 0.63023776, -0.29709768
0.79614717, 0.49872494
0.00277544, 0.52449846, -0.01983182
0.29709768, 0.63023776, -0.71727651
0.803482, 0.49139011
0.0, 0.35448512, 0.0023097
0.0, 0.0, 1.0
0.50756925, 0.56840131
0.0, 0.08868176, 0.02971525
0.0, 0.34159368, 0.93981749
0.39311549, 0.91351045
0.0, 0.07826915, 0.00378369
0.0, -0.31382182, -0.94946134
0.37340397, 0.8254922
0.0, 0.1437507, 0.0133637
0.0, -0.97387618, -0.22696616
0.48851916, 0.89291979
0.0, 0.1238056, -0.01619405
0.0, 0.6362499, -0.77144688
0.09559274, 0.48915893
0.0, 0.15143657, 0.01238252
0.0, 0.98077333, 0.19498275
0.52033848, 0.89470182
0.0, 0.24752033, -0.01983182
0.0, 1.0, 0.0
0.27947018, 0.47526014
-0.01053525, 0.20728958, -0.01771004
-0.57734919, 0.57734919, -0.57734919
0.61450505, 0.80473852
0.0, 0.11301698, -0.0077021
0.0, -0.49339274, -0.8697775
0.43833742, 0.19597673
0.0, -0.10922441, 0.02568301
0.0, -0.79772329, -0.60298473
0.01810563, 0.25999868
-0.00277544, 0.52449846, -0.00643077
-0.29709768, 0.63023776, 0.71727651
0.803482, 0.5164327
-0.00277544, 0.52449846, -0.01983182
-0.29709768, 0.63023776, -0.71727651
0.803482, 0.49139011
-0.00670052, 0.19057146, -0.01590674
0.0, -0.77944273, -0.62642294
0.14259085, 0.50616658
0.0, 0.07826915, 0.00378369
0.0, -0.31382182, -0.94946134
0.37340397, 0.17450988
-0.00435368, 0.1437507, 0.0133637
-0.77504808, -0.61537522, -0.14340648
0.49576968, 0.10557199
0.0, 0.20728958, -0.01447665
0.0, -0.70708334, -0.70708334
0.66151118, 0.20410502
0.0, 0.35814452, 0.00457901
0.0, 0.70708334, 0.70708334
0.95800263, 0.13663793
0.01053525, 0.07826917, 0.00378369
0.70708334, -0.22190008, -0.67137671
0.37340397, 0.72336861
# Number of Faces:
294
# Face Data:
0, 1, 2
3, 4, 0
5, 0, 2
6, 1, 4
7, 8, 6
9, 10, 11
12, 3, 5
13, 9, 14
15, 6, 3
16, 17, 18
19, 20, 16
21, 22, 19
23, 24, 25
26, 27, 23
28, 29, 30
31, 23, 32
33, 34, 35
15, 36, 7
37, 38, 33
39, 40, 34
33, 41, 42
35, 43, 37
42, 44, 39
45, 46, 15
11, 47, 48
36, 49, 7
50, 51, 52
53, 52, 54
55, 51, 56
57, 58, 55
59, 60, 61
57, 62, 63
53, 64, 50
50, 65, 56
63, 66, 58
54, 67, 53
58, 68, 51
52, 69, 54
55, 70, 57
51, 71, 52
56, 72, 55
73, 74, 75
76, 77, 78
79, 80, 81
82, 78, 77
83, 84, 60
85, 77, 76
86, 74, 87
84, 88, 60
89, 87, 61
90, 73, 88
91, 61, 75
92, 93, 73
94, 75, 74
95, 59, 93
96, 81, 59
97, 98, 99
100, 101, 102
103, 104, 100
101, 105, 102
105, 100, 102
98, 106, 99
97, 107, 108
1, 109, 2
110, 111, 112
112, 113, 114
115, 116, 110
117, 118, 116
119, 120, 121
111, 122, 113
120, 123, 124
116, 125, 111
17, 126, 18
127, 128, 126
129, 130, 128
131, 132, 133
134, 26, 132
29, 135, 136
31, 132, 26
34, 137, 138
125, 139, 140
141, 142, 138
40, 143, 34
144, 138, 137
145, 35, 142
146, 137, 143
147, 140, 148
149, 121, 150
151, 139, 118
152, 153, 154
155, 156, 152
153, 157, 154
158, 159, 157
160, 161, 162
163, 70, 164
165, 155, 152
166, 152, 154
167, 168, 158
67, 169, 170
171, 158, 153
172, 156, 173
174, 157, 159
175, 153, 156
176, 154, 157
177, 178, 179
180, 181, 182
183, 184, 185
181, 82, 182
186, 187, 188
182, 85, 180
189, 190, 191
179, 187, 161
191, 192, 160
178, 193, 179
160, 194, 177
195, 196, 178
177, 197, 189
162, 198, 195
183, 199, 162
200, 97, 99
201, 202, 203
204, 103, 202
201, 105, 205
202, 105, 203
200, 99, 106
97, 206, 107
14, 11, 48
207, 150, 208
209, 48, 47
210, 14, 211
212, 123, 213
121, 120, 124
214, 215, 216
217, 218, 219
217, 220, 214
216, 221, 21
0, 4, 1
3, 6, 4
5, 3, 0
6, 8, 1
7, 222, 8
9, 223, 10
12, 15, 3
13, 223, 9
15, 7, 6
16, 20, 17
19, 22, 20
21, 221, 22
23, 27, 24
26, 224, 27
30, 225, 28
28, 226, 29
227, 29, 226
31, 26, 23
35, 37, 33
33, 42, 34
39, 34, 42
15, 46, 36
37, 43, 38
39, 44, 40
33, 38, 41
35, 228, 43
42, 41, 44
45, 229, 46
11, 10, 47
36, 230, 49
50, 56, 51
53, 50, 52
55, 58, 51
57, 63, 58
74, 73, 93
87, 74, 93
80, 83, 81
81, 83, 60
61, 87, 59
59, 81, 60
87, 93, 59
57, 70, 62
53, 67, 64
50, 64, 65
63, 62, 66
54, 69, 67
58, 66, 68
52, 71, 69
55, 72, 70
51, 68, 71
56, 65, 72
61, 60, 88
88, 73, 75
75, 61, 88
79, 231, 80
82, 232, 78
83, 233, 84
85, 82, 77
86, 94, 74
84, 90, 88
89, 86, 87
90, 92, 73
91, 89, 61
92, 95, 93
94, 91, 75
95, 96, 59
96, 79, 81
97, 108, 98
100, 104, 101
103, 234, 104
101, 205, 105
105, 103, 100
1, 235, 109
110, 116, 111
112, 111, 113
115, 117, 116
117, 236, 118
119, 237, 120
111, 125, 122
120, 237, 123
116, 118, 125
17, 127, 126
127, 129, 128
129, 218, 130
131, 134, 132
134, 224, 26
136, 238, 30
30, 29, 136
239, 135, 29
31, 240, 132
138, 142, 35
35, 34, 138
143, 137, 34
125, 118, 139
141, 145, 142
40, 146, 143
144, 141, 138
145, 228, 35
146, 144, 137
147, 125, 140
149, 119, 121
151, 241, 139
152, 156, 153
155, 173, 156
153, 158, 157
158, 168, 159
195, 178, 189
195, 189, 191
162, 195, 191
161, 186, 183
186, 242, 183
162, 191, 160
161, 183, 162
163, 62, 70
165, 243, 155
166, 165, 152
167, 244, 168
67, 69, 169
171, 167, 158
172, 175, 156
174, 176, 157
175, 171, 153
176, 166, 154
179, 161, 160
177, 189, 178
179, 160, 177
183, 242, 184
181, 232, 82
186, 161, 187
182, 82, 85
189, 197, 190
179, 193, 187
191, 190, 192
178, 196, 193
160, 192, 194
195, 198, 196
177, 194, 197
162, 199, 198
183, 185, 199
200, 206, 97
201, 204, 202
204, 234, 103
201, 203, 105
202, 103, 105
48, 245, 211
211, 14, 48
9, 11, 14
207, 149, 150
209, 245, 48
210, 13, 14
212, 124, 123
124, 212, 150
150, 121, 124
212, 208, 150
214, 220, 215
217, 130, 218
217, 219, 220
216, 215, 221
