# Project Zomboid Skinned Mesh
# File Version:
1.0
# Model Name:
Cube
# Vertex Stride Element Count:
3
# Vertex Stride Size (in bytes):
76
# Vertex Stride Data:
# (Int)    Offset
# (String) Type
0
VertexArray
12
NormalArray
24
TextureCoordArray
# Vertex Count:
251
# Vertex Buffer:
0.01088202, 0.09602711, 0.01569611
0.67195654, -0.17413862, 0.71980959
0.50572777, 0.75739837
0.01088199, 0.11382256, -0.02238166
0.67802972, -0.09891049, -0.72832423
0.54356456, 0.67643684
0.01088202, 0.11382256, 0.01569611
0.70708334, 0.0, 0.70708334
0.54356456, 0.75739837
0.0, 0.21651645, -0.02238166
0.0, 0.70708334, -0.70708334
0.78486609, 0.67643684
0.01088202, 0.21651646, 0.01569611
0.57734919, 0.57734919, 0.57734919
0.76061618, 0.75739837
0.01088205, 0.21651644, -0.02238166
0.57734919, 0.57734919, -0.57734919
0.76061618, 0.67643684
0.0, 0.09602711, 0.01569611
0.0, -0.53486741, 0.84490496
0.50467014, 0.7807266
0.01088199, 0.08215334, -0.01361813
0.64574116, -0.5834834, -0.49244666
0.47382131, 0.69680241
0.0, 0.11382256, -0.02238166
0.0, -0.13455611, -0.99087495
0.53736413, 0.65119132
0.0, 0.11382256, 0.01569611
0.0, 0.0, 1.0
0.54356456, 0.78292403
0.0, 0.21651648, 0.01569611
0.0, 0.70708334, 0.70708334
0.76061618, 0.78292403
0.0, 0.21651645, -0.02238166
0.0, 0.70708334, -0.70708334
0.76061618, 0.65047181
0.0068398, 0.12414882, 0.03091599
0.85790581, -0.28907132, -0.4247261
0.56552052, 0.7897591
0.0, 0.12665644, 0.02455727
0.0, -0.99734491, 0.07263406
0.55975211, 0.77562761
0.0068398, 0.12665644, 0.02455727
0.8188116, -0.57252723, 0.04168829
0.57085228, 0.77623908
0.0068398, 0.10256503, 0.03422968
0.59730828, -0.46327096, 0.65465254
0.51962864, 0.79680473
0.0, 0.09602711, 0.01569611
0.0, -0.43284401, 0.90145576
0.48745158, 0.76615334
0.0068398, 0.09602711, 0.01569611
0.61702323, -0.74208808, 0.26178777
0.50572777, 0.75739837
0.0068398, 0.10381887, 0.02213917
0.84078491, 0.52397227, 0.13592944
0.52229464, 0.77109767
0.0, 0.10632441, 0.03091599
0.0, 0.60228276, -0.79827267
0.53508532, 0.78223316
0.0068398, 0.10632441, 0.03091599
0.87041843, 0.29648733, -0.39295632
0.5276221, 0.7897591
0.0068398, 0.15342411, 0.01569611
0.3689993, 0.54280221, 0.75441754
0.59084678, 0.75739837
0.0, 0.12766466, 0.03422969
0.0, 0.30680257, 0.95175022
0.58010101, 0.80898708
0.0068398, 0.12766466, 0.03422969
0.64412367, 0.23465683, 0.72801906
0.5729959, 0.79680473
0.0068398, 0.11026702, 0.01569611
0.44700462, 0.63225198, 0.63274026
0.5360049, 0.75739837
0.0, 0.10381887, 0.02213917
0.0, 0.96792507, 0.25113681
0.53383613, 0.77463551
0.0, 0.12414882, 0.03091599
0.0, -0.56263924, -0.82668537
0.55852175, 0.78133909
0.0, 0.12157056, 0.01569611
0.0, -0.867275, 0.49778742
0.55231452, 0.76202124
0.0068398, 0.12157056, 0.01569611
0.55561996, -0.72109133, 0.41386151
0.56003869, 0.75739837
0.0, 0.10256503, 0.03422968
0.0, -0.57762384, 0.81627858
0.51293099, 0.81073025
0.01088199, 0.08215334, -0.01361813
0.64574116, -0.5834834, -0.49244666
0.43654138, 0.70039555
0.0, 0.04172645, 0.00937483
0.0, 0.30399486, -0.95266581
0.35299283, 0.72237447
0.0, 0.08215334, -0.01361813
0.0, -0.76418346, -0.64497817
0.42259556, 0.67255342
0.01088202, 0.06256316, 0.02739588
0.79641104, 0.38929412, 0.46275216
0.39729631, 0.78586769
0.01088199, 0.04172645, 0.00937483
0.86236155, 0.15390484, -0.48228401
0.35299283, 0.74755117
0.01088199, 0.0210012, 0.00781486
0.68468279, -0.02023377, -0.72853786
0.3089264, 0.74423432
0.01088201, 0.03029475, 0.02733268
1.0, 0.0, 0.0
0.32868654, 0.78573337
0.01088199, -0.12189215, 0.02659691
0.58079773, -0.62941372, -0.51622057
0.00510475, 0.78416891
0.0, 0.0210012, 0.00781486
0.0, -0.02777184, -0.99960327
0.30372369, 0.72221389
0.01088202, 0.0162097, 0.0494583
0.68453014, 0.25437176, 0.68312633
0.29873908, 0.83277716
0.01088202, 0.04518066, 0.05859524
0.58876306, 0.29865414, 0.75109106
0.36033735, 0.85220429
0.0, 0.0162097, 0.0494583
0.0, 0.34894863, 0.93713188
0.31103632, 0.86478119
0.0, 0.04518066, 0.05859524
0.0, 0.36948758, 0.92919707
0.36893085, 0.87164107
0.01088202, 0.09602711, 0.01569611
0.67195654, -0.17413862, 0.71980959
0.46844783, 0.76099151
0.0, 0.06256316, 0.02739588
0.0, 0.64375746, 0.7651906
0.41228688, 0.80504301
0.01088202, -0.1169669, 0.10080356
0.563097, -0.44471571, 0.69649345
0.01557668, 0.94194824
0.0, -0.1169669, 0.10080356
0.0, -0.53816342, 0.8428297
0.01557674, 0.97495242
0.0, -0.12189215, 0.02659691
0.0, -0.77318645, -0.63414413
0.00041726, 0.76356086
0.00763495, 0.43391475, -0.01748067
0.85604417, 0.37607959, -0.35456404
0.47532383, 0.15471274
0.0031625, 0.21651645, -0.0219531
0.71205789, 0.0, -0.70207828
0.01557669, 0.14126444
0.0031625, 0.43391475, -0.0219531
0.76522112, 0.56031984, -0.31696525
0.47532377, 0.14126265
0.00763495, 0.43391475, -0.01115566
0.85604417, 0.37607959, 0.35456404
0.47532383, 0.16816109
0.00763495, 0.21651645, -0.01748067
0.92385632, 0.0, -0.38267159
0.01557669, 0.15471274
0.0031625, 0.43391475, -0.00668323
0.35456404, 0.37607959, 0.85604417
0.47532383, 0.18161118
0.00763495, 0.21651645, -0.01115566
0.92385632, 0.0, 0.38267159
0.01557669, 0.16816109
0.0, 0.43391475, -0.00668323
0.0, 0.44718772, 0.89440596
0.47532386, 0.18919677
0.0031625, 0.21651645, -0.00668323
0.38267159, 0.0, 0.92385632
0.01557664, 0.18160945
0.0, 0.43391475, -0.00668323
0.0, 0.44718772, 0.89440596
0.70464128, 0.08688021
0.00763495, 0.43391475, -0.01115566
0.85604417, 0.37607959, 0.35456404
0.6895296, 0.07802796
0.0, 0.43391475, -0.0219531
0.0, 1.0, 0.0
0.70464128, 0.05665684
0.0, 0.63160151, -0.02538377
0.0, 0.70708334, -0.70708334
0.8589536, 0.13598591
-0.0031625, 0.63160151, -0.0219531
-0.54911953, 0.80416274, -0.22745445
0.86521304, 0.1465984
0.0, 0.63160151, -0.0219531
0.0, 1.0, 0.0
0.8589536, 0.1465984
0.00763495, 0.42067575, 0.00177378
0.71727651, 0.63023776, -0.29709768
0.45620322, 0.24585193
0.0031625, 0.21651645, -0.00269866
0.38267159, 0.0, -0.92385632
0.01557669, 0.23004812
0.0031625, 0.42067575, -0.00269866
0.29709768, 0.63023776, -0.71727651
0.45620322, 0.23004812
0.00763495, 0.42067575, 0.00809882
0.71727651, 0.63023776, 0.29709768
0.45620322, 0.25930023
0.00763495, 0.21651645, 0.00177384
0.92385632, 0.0, -0.38267159
0.01557669, 0.24585193
0.0031625, 0.42067575, 0.01257125
0.29709768, 0.63023776, 0.71727651
0.45620322, 0.27527016
0.00763495, 0.21651645, 0.00809882
0.92385632, 0.0, 0.38267159
0.01557669, 0.25930023
0.0, 0.42067575, 0.01257125
0.0, 0.70708334, 0.70708334
0.45620322, 0.28263938
0.0031625, 0.21651645, 0.01257125
0.38267159, 0.0, 0.92385632
0.01557669, 0.27526933
0.0, 0.21651645, -0.00269866
0.0, 0.0, -1.0
0.01557669, 0.22181988
0.0, 0.42067575, -0.00269866
0.0, 0.70708334, -0.70708334
0.45620322, 0.22181988
0.00981115, 0.40878135, -0.01354584
0.1808832, 0.55418563, -0.81246376
0.87302887, 0.84561186
0.01262738, 0.28876132, -0.00434804
0.98394728, 0.0, -0.17828913
0.60924, 0.86582746
0.00981131, 0.28876132, -0.013546
0.21543016, -0.05713065, -0.97482222
0.60924, 0.84561147
0.0126272, 0.40878135, -0.00434795
0.7199927, 0.68156987, -0.13046663
0.87302887, 0.86582761
0.01354371, 0.28876132, 0.0105463
0.9351787, 0.0, 0.35410628
0.60924, 0.89856339
0.01354349, 0.40878135, 0.0105462
0.72981966, 0.62526321, 0.2763451
0.87302881, 0.89856315
0.00560998, 0.28876132, 0.01848001
0.38267159, 0.0, 0.92385632
0.60924, 0.91600069
0.0, 0.40878135, 0.01847981
0.0, 0.70708334, 0.70708334
0.88821542, 0.93363744
0.0056099, 0.40878135, 0.01847981
0.29709768, 0.63023776, 0.71727651
0.87302887, 0.91600028
0.0, 0.40878135, -0.00269849
0.0, 0.91601306, -0.40110478
0.88821542, 0.81546076
0.0, 0.28876132, -0.00269866
0.0, 0.0, -1.0
0.60924, 0.81546076
-0.0068398, 0.12766466, 0.03422969
-0.64412367, 0.23465683, 0.72801906
0.5729959, 0.50413898
-0.0068398, 0.12665644, 0.02455727
-0.8188116, -0.57252723, 0.04168829
0.57085228, 0.52470461
-0.0068398, 0.12414882, 0.03091599
-0.85790581, -0.28907132, -0.4247261
0.56552052, 0.5111846
0.00560998, 0.26494572, 0.01848001
0.38267159, 0.0, 0.92385632
0.55689615, 0.91600069
0.0135437, 0.24823165, 0.0105463
0.72981966, -0.62526321, 0.2763451
0.52016073, 0.89856339
0.01354371, 0.26494572, 0.0105463
0.9351787, 0.0, 0.35410628
0.55689615, 0.89856339
0.01262738, 0.26494572, -0.00434804
0.68672752, -0.12292856, -0.7163915
0.55689615, 0.86582746
0.0, 0.24823165, 0.01848001
0.0, -0.70708334, 0.70708334
0.50597566, 0.93361528
0.0, 0.26494572, 0.01848001
0.0, 0.0, 1.0
0.55689615, 0.93361528
0.0, 0.26494572, -0.00269868
0.0, -0.14191107, -0.98986787
0.55689615, 0.85276012
0.01262738, 0.24823165, -0.00434804
0.52113408, -0.57380903, -0.63176364
0.52016073, 0.86582746
0.0, 0.24823165, -0.00269866
0.0, -0.73744929, -0.67537463
0.50597566, 0.85708238
-0.01262738, 0.28876132, -0.00434804
-0.98394728, 0.0, -0.17828913
0.60924, 0.86582746
-0.00981131, 0.28876132, -0.013546
-0.21543016, -0.05713065, -0.97482222
0.60924, 0.84561147
-0.01262738, 0.26494572, -0.00434804
-0.68672752, -0.12292856, -0.7163915
0.55689615, 0.86582746
0.0, 0.28876132, 0.01848001
0.0, 0.0, 1.0
0.6092509, 0.93363744
0.0, 0.0162097, 0.0494583
0.0, 0.34894863, 0.93713188
0.46925113, 0.93198425
0.01088199, 0.04172645, 0.00937483
0.86236155, 0.15390484, -0.48228401
0.44759139, 0.83740729
0.0, 0.04172645, 0.00937483
0.0, 0.30399486, -0.95266581
0.46925113, 0.83740726
0.0031625, 0.43391475, -0.02538377
0.70531327, -0.00558489, -0.70882291
0.47532389, 0.13065195
0.0031625, 0.63160151, -0.0219531
0.54911953, 0.80416274, -0.22745445
0.84270787, 0.14126402
0.0, 0.63160151, -0.00668323
0.0, 0.70708334, 0.70708334
0.84270787, 0.18919677
0.0031625, 0.63160151, -0.00668323
0.29709768, 0.63023776, 0.71727651
0.84270787, 0.18160981
0.00763495, 0.63160151, -0.01115566
0.71727651, 0.63023776, 0.29709768
0.84270787, 0.16816109
0.00763495, 0.63160151, -0.01748067
0.71727651, 0.63023776, -0.29709768
0.84270787, 0.15471274
-0.01088199, 0.11382256, -0.02238166
-0.67802972, -0.09891049, -0.72832423
0.54356456, 0.62450686
-0.01088202, 0.09602711, 0.01569611
-0.67195654, -0.17413862, 0.71980959
0.50572777, 0.54354534
-0.01088202, 0.11382256, 0.01569611
-0.70708334, 0.0, 0.70708334
0.54356456, 0.54354534
-0.01088202, 0.21651646, 0.01569611
-0.57734919, 0.57734919, 0.57734919
0.76061618, 0.54354534
0.0, 0.21651645, -0.02238166
0.0, 0.70708334, -0.70708334
0.78486609, 0.62450686
-0.01088205, 0.21651644, -0.02238166
-0.57734919, 0.57734919, -0.57734919
0.76061618, 0.62450686
-0.01088199, 0.08215334, -0.01361813
-0.64574116, -0.5834834, -0.49244666
0.47382131, 0.6051859
0.0, 0.09602711, 0.01569611
0.0, -0.53486741, 0.84490496
0.50467014, 0.52021709
0.0, 0.11382256, -0.02238166
0.0, -0.13455611, -0.99087495
0.53736413, 0.64975241
0.0, 0.11382256, 0.01569611
0.0, 0.0, 1.0
0.54356456, 0.51801971
0.0, 0.21651648, 0.01569611
0.0, 0.70708334, 0.70708334
0.76061618, 0.51801971
0.0, 0.12665644, 0.02455727
0.0, -0.99734491, 0.07263406
0.55975211, 0.52531609
0.0, 0.09602711, 0.01569611
0.0, -0.43284401, 0.90145576
0.48745158, 0.53479037
-0.0068398, 0.10256503, 0.03422968
-0.59730828, -0.46327096, 0.65465254
0.51962864, 0.50413898
-0.0068398, 0.09602711, 0.01569611
-0.61702323, -0.74208808, 0.26178777
0.50572777, 0.54354534
0.0, 0.10632441, 0.03091599
0.0, 0.60228276, -0.79827267
0.53508532, 0.51871052
-0.0068398, 0.10381887, 0.02213917
-0.84078491, 0.52397227, 0.13592944
0.52229464, 0.52984604
-0.0068398, 0.10632441, 0.03091599
-0.87041843, 0.29648733, -0.39295632
0.5276221, 0.5111846
0.0, 0.12766466, 0.03422969
0.0, 0.30680257, 0.95175022
0.58010101, 0.49195659
-0.0068398, 0.15342411, 0.01569611
-0.3689993, 0.54280221, 0.75441754
0.59084678, 0.54354534
0.0, 0.10381887, 0.02213917
0.0, 0.96792507, 0.25113681
0.53383613, 0.52630821
-0.0068398, 0.11026702, 0.01569611
-0.44700462, 0.63225198, 0.63274026
0.5360049, 0.54354534
0.0, 0.12414882, 0.03091599
0.0, -0.56263924, -0.82668537
0.55852175, 0.51960465
0.0, 0.12157056, 0.01569611
0.0, -0.867275, 0.49778742
0.55231452, 0.53892246
-0.0068398, 0.12157056, 0.01569611
-0.55561996, -0.72109133, 0.41386151
0.56003869, 0.54354534
0.0, 0.10256503, 0.03422968
0.0, -0.57762384, 0.81627858
0.51293099, 0.49021351
0.0, 0.08215334, -0.01361813
0.0, -0.76418346, -0.64497817
0.42259556, 0.62839028
-0.01088199, 0.04172645, 0.00937483
-0.86236155, 0.15390484, -0.48228401
0.35299283, 0.55339256
-0.01088199, 0.08215334, -0.01361813
-0.64574116, -0.5834834, -0.49244666
0.43654138, 0.60159275
-0.01088202, 0.06256316, 0.02739588
-0.79641104, 0.38929412, 0.46275216
0.39729631, 0.51507601
-0.01088202, 0.09602711, 0.01569611
-0.67195654, -0.17413862, 0.71980959
0.46844783, 0.53995219
0.0, 0.04172645, 0.00937483
0.0, 0.30399486, -0.95266581
0.35299283, 0.5785692
-0.01088199, 0.0210012, 0.00781486
-0.68468279, -0.02023377, -0.72853786
0.3089264, 0.55670938
-0.01088201, 0.03029475, 0.02733268
-1.0, 0.0, 0.0
0.32868654, 0.51521036
0.0, 0.0210012, 0.00781486
0.0, -0.02777184, -0.99960327
0.30372372, 0.57872954
-0.01088199, -0.12189215, 0.02659691
-0.58079773, -0.62941372, -0.51622057
0.00510475, 0.5167748
-0.01088202, 0.0162097, 0.0494583
-0.68453014, 0.25437176, 0.68312633
0.29873908, 0.46816647
0.0, 0.0162097, 0.0494583
0.0, 0.34894863, 0.93713188
0.31103632, 0.43616247
-0.01088202, 0.04518066, 0.05859524
-0.58876306, 0.29865414, 0.75109106
0.36033735, 0.44873941
0.0, 0.04518066, 0.05859524
0.0, 0.36948758, 0.92919707
0.36893088, 0.42930269
0.0, 0.06256316, 0.02739588
0.0, 0.64375746, 0.7651906
0.41228685, 0.49590075
-0.01088202, -0.1169669, 0.10080356
-0.563097, -0.44471571, 0.69649345
0.01557669, 0.35899544
0.0, -0.1169669, 0.10080356
0.0, -0.53816342, 0.8428297
0.01557669, 0.32599127
0.0, -0.12189215, 0.02659691
0.0, -0.77318645, -0.63414413
0.00041717, 0.53738311
-0.0031625, 0.21651645, -0.0219531
-0.71205789, 0.0, -0.70207828
0.01557669, 0.14126265
-0.00763495, 0.43391475, -0.01748067
-0.85604417, 0.37607959, -0.35456404
0.47532383, 0.15471274
-0.0031625, 0.43391475, -0.0219531
-0.76522112, 0.56031984, -0.31696525
0.47532389, 0.14126444
-0.00763495, 0.21651645, -0.01748067
-0.92385632, 0.0, -0.38267159
0.01557669, 0.15471274
-0.00763495, 0.43391475, -0.01115566
-0.85604417, 0.37607959, 0.35456404
0.47532383, 0.16816109
-0.00763495, 0.21651645, -0.01115566
-0.92385632, 0.0, 0.38267159
0.01557669, 0.16816109
-0.0031625, 0.43391475, -0.00668323
-0.35456404, 0.37607959, 0.85604417
0.47532383, 0.18160939
-0.0031625, 0.21651645, -0.00668323
-0.38267159, 0.0, 0.92385632
0.01557674, 0.18161118
0.0031625, 0.63160151, -0.02538377
0.57734919, 0.57734919, -0.57734919
0.85269415, 0.13598591
0.0031625, 0.63160151, -0.0219531
0.54911953, 0.80416274, -0.22745445
0.85269415, 0.1465984
-0.0031625, 0.21651645, -0.00269866
-0.38267159, 0.0, -0.92385632
0.01557669, 0.23004735
-0.00763495, 0.42067575, 0.00177378
-0.71727651, 0.63023776, -0.29709768
0.45620322, 0.24585193
-0.0031625, 0.42067575, -0.00269866
-0.29709768, 0.63023776, -0.71727651
0.45620322, 0.23004866
-0.00763495, 0.21651645, 0.00177384
-0.92385632, 0.0, -0.38267159
0.01557669, 0.24585193
-0.00763495, 0.42067575, 0.00809882
-0.71727651, 0.63023776, 0.29709768
0.45620322, 0.25930023
-0.00763495, 0.21651645, 0.00809882
-0.92385632, 0.0, 0.38267159
0.01557669, 0.25930023
-0.0031625, 0.42067575, 0.01257125
-0.29709768, 0.63023776, 0.71727651
0.45620322, 0.27526957
-0.0031625, 0.21651645, 0.01257125
-0.38267159, 0.0, 0.92385632
0.01557669, 0.27527016
-0.00981115, 0.40878135, -0.01354584
-0.1808832, 0.55418563, -0.81246376
0.87302887, 0.84561186
-0.0126272, 0.40878135, -0.00434795
-0.7199927, 0.68156987, -0.13046663
0.87302887, 0.86582761
-0.01354349, 0.40878135, 0.0105462
-0.72981966, 0.62526321, 0.2763451
0.87302881, 0.89856315
-0.00560998, 0.28876132, 0.01848001
-0.38267159, 0.0, 0.92385632
0.60924, 0.91600069
-0.0056099, 0.40878135, 0.01847981
-0.29709768, 0.63023776, 0.71727651
0.87302887, 0.91600028
-0.00560998, 0.24823165, 0.01848001
-0.29709768, -0.63023776, 0.71727651
0.52016073, 0.91600069
-0.0135437, 0.24823165, 0.0105463
-0.72981966, -0.62526321, 0.2763451
0.52016073, 0.89856339
-0.00560998, 0.26494572, 0.01848001
-0.38267159, 0.0, 0.92385632
0.55689615, 0.91600069
-0.01354371, 0.26494572, 0.0105463
-0.9351787, 0.0, 0.35410628
0.55689615, 0.89856339
-0.01262738, 0.24823165, -0.00434804
-0.52113408, -0.57380903, -0.63176364
0.52016073, 0.86582746
0.0, 0.28876132, 0.01848001
0.0, 0.0, 1.0
0.60924, 0.93361528
-0.01354371, 0.28876132, 0.0105463
-0.9351787, 0.0, 0.35410628
0.60924, 0.89856339
-0.01088199, 0.04172645, 0.00937483
-0.86236155, 0.15390484, -0.48228401
0.49091086, 0.83740729
-0.01088202, 0.0162097, 0.0494583
-0.68453014, 0.25437176, 0.68312633
0.49091098, 0.93198425
-0.0031625, 0.63160151, -0.00668323
-0.29709768, 0.63023776, 0.71727651
0.84270787, 0.18160939
-0.00763495, 0.63160151, -0.01115566
-0.71727651, 0.63023776, 0.29709768
0.84270787, 0.16816109
-0.00763495, 0.63160151, -0.01748067
-0.71727651, 0.63023776, -0.29709768
0.84270787, 0.15471274
-0.0031625, 0.63160151, -0.0219531
-0.54911953, 0.80416274, -0.22745445
0.84270799, 0.14126444
0.00766935, 0.27757606, -0.00183851
0.99996948, 0.0, -0.00778222
0.71303546, 0.95922494
0.00763495, 0.21651645, -0.00625861
0.99996948, 0.0, -0.00778222
0.58320951, 0.96862304
0.00763495, 0.28363171, -0.00625861
0.99996948, 0.0, -0.00778222
0.7259109, 0.96862304
-0.00763495, 0.41270301, 0.00177378
-0.70708334, 0.70708334, 0.0
0.42664063, 0.21730685
-0.00763495, 0.40377709, -0.01115566
-0.70708334, -0.70708334, 0.0
0.40766203, 0.189816
-0.00763495, 0.40377709, 0.00177378
-0.70708334, -0.70708334, 0.0
0.40766203, 0.21730685
0.00763495, 0.41270301, 0.00177378
0.70708334, 0.70708334, 0.0
0.42664063, 0.21730685
-0.00763495, 0.41270301, -0.01115566
-0.70708334, 0.70708334, 0.0
0.42664063, 0.189816
0.00763495, 0.40377709, 0.00177378
0.70708334, -0.70708334, 0.0
0.40766203, 0.21730685
0.00763495, 0.41270301, -0.01115566
0.70708334, 0.70708334, 0.0
0.42664063, 0.189816
0.00763495, 0.40377709, -0.01115566
0.70708334, -0.70708334, 0.0
0.40766203, 0.189816
0.0, 0.63160151, -0.00668323
0.0, 0.70708334, 0.70708334
0.85895371, 0.17682177
0.00763495, 0.63160151, -0.01115566
0.71727651, 0.63023776, 0.29709768
0.84384191, 0.16796964
0.0, 0.21651645, -0.0219531
0.0, -0.01577807, -0.99984741
0.01559083, 0.12306458
0.0, 0.43391475, -0.02538377
0.0, -0.00787378, -0.99993896
0.47532368, 0.12306458
0.0031625, 0.63160151, -0.02538377
0.57734919, 0.57734919, -0.57734919
0.84270787, 0.13065153
0.0, 0.63160151, -0.02538377
0.0, 0.70708334, -0.70708334
0.84270787, 0.12306458
-0.0031625, 0.43391475, -0.02538377
-0.70531327, -0.00558489, -0.70882291
0.47532389, 0.13065195
-0.0031625, 0.63160151, -0.02538377
-0.57734919, 0.57731867, -0.57734919
0.84270799, 0.13065195
0.0031625, 0.43391475, -0.02538377
0.0, 1.0, 0.0
0.69838184, 0.05247843
0.0031625, 0.43391475, -0.0219531
0.76522112, 0.56031984, -0.31696525
0.69838184, 0.05665684
0.0, 0.43391475, -0.02538377
0.0, 1.0, 0.0
0.70464128, 0.05247843
-0.0031625, 0.43391475, -0.0219531
-0.76522112, 0.56031984, -0.31696525
0.71090072, 0.05665684
0.00560998, 0.24823165, 0.01848001
0.29709768, -0.63023776, 0.71727651
0.52016073, 0.91600069
-0.00763495, 0.21651645, -0.00625861
-0.99996948, 0.0, -0.00778222
0.58320951, 0.96862304
-0.00766935, 0.21651645, -0.00183851
-0.99996948, 0.0, -0.00778222
0.58320951, 0.95922494
-0.00766935, 0.27757606, -0.00183851
-0.99996948, 0.0, -0.00778222
0.71303546, 0.95922494
0.0, 0.21651648, 0.01569611
0.0, 0.70708334, 0.70708334
0.78486609, 0.75739837
0.0, 0.08215334, -0.01361813
0.0, -0.76418346, -0.64497817
0.47025663, 0.71240053
0.0, 0.08215334, -0.01361813
0.0, -0.76418346, -0.64497817
0.46551049, 0.66502598
0.0, 0.11382256, -0.02238166
0.0, -0.13455611, -0.99087495
0.54356456, 0.65047181
0.0, 0.15342411, 0.01569611
0.0, 0.5840022, 0.81173134
0.60533726, 0.76588191
0.0, 0.11026702, 0.01569611
0.0, 0.70680869, 0.707358
0.54349864, 0.76464856
0.0, 0.09602711, 0.01569611
0.0, -0.43284401, 0.90145576
0.47596946, 0.7805399
0.0, 0.21651645, -0.00668323
0.0, 0.0, 1.0
0.01556243, 0.1891951
0.00763495, 0.43391475, -0.01748067
0.85604417, 0.37607959, -0.35456404
0.6895296, 0.06550896
-0.00763495, 0.43391475, -0.01748067
-0.85604417, 0.37607959, -0.35456404
0.71975297, 0.06550896
-0.00763495, 0.43391475, -0.01115566
-0.85604417, 0.37607959, 0.35456404
0.71975297, 0.07802796
-0.0031625, 0.43391475, -0.00668323
-0.35456404, 0.37607959, 0.85604417
0.71090072, 0.08688021
0.0031625, 0.43391475, -0.00668323
0.35456404, 0.37607959, 0.85604417
0.69838184, 0.08688021
-0.0031625, 0.63160151, -0.02538377
-0.57734919, 0.57731867, -0.57734919
0.86521304, 0.13598591
0.0, 0.21651645, 0.01257125
0.0, 0.0, 1.0
0.01557669, 0.28263861
0.01088202, 0.0162097, 0.0494583
0.68453014, 0.25437176, 0.68312633
0.44759139, 0.93198425
0.0, 0.21651648, 0.01569611
0.0, 0.70708334, 0.70708334
0.78486609, 0.54354534
0.0, 0.08215334, -0.01361813
0.0, -0.76418346, -0.64497817
0.47025663, 0.58854321
0.0, 0.08215334, -0.01361813
0.0, -0.76418346, -0.64497817
0.46551043, 0.63591775
0.0, 0.15342411, 0.01569611
0.0, 0.5840022, 0.81173134
0.60533726, 0.53506181
0.0, 0.11026702, 0.01569611
0.0, 0.70680869, 0.707358
0.54349864, 0.53629515
0.0, 0.09602711, 0.01569611
0.0, -0.43284401, 0.90145576
0.47596946, 0.52040377
0.00771608, 0.28363171, 0.00416583
0.99996948, 0.0, -0.00778222
0.7259109, 0.94645846
0.00766935, 0.21651645, -0.00183851
0.99996948, 0.0, -0.00778222
0.58320951, 0.95922494
-0.00763495, 0.63160151, -0.01748067
-0.71727651, 0.63023776, -0.29709768
0.87406528, 0.15545064
-0.00763495, 0.63160151, -0.01115566
-0.71727651, 0.63023776, 0.29709768
0.87406528, 0.16796964
0.0031625, 0.63160151, -0.00668323
0.29709768, 0.63023776, 0.71727651
0.85269415, 0.17682177
-0.0031625, 0.63160151, -0.00668323
-0.29709768, 0.63023776, 0.71727651
0.86521304, 0.17682177
0.00763495, 0.63160151, -0.01748067
0.71727651, 0.63023776, -0.29709768
0.84384191, 0.15545064
0.0031625, 0.21651645, -0.0219531
0.0, -0.01577807, -0.99984741
0.01557669, 0.13065022
-0.0031625, 0.21651645, -0.0219531
0.0, -0.01577807, -0.99984741
0.01557669, 0.13065016
-0.0031625, 0.43391475, -0.02538377
0.0, 1.0, 0.0
0.71090072, 0.05247843
-0.00771608, 0.28363171, 0.00416583
-0.99996948, 0.0, -0.00778222
0.7259109, 0.94645846
-0.00763495, 0.28363171, -0.00625861
-0.99996948, 0.0, -0.00778222
0.7259109, 0.96862304
# Number of Faces:
314
# Face Data:
0, 1, 2
3, 4, 5
6, 7, 0
7, 8, 1
9, 0, 2
10, 2, 4
1, 11, 5
2, 5, 4
12, 13, 14
15, 16, 17
18, 19, 20
21, 22, 23
24, 25, 18
20, 26, 12
14, 27, 28
23, 29, 15
17, 18, 15
30, 31, 32
30, 33, 34
35, 31, 34
34, 36, 35
37, 38, 35
35, 39, 37
40, 41, 39
33, 42, 40
43, 44, 33
41, 45, 39
37, 46, 47
39, 45, 37
48, 49, 50
51, 52, 48
53, 54, 51
55, 56, 53
57, 58, 59
60, 61, 62
63, 64, 65
66, 67, 63
68, 69, 66
70, 71, 68
70, 66, 63
65, 72, 73
74, 75, 76
77, 78, 75
79, 80, 78
81, 80, 82
83, 79, 77
74, 84, 83
85, 86, 87
88, 89, 90
89, 91, 90
92, 88, 93
94, 95, 96
36, 40, 39
36, 33, 40
97, 98, 99
84, 94, 98
93, 80, 100
101, 102, 103
104, 105, 50
106, 53, 107
107, 51, 108
108, 48, 109
109, 50, 105
110, 111, 112
113, 114, 115
116, 117, 111
118, 116, 110
111, 119, 112
112, 120, 113
11, 110, 115
115, 112, 113
121, 87, 86
122, 123, 124
125, 126, 127
128, 129, 85
130, 131, 126
132, 127, 87
133, 86, 134
135, 85, 123
123, 127, 126
136, 137, 138
138, 139, 140
141, 142, 137
137, 142, 143
144, 145, 142
142, 146, 143
147, 148, 146
149, 139, 148
150, 140, 139
151, 147, 146
152, 145, 153
146, 145, 151
154, 155, 156
157, 158, 155
159, 160, 158
161, 55, 160
162, 62, 163
164, 165, 166
167, 168, 165
169, 170, 168
171, 70, 170
165, 70, 73
72, 166, 73
172, 97, 173
97, 174, 173
174, 175, 176
175, 81, 176
174, 176, 83
84, 172, 83
177, 178, 96
94, 99, 98
179, 178, 177
99, 178, 180
179, 92, 93
94, 181, 99
143, 146, 148
143, 139, 137
175, 93, 182
175, 180, 179
97, 180, 183
101, 184, 185
160, 106, 186
158, 186, 187
155, 187, 188
156, 188, 189
190, 191, 192
193, 194, 195
196, 197, 193
198, 199, 196
195, 200, 198
201, 202, 62
104, 203, 204
205, 204, 206
203, 207, 204
204, 208, 206
156, 207, 154
208, 156, 189
209, 59, 210
211, 212, 59
104, 50, 49
90, 75, 78
80, 90, 78
76, 94, 84
75, 91, 76
213, 96, 89
14, 21, 23
91, 94, 76
214, 215, 216
0, 7, 1
3, 217, 4
6, 218, 7
7, 219, 8
9, 6, 0
10, 9, 2
1, 220, 11
2, 1, 5
12, 26, 13
15, 29, 16
18, 25, 19
21, 221, 22
24, 222, 25
20, 19, 26
14, 13, 27
23, 22, 29
17, 24, 18
18, 20, 15
30, 34, 31
30, 43, 33
35, 38, 31
37, 47, 38
35, 36, 39
40, 42, 41
33, 44, 42
43, 223, 44
41, 46, 45
37, 45, 46
48, 52, 49
51, 54, 52
53, 56, 54
55, 224, 56
210, 59, 225
212, 226, 59
227, 228, 57
57, 229, 58
58, 225, 59
59, 226, 227
227, 57, 59
60, 230, 61
63, 67, 64
66, 69, 67
68, 71, 69
70, 231, 71
63, 65, 73
73, 70, 63
68, 66, 70
65, 64, 72
74, 77, 75
77, 79, 78
79, 82, 80
81, 100, 80
77, 74, 83
83, 81, 82
82, 79, 83
74, 76, 84
127, 123, 85
129, 134, 86
87, 127, 85
129, 86, 85
88, 213, 89
89, 95, 91
92, 213, 88
94, 91, 95
36, 34, 33
93, 88, 80
101, 232, 102
104, 205, 105
106, 55, 53
107, 53, 51
108, 51, 48
109, 48, 50
110, 116, 111
113, 233, 114
116, 234, 117
118, 235, 116
111, 117, 119
112, 119, 120
11, 220, 110
115, 110, 112
121, 132, 87
122, 135, 123
125, 130, 126
128, 236, 129
130, 237, 131
132, 125, 127
133, 121, 86
135, 128, 85
124, 123, 126
126, 131, 124
136, 141, 137
138, 137, 139
141, 144, 142
144, 153, 145
142, 145, 146
147, 149, 148
149, 150, 139
150, 238, 140
151, 152, 147
152, 151, 145
154, 157, 155
157, 159, 158
159, 161, 160
161, 224, 55
162, 60, 62
164, 167, 165
167, 169, 168
169, 171, 170
171, 231, 70
73, 166, 165
165, 168, 70
170, 70, 168
72, 164, 166
172, 98, 97
97, 183, 174
174, 183, 175
175, 182, 81
83, 172, 173
173, 174, 83
176, 81, 83
84, 98, 172
181, 96, 178
92, 177, 96
179, 180, 178
99, 181, 178
179, 177, 92
94, 96, 181
143, 148, 139
175, 179, 93
175, 183, 180
97, 99, 180
101, 103, 184
160, 55, 106
158, 160, 186
155, 158, 187
156, 155, 188
192, 239, 190
190, 240, 191
193, 197, 194
196, 199, 197
198, 200, 199
195, 194, 200
62, 61, 241
241, 242, 201
201, 243, 202
242, 244, 201
163, 62, 245
202, 245, 62
241, 201, 62
104, 246, 203
205, 104, 204
203, 247, 207
204, 207, 208
208, 207, 156
209, 211, 59
211, 248, 212
90, 91, 75
80, 88, 90
95, 89, 96
213, 92, 96
15, 20, 23
14, 28, 21
23, 20, 12
12, 14, 23
216, 249, 250
250, 214, 216
