# Project Zomboid Skinned Mesh
# File Version:
1.0
# Model Name:
Cube.022
# Vertex Stride Element Count:
3
# Vertex Stride Size (in bytes):
76
# Vertex Stride Data:
# (Int)    Offset
# (String) Type
0
VertexArray
12
NormalArray
24
TextureCoordArray
# Vertex Count:
260
# Vertex Buffer:
-0.00663094, 0.10593852, -0.01252581
-0.87533188, 0.2985931, 0.38026062
0.52666998, 0.49742937
-3e-08, 0.11740578, -0.01252581
0.0, 0.70708334, 0.70708334
0.59217423, 0.48416126
-0.00663094, 0.11740578, -0.01252581
-0.57731867, 0.57734919, 0.57734919
0.57757461, 0.49742937
-0.00663093, 0.05274697, 0.01171894
-0.78722495, 0.59495836, 0.1620838
0.20093857, 0.83170639
-3e-08, 0.06020125, 0.00067667
0.0, 0.5007782, 0.86556596
0.24360676, 0.80628742
-0.006631, 0.06020125, 0.00067667
-0.81991029, 0.28669089, 0.49549851
0.22984867, 0.78888087
-0.00663095, 0.11431972, -0.05317423
-0.70708334, 0.0, -0.70711386
0.56576884, 0.64448646
-3e-08, 0.07640397, -0.05317423
0.0, -0.4890286, -0.87224954
0.41270229, 0.66792688
-0.00663094, 0.07640397, -0.05317423
-0.61183506, -0.38679159, -0.68993193
0.41368517, 0.64448658
-0.00663093, 0.05465204, 0.04252632
-0.57435834, 0.59758294, 0.55940425
0.20832705, 0.95118755
-3e-08, 0.05274697, 0.01171894
0.0, 0.96481216, 0.26288643
0.22968577, 0.8374352
-0.00663095, 0.0661293, -0.0363718
-0.79610586, -0.37101352, -0.47804195
0.37437937, 0.58865258
-3e-08, 0.04531335, -0.02997821
0.0, -0.29358807, -0.95590073
0.28619209, 0.5962052
-0.00663097, 0.04531335, -0.02997821
-0.46668905, -0.25965148, -0.84542376
0.29094797, 0.57635313
-3e-08, 0.11740578, -0.0207844
0.0, 0.99368268, 0.11215552
0.61048275, 0.53624511
-0.00663094, 0.11740578, -0.0207844
-0.73320717, 0.6756798, 0.07626575
0.57757461, 0.5446488
-0.00663093, 0.10270589, 0.00072309
-0.62956631, 0.624897, 0.46162298
0.51430345, 0.44674563
-3e-08, 0.10593852, -0.01252581
0.0, 0.61763358, 0.78643149
0.54867578, 0.47648501
-0.00663095, 0.06491987, -0.01846616
-0.99996948, 0.0, 0.0
0.24814898, 0.71463871
-0.00663094, 0.04114168, -0.01778779
-0.71990114, -0.6430555, -0.26108584
0.15612917, 0.71958089
-3e-08, 0.0661293, -0.0363718
0.0, -0.61308634, -0.79000211
0.35859156, 0.61359158
-3e-08, 0.07272545, -0.00022688
0.0, 0.07193213, 0.99740595
0.27984875, 0.80243394
-0.006631, 0.07272545, -0.00022688
-0.619129, 0.05648976, 0.78322703
0.27842161, 0.78537662
-3e-08, 0.04531335, -0.02997821
0.0, -0.94610429, -0.32377088
0.14474295, 0.65241992
-3e-08, 0.04114168, -0.01778779
0.0, -0.92651141, -0.37617114
0.13187715, 0.71010709
-3e-08, 0.11977857, -0.03115945
0.0, 0.99368268, 0.11215552
0.61687553, 0.55844903
-0.00663095, 0.11977857, -0.03115945
-0.68266857, 0.72606587, 0.0819422
0.58665174, 0.56176737
-0.006631, 0.07272545, -0.00022688
-0.894467, -0.41120639, 0.17545091
0.39961296, 0.45037985
-3e-08, 0.07443842, 0.00378773
0.0, -0.85753959, 0.51438946
0.38465244, 0.41310453
-0.006631, 0.07443842, 0.00378773
-0.67760247, -0.63063449, 0.37827691
0.40616593, 0.43502188
-3e-08, 0.02855761, 0.00882713
0.0, -0.92858666, -0.37101352
0.06409227, 0.81805086
-0.00663093, 0.02855761, 0.00882713
-0.6935026, -0.66899627, -0.26728112
0.08940407, 0.82973617
-3e-08, 0.11977857, -0.05317423
0.0, 0.70708334, -0.70708334
0.60476398, 0.66159496
-0.00663095, 0.11977857, -0.05317423
-0.57734919, 0.57734919, -0.57734919
0.58665168, 0.63981792
-0.00663093, 0.07711416, 0.00711491
-0.624897, -0.35209206, 0.69676811
0.41640204, 0.42229378
-3e-08, 0.07711416, 0.00711491
0.0, -0.45100254, 0.89251381
0.40377864, 0.39752865
-0.00663093, 0.09099981, 0.00770265
-0.64803004, 0.18668172, 0.7383343
0.46952173, 0.42004532
-3e-08, 0.09099981, 0.00770265
0.0, 0.24512467, 0.96948147
0.47592899, 0.38963729
-3e-08, 0.11554003, -0.05317423
0.0, 0.0, -0.99996948
0.5728969, 0.67084059
-0.00663095, 0.11554003, -0.05317423
-0.70708334, 0.0, -0.70708334
0.57043719, 0.63981792
-3e-08, 0.10270589, 0.00072309
0.0, 0.80431533, 0.59416485
0.53327316, 0.42880428
-3e-08, 0.11431972, -0.05317423
0.0, 0.0, -1.0
0.55761534, 0.66792688
-3e-08, 0.0173907, 0.04268416
0.0, -0.80904567, 0.58769494
0.01230221, 0.98256654
-0.00663093, 0.0173907, 0.04268416
-0.56224251, -0.66905731, 0.48600727
0.04609518, 0.96104483
-3e-08, 0.05465204, 0.04252632
0.0, 0.73003328, 0.68337047
0.2325644, 0.97957987
-0.00663095, 0.0784041, 0.0050853
-0.85009307, 0.30622274, -0.42835781
0.42133668, 0.430058
-0.01245219, 0.07968195, -0.04137929
-0.68623918, -0.60997343, -0.3961913
0.1561705, 0.4229691
-0.01245217, 0.1071286, -0.02700077
-0.86602372, 0.0, 0.49998474
0.25797477, 0.46509242
-0.01245219, 0.1071286, -0.04137929
-0.86602372, 0.0, -0.49998474
0.25797477, 0.42296916
-0.01245217, 0.07968195, -0.02700077
-0.68623918, -0.60997343, 0.3961913
0.15617043, 0.46509242
-3e-08, 0.1071286, -0.01981153
0.0, 0.0, 0.99996948
0.25797477, 0.50721586
-0.01245217, 0.1071286, -0.02700077
0.0, 1.0, 0.0
0.27176854, 0.41084468
0.00622605, 0.1071286, -0.02340616
0.0, 1.0, 0.0
0.33324096, 0.46408129
-0.00622612, 0.1071286, -0.04497392
0.0, 1.0, 0.0
0.33324093, 0.35760796
-0.00622612, 0.07968195, -0.04497392
-0.49998474, 0.0, -0.86602372
0.1561705, 0.39864898
-0.00622612, 0.1071286, -0.04497392
-0.49998474, 0.0, -0.86602372
0.25797477, 0.3986491
-3e-08, 0.07503678, -0.00328199
0.0, 0.99542224, -0.09555345
0.42862883, 0.46299881
-0.00663096, 0.07503678, -0.00328199
-0.77666557, 0.62700278, -0.0601825
0.40845492, 0.46206713
-0.00663097, 0.08350135, -0.01409826
-0.77416301, 0.17340617, 0.60875273
0.44083628, 0.50344482
-3e-08, 0.07626127, -0.00960848
0.0, 0.82335889, 0.56746119
0.43057972, 0.47593069
-3e-08, 0.08350135, -0.01409826
0.0, 0.27396467, 0.96172976
0.44746599, 0.48433316
-0.00663089, 0.09340402, -0.01409826
-0.75685906, -0.13556322, 0.63933223
0.47871903, 0.50344488
-3e-08, 0.1016693, -0.01042554
0.0, -0.85814995, 0.51338238
0.48877761, 0.47801852
-0.00663089, 0.1016693, -0.01042554
-0.8620258, -0.43494979, 0.2602008
0.51033789, 0.48939472
-0.00663092, 0.10093459, -0.0005677
-0.82512891, -0.48255867, -0.29367962
0.50752735, 0.45168352
-3e-08, 0.09068974, 0.00573837
0.0, -0.24674214, -0.96905422
0.46483803, 0.44570112
-0.00663095, 0.09068974, 0.00573837
-0.78066349, -0.15417951, -0.60557878
0.46833557, 0.42755961
-0.00663099, 0.07626127, -0.00960849
-0.80928981, 0.4835963, 0.33338419
0.41313925, 0.48626924
-3e-08, 0.09340402, -0.01409826
0.0, -0.20752586, 0.97820979
0.47094086, 0.48470396
-3e-08, 0.10093459, -0.0005677
0.0, -0.85421306, -0.51985228
0.48792124, 0.46025258
-3e-08, 0.0784041, 0.0050853
0.0, 0.58156073, -0.81350136
0.43759075, 0.44708109
-0.00312807, 0.06818262, -0.04807543
-0.59822381, -0.18655965, -0.77929014
0.11107526, 0.56461048
-3e-08, 0.07315891, -0.04612377
0.0, 0.36509293, -0.93093663
0.1343212, 0.56096146
-3e-08, 0.06818262, -0.04807543
0.0, 0.36509293, -0.93093663
0.11541449, 0.5535464
-0.00312807, 0.06056995, -0.03930829
-0.90954316, -0.41398358, 0.03619495
0.08215183, 0.59791997
-3e-08, 0.05353199, -0.04495937
0.0, -0.88576925, -0.46409497
0.04344539, 0.57067361
-3e-08, 0.06056995, -0.03930829
0.0, -0.99618518, 0.08713035
0.06797452, 0.59652933
-0.00312807, 0.0542317, -0.03207804
-0.32544938, -0.71102023, -0.62327951
0.05731574, 0.61708808
-3e-08, 0.0542317, -0.03207804
0.0, -0.75194556, -0.65916926
0.05184268, 0.61097705
-0.00312807, 0.06314391, -0.04073407
-1.0, 0.0, 0.0
0.09193122, 0.59250301
-0.00312807, 0.06292818, -0.04216877
-0.84975737, -0.14441359, -0.50694299
0.09111169, 0.58705196
-0.00312807, 0.06650008, -0.0360126
-1.0, 0.0, 0.0
0.10468256, 0.61044157
-0.00312807, 0.07315891, -0.04612377
-0.65514082, 0.27582628, -0.70332956
0.12998196, 0.57202554
-0.00663131, 0.10892124, -0.04705478
-1.0, 0.0, 0.0
0.5451169, 0.62952039
-3e-08, 0.2071569, -0.03820894
0.0, 0.0, 1.0
0.3017526, 0.34470391
-0.00249506, 0.11977857, -0.03820894
-0.38267159, 0.0, 0.92385632
0.03483135, 0.33667254
-3e-08, 0.11977857, -0.03820894
0.0, 0.0, 1.0
0.03483146, 0.34470391
-0.00249506, 0.2071569, -0.03820894
-0.38267159, 0.0, 0.92385632
0.3017526, 0.33667254
-0.00602355, 0.11977857, -0.04173745
-0.92385632, 0.0, 0.38267159
0.03483135, 0.32533121
-0.00602355, 0.2071569, -0.04173745
-0.92385632, 0.0, 0.38267159
0.3017526, 0.32533121
-0.00602357, 0.11977857, -0.04672748
-0.92385632, 0.0, -0.38267159
0.03483135, 0.30929166
-0.00249506, 0.2071569, -0.05025597
-0.81249428, 0.47593614, -0.33652762
0.3017526, 0.29794997
-0.00249506, 0.11977857, -0.05025597
-0.92385632, 0.0, -0.38267159
0.03483135, 0.29794997
-3e-08, 0.2071569, -0.03820894
0.0, 0.99996948, 0.0
0.29452115, 0.35741031
-0.00218509, 0.2071569, -0.03115945
-0.57734919, 0.57734919, 0.57734919
0.2730698, 0.36948609
-3e-08, 0.2071569, -0.03115945
0.0, 0.70708334, 0.70708334
0.27665472, 0.37797701
-3e-08, 0.11977857, -0.03115945
0.0, 0.0, 1.0
0.03490368, 0.37797701
-0.00218509, 0.11977857, -0.03820894
-1.0, 0.0, 0.0
0.03483135, 0.35096347
-0.00218509, 0.11977857, -0.03115945
-0.70708334, 0.0, 0.70708334
0.03483135, 0.36948609
-3e-08, 0.07968195, -0.01981153
0.0, -0.60997343, 0.7923826
0.1561705, 0.50721586
0.00622605, 0.1071286, -0.02340616
0.49998474, 0.0, 0.86602372
0.25797477, 0.53153583
0.00622605, 0.07968195, -0.02340616
0.0, -1.0, 0.0
0.12706359, 0.50936213
-3e-08, 0.11740578, -0.01252581
0.0, 0.70708334, 0.70708334
0.59218305, 0.85056514
0.00663087, 0.10593852, -0.01252581
0.87533188, 0.2985931, 0.38026062
0.52666992, 0.83729637
0.00663087, 0.11740578, -0.01252581
0.57731867, 0.57734919, 0.57734919
0.57757455, 0.83729643
0.00663088, 0.05274697, 0.01171894
0.78722495, 0.59495836, 0.1620838
0.20093857, 0.83170648
0.00663094, 0.06020125, 0.00067667
0.81991029, 0.28669089, 0.49549851
0.22984867, 0.7888809
0.00663089, 0.11431972, -0.05317423
0.70711386, 0.0, -0.70705283
0.56576884, 0.69023931
0.00663087, 0.07640397, -0.05317423
0.61183506, -0.38679159, -0.68993193
0.41368517, 0.69023919
0.00663088, 0.05465204, 0.04252632
0.57435834, 0.59758294, 0.55940425
0.20832704, 0.95118758
-3e-08, 0.04531335, -0.02997821
0.0, -0.29358807, -0.95590073
0.28621629, 0.73847067
0.00663089, 0.0661293, -0.0363718
0.79613638, -0.37095249, -0.4780114
0.37437934, 0.74607322
0.0066309, 0.04531335, -0.02997822
0.46668905, -0.25965148, -0.84542376
0.29094797, 0.75837258
-3e-08, 0.11740578, -0.0207844
0.0, 0.99368268, 0.11215552
0.61048782, 0.79844612
0.00663087, 0.11740578, -0.0207844
0.73320717, 0.6756798, 0.07626575
0.57757455, 0.79007693
-3e-08, 0.10270589, 0.00072309
0.0, 0.80431533, 0.59416485
0.53327268, 0.90592187
0.00663088, 0.10270589, 0.00072309
0.62956631, 0.624897, 0.46162298
0.51430339, 0.88798013
0.00663087, 0.04114168, -0.01778779
0.71990114, -0.6430555, -0.26108584
0.15612914, 0.71958092
0.00663089, 0.06491987, -0.01846617
1.0, 0.0, 0.0
0.24814898, 0.71463877
-3e-08, 0.0661293, -0.0363718
0.0, -0.61308634, -0.79000211
0.35878, 0.72114146
0.00663094, 0.07272545, -0.00022688
0.619129, 0.05648976, 0.78322703
0.27842161, 0.78537668
0.0066309, 0.04531335, -0.02997822
0.65715504, -0.713126, -0.24402601
0.16825628, 0.65766406
-3e-08, 0.11977857, -0.03115945
0.0, 0.99368268, 0.11215552
0.61683756, 0.77621083
0.00663089, 0.11977857, -0.03115945
0.68269908, 0.72606587, 0.0819422
0.58665174, 0.77295829
-3e-08, 0.07443842, 0.00378773
0.0, -0.85753959, 0.51438946
0.38465247, 0.92162129
0.00663094, 0.07272545, -0.00022688
0.894467, -0.41120639, 0.17545091
0.39961296, 0.88434592
0.00663094, 0.07443842, 0.00378773
0.67760247, -0.63063449, 0.37827691
0.40616593, 0.89970392
0.00663088, 0.02855761, 0.00882713
0.6935026, -0.66899627, -0.26728112
0.08940407, 0.82973619
-3e-08, 0.11977857, -0.05317423
0.0, 0.70708334, -0.70708334
0.60442358, 0.67330346
0.00663089, 0.11977857, -0.05317423
0.57734919, 0.57731867, -0.57731867
0.58665168, 0.69490778
0.00663088, 0.07711416, 0.00711491
0.624897, -0.35209206, 0.69676811
0.41640204, 0.91243204
0.00663088, 0.09099981, 0.00770265
0.64803004, 0.18668172, 0.7383343
0.46952173, 0.91468048
-3e-08, 0.07711416, 0.00711491
0.0, -0.45100254, 0.89251381
0.40377864, 0.9371971
-3e-08, 0.11554003, -0.05317423
0.0, 0.0, -0.99996948
0.57272357, 0.66459671
0.00663089, 0.11554003, -0.05317423
0.70711386, 0.0, -0.70705283
0.57043713, 0.69490778
-3e-08, 0.09099981, 0.00770265
0.0, 0.24512467, 0.96948147
0.4759289, 0.94508835
0.00663088, 0.0173907, 0.04268416
0.56224251, -0.66905731, 0.48600727
0.04609518, 0.96104487
0.00663086, 0.10093459, -0.0005677
0.82512891, -0.48255867, -0.29367962
0.50752735, 0.88304222
0.01245212, 0.1071286, -0.04137927
0.86602372, 0.0, -0.49998474
0.25797477, 0.46509242
-3e-08, 0.07968195, -0.04856855
0.0, -0.60997343, -0.7923826
0.1561705, 0.42296922
-3e-08, 0.1071286, -0.04856855
0.0, 0.0, -1.0
0.25797477, 0.42296922
0.01245211, 0.1071286, -0.02700077
0.86602372, 0.0, 0.49998474
0.25797477, 0.50721586
0.01245212, 0.07968195, -0.04137927
0.68623918, -0.60997343, -0.3961913
0.15617043, 0.46509242
0.00622605, 0.1071286, -0.02340616
0.0, 1.0, 0.0
0.33330822, 0.46371394
0.01245211, 0.1071286, -0.02700077
0.0, 1.0, 0.0
0.30250472, 0.46408129
0.01245212, 0.1071286, -0.04137927
0.0, 1.0, 0.0
0.27176854, 0.41084468
-3e-08, 0.07503678, -0.00328199
0.0, 0.99542224, -0.09555345
0.42862883, 0.87172689
0.00663089, 0.0784041, 0.0050853
0.85009307, 0.30622274, -0.42835781
0.42133665, 0.90466774
0.00663091, 0.07503678, -0.00328199
0.77666557, 0.62700278, -0.0601825
0.40845492, 0.8726586
0.0066309, 0.08350135, -0.01409826
0.77434611, 0.17337565, 0.60850859
0.44083628, 0.83128089
-3e-08, 0.07626127, -0.00960848
0.0, 0.82335889, 0.56746119
0.43057972, 0.85879503
0.00663093, 0.07626127, -0.00960849
0.80932033, 0.48362681, 0.33326212
0.41313925, 0.8484565
-3e-08, 0.1016693, -0.01042554
0.0, -0.85814995, 0.51338238
0.48877761, 0.8567072
0.00663083, 0.09340402, -0.01409826
0.75695062, -0.13565478, 0.63921016
0.47871903, 0.83128093
0.00663083, 0.1016693, -0.01042554
0.8620258, -0.43494979, 0.2602008
0.51033789, 0.84533094
-3e-08, 0.09068974, 0.00573837
0.0, -0.24674214, -0.96905422
0.46483803, 0.88902462
0.00663089, 0.09068974, 0.00573837
0.78066349, -0.15417951, -0.60557878
0.46833557, 0.90716609
-3e-08, 0.08350135, -0.01409826
0.0, 0.27396467, 0.96172976
0.44746599, 0.85039255
-3e-08, 0.10093459, -0.0005677
0.0, -0.85421306, -0.51985228
0.48792124, 0.87447317
0.003128, 0.07315891, -0.04612377
0.65514082, 0.27582628, -0.70332956
0.12998196, 0.5720256
0.003128, 0.06818262, -0.04807543
0.59822381, -0.18655965, -0.77929014
0.11107525, 0.56461048
0.003128, 0.06056995, -0.03930829
0.90954316, -0.41398358, 0.03619495
0.08215183, 0.59791997
0.003128, 0.0542317, -0.03207804
0.32544938, -0.71102023, -0.62327951
0.05731574, 0.61708808
0.003128, 0.06314391, -0.04073407
1.0, 0.0, 0.0
0.09193122, 0.59250301
0.003128, 0.06292818, -0.04216877
0.84975737, -0.14441359, -0.50694299
0.09111169, 0.58705202
0.003128, 0.06650008, -0.0360126
1.0, 0.0, 0.0
0.10468256, 0.6104416
0.00663036, 0.07934266, -0.04705478
1.0, 3.052e-05, 3.052e-05
0.42492712, 0.70520532
0.00249499, 0.11977857, -0.03820894
0.38267159, 0.0, 0.92385632
0.03483135, 0.33667231
-3e-08, 0.11977857, -0.03820894
0.0, 0.0, 1.0
0.03485727, 0.34470391
0.00602349, 0.11977857, -0.04173745
0.92385632, 0.0, 0.38267159
0.03483135, 0.32533103
0.00249499, 0.2071569, -0.03820894
0.38267159, 0.0, 0.92385632
0.3017526, 0.33667231
0.00602349, 0.11977857, -0.04672748
0.92385632, 0.0, -0.38267159
0.03483135, 0.30929166
0.00602349, 0.2071569, -0.04173745
0.92385632, 0.0, 0.38267159
0.3017526, 0.32533103
0.00249499, 0.11977857, -0.05025597
0.92385632, 0.0, -0.38267159
0.03483135, 0.29794979
0.00602349, 0.2071569, -0.04672748
0.92385632, 0.0, -0.38267159
0.3017526, 0.30929166
0.00218502, 0.2071569, -0.03820894
0.70708334, 0.70708334, 0.0
0.28674531, 0.35096347
0.00218502, 0.2071569, -0.03115945
0.57734919, 0.57734919, 0.57734919
0.2730698, 0.36948591
0.00218502, 0.11977857, -0.03820894
1.0, 0.0, 0.0
0.03483135, 0.35096347
0.01245212, 0.07968195, -0.02700078
0.68623918, -0.60997343, 0.3961913
0.1561705, 0.50721589
-0.00622612, 0.07968195, -0.04497392
0.0, -1.0, 0.0
0.12706359, 0.41977036
0.003128, 0.05353199, -0.04495937
0.53941464, -0.74584186, -0.39075899
0.05541208, 0.57644945
-3e-08, 0.06292818, -0.04216877
0.0, -0.27396467, -0.96172976
0.08584928, 0.57005098
-0.00312807, 0.05353199, -0.04495937
-0.53941464, -0.74584186, -0.39075899
0.05541208, 0.57644945
-3e-08, 0.06818262, -0.04807543
0.0, -0.74712366, -0.66463208
0.10608978, 0.55686814
0.00355959, 0.08465241, -0.05317423
0.43668935, 0.22602008, -0.87072361
0.36022481, 0.65035972
-0.00355966, 0.07422349, -0.05588161
-0.56746119, -0.48655659, -0.66423535
0.30365765, 0.6844826
-0.00355966, 0.08465241, -0.05317423
-0.43668935, 0.22602008, -0.87072361
0.36022487, 0.68448251
0.00355959, 0.07422349, -0.05588161
0.56746119, -0.48655659, -0.66423535
0.30365765, 0.65035972
-0.00355966, 0.07376326, -0.04710464
0.0, -0.99862665, -0.05233924
0.26609221, 0.6844826
0.00355959, 0.07376326, -0.04710464
1.0, 0.0, 0.0
0.31730765, 0.61536205
-0.00355966, 0.07376326, -0.04710464
-1.0, 0.0, 0.0
0.31730777, 0.71948028
-0.0066332, 0.07934266, -0.0207844
-1.0, -3.052e-05, 0.00012207
0.42492715, 0.52902278
0.00663131, 0.10892124, -0.0207844
1.0, 0.0, 0.0
0.5451169, 0.80570306
-0.00663131, 0.10892124, -0.0207844
0.0, 0.0, -1.0
0.5394882, 0.80357157
0.00663131, 0.10892124, -0.0207844
0.0, 0.0, -1.0
0.43062794, 0.80360016
0.00662941, 0.07934266, -0.0207844
0.0, 0.0, -1.0
0.4305273, 0.75504275
-0.00663131, 0.10892124, -0.0207844
0.0, 0.99996948, 0.0
0.4965753, 0.62718889
0.00663036, 0.10892124, -0.04705478
0.0, 1.0, 0.0
0.54346818, 0.53429759
-0.00663131, 0.10892124, -0.04705478
0.0, 1.0, 0.0
0.4965753, 0.53429756
0.00663036, 0.10892124, -0.04705478
0.0, 0.0, -1.0
0.54019457, 0.70610863
-0.00663036, 0.07934266, -0.04705478
0.0, 0.0, -1.0
0.42910147, 0.75299817
-0.00663131, 0.10892124, -0.04705478
0.0, 0.0, -0.99996948
0.54019457, 0.75300154
-0.00663036, 0.07934266, -0.04705478
0.0, 1.0, 0.0
0.4261862, 0.62610883
-0.0066332, 0.07934266, -0.0207844
0.0, 1.0, 0.0
0.42617953, 0.53321743
0.00662941, 0.07934266, -0.0207844
0.0, 0.99996948, 0.0
0.47307578, 0.53321916
-3e-08, 0.2071569, -0.03820894
0.0, 1.0, 0.0
0.32737628, 0.33635259
-3e-08, 0.2071569, -0.05025597
0.0, 1.0, 0.0
0.32737628, 0.2976644
-0.00602355, 0.2071569, -0.04672748
0.0, 1.0, 0.0
0.30803224, 0.30899572
-4e-08, 0.1998699, -0.05622604
0.0, -0.00177007, -0.99996948
0.28019238, 0.23651475
-0.00249506, 0.2071569, -0.05317423
-0.68486589, 0.65627003, -0.31659901
0.30231106, 0.27091151
-4e-08, 0.20575973, -0.05622604
0.0, 0.36640522, -0.93044829
0.29558951, 0.23651469
-3e-08, 0.2071569, -0.05317423
0.0, 0.90923798, -0.41624194
0.30231106, 0.27091163
-0.00249506, 0.15377736, -0.05317423
-0.02102725, -0.03189184, -0.99926758
0.18937153, 0.27091151
-3e-08, 0.15377736, -0.05317423
0.0, -0.03302103, -0.99945068
0.18937153, 0.27091151
0.00602349, 0.2071569, -0.04672748
0.0, 1.0, 0.0
0.34672031, 0.30899572
0.00602349, 0.2071569, -0.04173745
0.0, 1.0, 0.0
0.34672031, 0.32502103
0.00249499, 0.2071569, -0.05317423
0.68486589, 0.65627003, -0.31659901
0.30231106, 0.27091163
0.00249499, 0.15377736, -0.05317423
0.02102725, -0.03189184, -0.99926758
0.18937153, 0.27091151
-0.00663097, 0.04531335, -0.02997821
-0.65715504, -0.713126, -0.24402601
0.16825631, 0.65766406
-3e-08, 0.07272545, -0.00022688
0.0, -0.91976684, 0.39243752
0.37205616, 0.43124366
-0.01245219, 0.1071286, -0.04137929
0.0, 1.0, 0.0
0.30250472, 0.35760796
-3e-08, 0.1071286, -0.01981153
0.0, 1.0, 0.0
0.30250472, 0.46408129
-0.00663095, 0.06491987, -0.01846616
-0.99996948, -6.104e-05, 3.052e-05
0.36975265, 0.52015439
-0.00663131, 0.10892124, -0.0207844
-1.0, 0.0, 3.052e-05
0.5451169, 0.52902269
-0.00663036, 0.07934266, -0.04705478
-1.0, 0.0, 3.052e-05
0.42492712, 0.62952039
-0.00602355, 0.2071569, -0.04672748
-0.92385632, 0.0, -0.38267159
0.3017526, 0.30929166
-0.00218509, 0.2071569, -0.03820894
-0.70708334, 0.70708334, 0.0
0.28674531, 0.35096347
0.00622605, 0.07968195, -0.02340616
0.49998474, 0.0, 0.86602372
0.1561705, 0.53153589
-3e-08, 0.10593852, -0.01252581
0.0, 0.61763358, 0.78643149
0.54867703, 0.85824244
-3e-08, 0.07272545, -0.00022688
0.0, -0.91976684, 0.39243752
0.37205613, 0.90348217
-3e-08, 0.1071286, -0.04856855
0.0, 1.0, 0.0
0.30250472, 0.35760796
-3e-08, 0.0784041, 0.0050853
0.0, 0.58156073, -0.81350136
0.43759078, 0.88764465
-3e-08, 0.09340402, -0.01409826
0.0, -0.20752586, 0.97820979
0.47094089, 0.85002176
0.00663089, 0.06491987, -0.01846617
1.0, 3.052e-05, 0.0
0.36975265, 0.81457135
0.00663036, 0.10892124, -0.04705478
1.0, 0.0, 3.052e-05
0.5451169, 0.70520544
0.00662941, 0.07934266, -0.0207844
1.0, 3.052e-05, -6.104e-05
0.42492715, 0.80570294
0.00249499, 0.2071569, -0.05025597
0.81249428, 0.47593614, -0.33652762
0.3017526, 0.29794979
0.00218502, 0.11977857, -0.03115945
0.70708334, 0.0, 0.70708334
0.03483135, 0.36948597
0.00355959, 0.07376326, -0.04710464
0.0, -0.99862665, -0.05233924
0.26609221, 0.65035975
-0.0066332, 0.07934266, -0.0207844
0.0, 0.0, -1.0
0.53958809, 0.75498888
0.00663131, 0.10892124, -0.0207844
0.0, 0.99996948, 0.0
0.54347152, 0.62718889
0.00663036, 0.07934266, -0.04705478
0.0, 0.0, -1.0
0.42910147, 0.70610863
0.00663036, 0.07934266, -0.04705478
0.0, 1.0, 0.0
0.47307578, 0.62611049
-0.00602355, 0.2071569, -0.04173745
0.0, 1.0, 0.0
0.30803224, 0.32502103
-0.00249506, 0.2071569, -0.03820894
0.0, 0.99996948, 0.0
0.3193638, 0.33635259
-0.00249506, 0.2071569, -0.05025597
0.0, 1.0, 0.0
0.3193638, 0.2976644
0.00249499, 0.2071569, -0.03820894
0.0, 1.0, 0.0
0.33538887, 0.33635259
0.00249499, 0.2071569, -0.05025597
0.0, 1.0, 0.0
0.33538887, 0.2976644
0.00249499, 0.15377736, -0.05317423
0.02102725, -0.03189184, -0.99926758
0.18937153, 0.25960559
-3e-08, 0.11977857, -0.05317423
0.0, 0.0, -0.99996948
0.03531054, 0.27091146
-0.00249506, 0.11977857, -0.05317423
-0.70708334, 0.0, -0.70708334
0.03531054, 0.28221738
-0.00249506, 0.15377736, -0.05317423
-0.02102725, -0.03189184, -0.99926758
0.18937153, 0.28221744
0.00249499, 0.2071569, -0.05317423
0.68486589, 0.65627003, -0.31659901
0.3017526, 0.28898531
0.00249499, 0.11977857, -0.05317423
0.70708334, 0.0, -0.70708334
0.03483137, 0.28898478
-0.00249506, 0.2071569, -0.05317423
-0.68486589, 0.65627003, -0.31659901
0.3017526, 0.28898489
-0.00249506, 0.11977857, -0.05317423
-0.70708334, 0.0, -0.70708334
0.03483133, 0.28898549
-0.00249506, 0.2071569, -0.05317423
-0.68486589, 0.65627003, -0.31659901
0.3193638, 0.28835881
0.00249499, 0.2071569, -0.05025597
0.81249428, 0.47593614, -0.33652762
0.33527586, 0.2976644
0.00249499, 0.2071569, -0.05317423
0.68486589, 0.65627003, -0.31659901
0.33527586, 0.28835881
0.00249499, 0.11977857, -0.05317423
0.70708334, 0.0, -0.70708334
0.03531054, 0.25960553
# Number of Faces:
320
# Face Data:
0, 1, 2
3, 4, 5
6, 7, 8
9, 10, 3
11, 12, 13
2, 14, 15
16, 17, 0
18, 19, 5
8, 20, 11
5, 21, 22
19, 23, 24
15, 25, 26
27, 28, 29
19, 30, 31
26, 32, 33
34, 28, 35
36, 35, 37
33, 38, 39
36, 40, 16
39, 41, 6
31, 42, 43
43, 44, 9
45, 34, 36
46, 47, 48
49, 50, 47
51, 52, 53
54, 48, 55
45, 56, 57
58, 59, 60
61, 62, 63
64, 65, 66
57, 59, 67
61, 60, 68
63, 69, 64
66, 70, 45
71, 72, 73
74, 75, 76
77, 76, 78
79, 71, 80
81, 82, 79
83, 6, 8
84, 85, 86
87, 88, 85
89, 90, 88
90, 91, 92
93, 94, 95
94, 96, 95
94, 97, 98
99, 100, 50
101, 99, 49
102, 103, 104
4, 105, 106
7, 107, 108
10, 109, 105
110, 111, 112
113, 104, 114
103, 115, 116
117, 118, 106
119, 108, 111
21, 106, 120
117, 23, 121
122, 114, 123
124, 125, 126
30, 117, 127
128, 123, 129
130, 124, 126
131, 132, 130
133, 129, 134
116, 135, 131
41, 134, 107
42, 127, 136
109, 42, 136
116, 131, 137
138, 139, 140
141, 142, 138
143, 144, 145
140, 54, 55
146, 147, 148
149, 150, 151
152, 153, 154
155, 137, 156
150, 148, 151
153, 157, 149
158, 154, 137
147, 155, 156
73, 159, 160
75, 161, 76
76, 162, 78
160, 163, 164
163, 165, 161
108, 166, 111
167, 84, 168
169, 170, 167
171, 172, 169
173, 174, 171
95, 175, 93
96, 176, 95
176, 177, 175
100, 178, 141
142, 101, 179
164, 161, 180
181, 180, 75
74, 80, 182
182, 181, 75
183, 164, 181
80, 183, 181
184, 185, 186
187, 188, 185
187, 184, 189
186, 185, 190
67, 58, 191
192, 103, 153
193, 194, 195
196, 197, 198
199, 200, 201
202, 203, 204
205, 206, 207
208, 209, 210
209, 211, 210
212, 208, 213
214, 205, 215
216, 208, 210
216, 210, 211
217, 213, 208
0, 17, 1
3, 10, 4
6, 41, 7
9, 44, 10
11, 20, 12
2, 1, 14
16, 40, 17
43, 9, 31
5, 22, 18
9, 3, 31
19, 3, 5
18, 218, 19
3, 19, 31
8, 7, 20
5, 4, 21
19, 218, 23
15, 14, 25
27, 219, 28
19, 24, 30
26, 25, 32
34, 29, 28
36, 34, 35
33, 32, 38
36, 37, 40
39, 38, 41
31, 30, 42
43, 42, 44
16, 0, 63
16, 63, 64
57, 29, 45
45, 29, 34
36, 16, 64
66, 45, 36
36, 64, 66
46, 49, 47
49, 99, 50
53, 220, 51
51, 221, 52
54, 46, 48
45, 70, 56
58, 67, 59
61, 68, 62
64, 69, 65
57, 56, 59
61, 58, 60
63, 62, 69
66, 65, 70
71, 82, 72
74, 182, 75
77, 74, 76
79, 82, 71
79, 74, 81
77, 81, 74
11, 13, 222
222, 191, 11
83, 223, 26
11, 191, 224
223, 15, 26
8, 11, 224
83, 26, 39
8, 224, 83
39, 6, 83
26, 33, 39
84, 87, 85
87, 89, 88
89, 225, 90
90, 225, 91
93, 226, 94
94, 98, 96
94, 226, 97
99, 227, 100
49, 46, 179
179, 101, 49
102, 228, 103
4, 10, 105
7, 41, 107
10, 44, 109
110, 119, 111
113, 102, 104
103, 228, 115
105, 109, 127
136, 127, 109
117, 121, 118
118, 120, 106
106, 105, 117
127, 117, 105
119, 7, 108
21, 4, 106
117, 24, 23
122, 113, 114
124, 229, 125
30, 24, 117
128, 122, 123
130, 132, 124
131, 135, 132
133, 128, 129
116, 115, 135
41, 133, 134
42, 30, 127
109, 44, 42
154, 103, 116
130, 126, 147
126, 148, 147
137, 154, 116
130, 147, 131
156, 137, 131
131, 147, 156
138, 142, 139
141, 178, 142
145, 230, 53
53, 143, 145
140, 139, 54
146, 231, 147
149, 157, 150
152, 232, 153
155, 158, 137
150, 146, 148
153, 232, 157
158, 152, 154
147, 231, 155
73, 72, 159
75, 180, 161
76, 161, 162
160, 159, 163
162, 161, 165
163, 159, 165
233, 112, 111
108, 107, 234
134, 129, 234
166, 235, 111
134, 234, 107
233, 111, 235
108, 234, 166
167, 170, 84
169, 172, 170
171, 174, 172
173, 236, 174
95, 176, 175
96, 237, 176
176, 237, 177
100, 227, 178
179, 139, 142
142, 178, 101
164, 163, 161
181, 164, 180
74, 79, 80
182, 80, 181
183, 160, 164
80, 71, 183
184, 187, 185
187, 238, 188
2, 15, 223
223, 191, 61
27, 29, 57
2, 223, 0
61, 63, 0
0, 223, 61
222, 27, 57
222, 57, 67
61, 191, 58
222, 67, 191
125, 233, 148
192, 234, 123
148, 126, 125
151, 148, 233
234, 129, 123
114, 104, 192
192, 123, 114
151, 233, 235
149, 151, 235
192, 104, 103
149, 235, 153
103, 154, 153
153, 235, 192
193, 195, 239
196, 240, 197
199, 241, 200
202, 204, 242
207, 243, 205
244, 205, 243
206, 245, 207
208, 212, 209
246, 215, 205
214, 247, 206
206, 205, 214
216, 217, 208
248, 249, 213
213, 250, 251
252, 173, 253
92, 254, 255
256, 257, 258
248, 259, 249
213, 249, 250
252, 236, 173
92, 91, 254
256, 245, 257
