# Project Zomboid Skinned Mesh
# File Version:
1.0
# Model Name:
Cube
# Vertex Stride Element Count:
3
# Vertex Stride Size (in bytes):
76
# Vertex Stride Data:
# (Int)    Offset
# (String) Type
0
VertexArray
12
NormalArray
24
TextureCoordArray
# Vertex Count:
202
# Vertex Buffer:
0.01516741, 0.22752173, -0.01511133
0.98113954, -0.09320353, -0.16916409
0.48381251, 0.8243247
0.01472503, 0.22752173, -0.0259759
0.70595413, -0.70809048, -0.01358074
0.48381251, 0.80948964
0.01441304, 0.28141856, -0.01511133
0.99978638, 0.01965392, -0.00128178
0.55740601, 0.8243247
0.01164483, 0.37709105, 0.00692827
0.70378733, 0.04071169, 0.70921963
0.68804216, 0.85441872
0.01441301, 0.28141856, 0.00998472
0.71028781, 0.04281747, 0.70256662
0.55740601, 0.85859212
0.0, 0.22752173, -0.0328516
0.0, -0.70708334, -0.70708334
0.48381242, 0.7808167
0.01441305, 0.2814185, -0.0328516
0.70155948, 0.03674429, -0.71163058
0.55740601, 0.80010125
0.01470266, 0.22752173, -0.0328516
0.57799006, -0.57609791, -0.5778985
0.48381242, 0.80010125
0.0, 0.22752173, -0.0259759
0.0, -0.70708334, -0.70708334
0.4702419, 0.78576073
0.0, 0.10971022, 0.01840266
0.0, 0.21497238, 0.9765923
0.32804501, 0.88976903
0.01533574, 0.10971022, 0.01840266
0.74663532, 0.1432844, 0.64955598
0.32294655, 0.8700864
0.00979938, 0.52203488, 0.0009387
0.71028781, 0.01916562, 0.70363474
0.88595587, 0.84624025
0.0, 0.37709105, 0.00692827
0.0, 0.03659169, 0.99932861
0.68804216, 0.87029532
0.01288825, 0.03756095, 0.00239738
0.66783655, 0.10657063, -0.73659474
0.2244302, 0.848232
0.0, -0.10248293, 0.0075286
0.0, -0.7523728, -0.65871149
0.01097436, 0.83316366
0.0, 0.03756106, 0.00239738
0.0, 0.13571581, -0.99072236
0.22443014, 0.8315651
0.0, 0.28141856, -0.0328516
0.0, 0.03518784, -0.99935913
0.55740607, 0.7808167
0.01164487, 0.37709105, -0.02610204
0.71147799, 0.04406873, -0.70128483
0.6880421, 0.80931744
0.0, 0.28141856, 0.00998472
0.0, 0.04043702, 0.99917603
0.55740607, 0.87805048
0.0, 0.55405617, -0.02439625
0.0, 0.70708334, -0.70708334
0.92967957, 0.79830988
0.00979942, 0.5220347, -0.02439625
0.70696127, 0.00866726, -0.7071749
0.88595587, 0.81164655
0.0, 0.5220347, -0.02439625
0.0, 0.00585955, -0.99996948
0.88595587, 0.79830988
0.0, 0.37709105, -0.02610204
0.0, 0.04107791, -0.99914551
0.68804216, 0.79344277
0.01164486, 0.37709105, -0.01511133
0.99975586, 0.02081362, 0.0
0.68804216, 0.8243247
0.01533568, 0.08000737, -0.00259159
0.70345163, -0.26667073, -0.65877253
0.28238872, 0.84141979
0.0153357, 0.10971022, -0.01217565
0.97183144, -0.22128971, -0.08069094
0.32294655, 0.82833323
0.0, 0.55405617, -0.01511133
0.0, 1.0, 0.0
0.95141369, 0.8243247
0.00979938, 0.55405617, 0.0009387
0.57734919, 0.57734919, 0.57734919
0.92967957, 0.84624025
0.00979941, 0.55405617, -0.01511133
0.70708334, 0.70708334, 0.0
0.92967957, 0.8243247
0.00979941, 0.52203488, -0.01511133
0.99996948, 0.00634785, 0.0
0.88595581, 0.8243247
0.01533572, 0.08000737, 0.03041732
0.7929014, 0.32917264, 0.51274151
0.28238875, 0.88649186
0.0, 0.52203488, 0.0009387
0.0, 0.02063051, 0.99978638
0.88595587, 0.85959703
0.01288829, 0.06136779, 0.05544755
0.58803064, 0.22980438, 0.77547532
0.25693727, 0.92066941
0.01288826, 0.05464312, 0.00784877
0.7833491, -0.0692465, -0.6176641
0.24775504, 0.85567561
0.00979942, 0.55405617, -0.02439625
0.57734919, 0.57731867, -0.57734919
0.92967957, 0.81164655
0.0, 0.10971022, -0.01217565
0.0, -0.98782313, 0.15540025
0.31537384, 0.80870861
0.01533571, 0.20731814, -0.01217565
0.99993896, 0.00369274, 0.01010163
0.45622545, 0.82833323
0.0, 0.08000737, 0.03041732
0.0, 0.61116368, 0.79146701
0.28238875, 0.90553069
0.0, 0.05464312, 0.00784877
0.0, -0.04074221, -0.99914551
0.24775504, 0.8370305
0.0, -0.09491809, 0.08616548
0.0, -0.56074709, 0.82796717
0.01811001, 0.99365316
0.01533566, -0.10248293, 0.0075286
0.57979065, -0.61131626, -0.53862119
0.03320702, 0.85523841
0.0153357, -0.09491809, 0.08616548
0.57329023, -0.45753348, 0.67967772
0.04353637, 0.96261331
0.0, 0.03756095, 0.04745616
0.0, -0.01977599, 0.99978638
0.22443014, 0.93115316
0.0, 0.06136779, 0.05544755
0.0, 0.29877621, 0.95431381
0.25693727, 0.93443656
0.01288829, 0.03756095, 0.04745616
0.77947325, -0.00448622, 0.62636191
0.22443013, 0.90975758
0.0, 0.08000737, -0.00259158
0.0, -0.34409618, -0.93890196
0.28238875, 0.82393049
0.00536124, 0.55405617, -0.01345253
0.92385632, 0.0, 0.38267159
0.86891192, 0.7491039
0.00222071, 0.60762811, -0.010312
0.29709768, 0.63023776, 0.71727651
0.94206196, 0.75339216
0.00222071, 0.55405617, -0.010312
0.38267159, 0.0, 0.92385632
0.86891192, 0.75339216
0.00536124, 0.55405617, -0.01789391
0.92385632, 0.0, -0.38267159
0.86891192, 0.74303937
0.00536124, 0.60762811, -0.01345253
0.71727651, 0.63023776, 0.29709768
0.94206196, 0.7491039
0.00222071, 0.55405617, -0.02103444
0.38267159, 0.0, -0.92385632
0.86891192, 0.73875111
0.00536124, 0.60762811, -0.01789391
0.71727651, 0.63023776, -0.29709768
0.94206196, 0.74303937
0.0, 0.09342708, -0.01217564
0.0, -0.70708334, 0.70708334
0.29281834, 0.7317751
-0.0052989, 0.09342697, -0.02029743
-0.41984314, -0.75533313, -0.50312817
0.30071262, 0.72061545
0.0, 0.09342708, -0.02029743
0.0, -0.81524092, -0.57908869
0.30071262, 0.7317751
0.0, 0.10971022, -0.01217565
0.0, -0.98782313, 0.15540025
0.29281834, 0.76060624
0.00529891, 0.09342708, -0.01217564
0.3854793, -0.69045079, 0.6120792
0.29281834, 0.74176264
0.0153357, 0.10971022, -0.01217565
0.97183144, -0.22128971, -0.08069094
0.32294655, 0.76060624
0.0, 0.22752173, -0.0259759
0.0, -0.70708334, -0.70708334
0.48387563, 0.7317751
0.00643017, 0.10971022, -0.0259759
0.41419721, -0.15906247, -0.89614552
0.32294652, 0.74176264
0.0, 0.10971022, -0.0259759
0.0, -0.16696677, -0.98593098
0.32294649, 0.7317751
0.0052989, 0.09342697, -0.02029743
0.42231512, -0.75252539, -0.50526446
0.30071262, 0.74176264
0.00536124, 0.60762811, -0.01789391
0.71727651, 0.63023776, -0.29709768
0.94823152, 0.74251646
0.0, 0.60762811, -0.010312
0.0, 0.70708334, 0.70708334
0.95535308, 0.75345647
0.00536124, 0.60762811, -0.01345253
0.71727651, 0.63023776, 0.29709768
0.94823152, 0.74976605
0.01018725, 0.09946395, 0.02227369
0.75981933, -0.63692129, 0.13016145
0.0956488, 0.71035069
0.01018721, 0.10564637, 0.03764827
0.90627766, 0.2430189, -0.34574419
0.10409054, 0.73134392
0.01018721, 0.10328577, 0.04097451
0.57863092, -0.45780817, 0.67494738
0.1008673, 0.7358858
0.0, 0.60082567, -0.01789391
0.0, 1.0, 0.0
0.94246072, 0.73058426
0.00206271, 0.60082567, -0.03610584
0.51875365, 0.58735925, -0.62117374
0.93277365, 0.70783663
0.0, 0.60082567, -0.03610584
0.0, 0.70708334, -0.70708334
0.93482929, 0.70459628
0.00536124, 0.60082567, -0.01789391
0.73650318, 0.6631062, -0.1333964
0.93277365, 0.7327041
0.00206271, 0.59043777, -0.03610584
0.53056431, -0.47868282, -0.69951475
0.91858917, 0.70783663
0.0, 0.58470029, -0.01789391
0.0, -0.95376444, -0.30045474
0.90283138, 0.72818154
0.00536124, 0.58470029, -0.01789391
0.64427626, -0.68819237, -0.33350629
0.91075486, 0.7327041
0.0, 0.09946395, 0.02227369
0.0, -0.97973573, 0.20020142
0.0755876, 0.71937007
0.0, 0.10328577, 0.04097451
0.0, -0.56132692, 0.82757044
0.09585255, 0.75011212
0.0, 0.13204174, 0.03582418
0.0, 0.74663532, 0.66521198
0.14632767, 0.73887366
0.01018722, 0.13204174, 0.03582418
0.59096044, 0.60228276, 0.53660697
0.14013216, 0.72885329
0.01018714, 0.13300742, 0.02026593
0.88894314, 0.32480851, 0.32288584
0.14145079, 0.70760924
0.0, 0.20083888, 0.01565211
0.0, 0.73070467, 0.68266857
0.24114016, 0.71208519
0.0, 0.13300742, 0.02026593
0.0, 0.70918912, 0.70500809
0.15331766, 0.72266155
0.01018726, 0.20083888, 0.01565211
0.58098084, 0.59471416, 0.55561996
0.23407137, 0.70130926
0.0, 0.20083888, 0.013519
0.0, 1.0, 0.0
0.24421799, 0.70972902
0.01018721, 0.12860817, 0.03346362
0.87557602, -0.36191902, -0.31989503
0.13544384, 0.72562999
0.01018726, 0.20083888, 0.013519
0.69634086, 0.71767324, 0.0
0.23407134, 0.69839662
0.0, 0.10280344, 0.02059095
0.0, 0.98638874, -0.1643727
0.10682625, 0.70703071
0.01018725, 0.10280344, 0.02059095
0.62846768, 0.76723534, -0.12787256
0.1002087, 0.70805305
0.0, 0.12955786, 0.01684949
0.0, -0.99835199, -0.05703909
0.12864628, 0.70199931
0.01018726, 0.12955786, 0.01684949
0.72933131, -0.68300426, -0.03900266
0.1367406, 0.70294422
0.0, 0.10564637, 0.03764827
0.0, 0.57506025, -0.81807917
0.10903919, 0.72195321
0.0, 0.55405617, -0.02103444
0.0, 0.0, -1.0
0.86891192, 0.73571879
0.00222071, 0.60762811, -0.02103444
0.29709768, 0.63023776, -0.71727651
0.94206196, 0.73875111
0.0, 0.60762811, -0.010312
0.0, 0.70708334, 0.70708334
0.94206196, 0.75642443
-0.01441305, 0.2814185, -0.0328516
-0.70155948, 0.03674429, -0.71163058
0.55740601, 0.65797639
-0.01472503, 0.22752173, -0.0259759
-0.70595413, -0.70809048, -0.01358074
0.48381251, 0.648588
-0.01441304, 0.28141856, -0.01511133
-0.99978638, 0.01965392, -0.00128178
0.55740601, 0.63375294
-0.01164483, 0.37709105, 0.00692827
-0.70378733, 0.04071169, 0.70921963
0.68804216, 0.60365891
-0.01164486, 0.37709105, -0.01511133
-0.99975586, 0.02081362, 0.0
0.68804216, 0.63375294
0.0, 0.22752173, -0.0328516
0.0, -0.70708334, -0.70708334
0.48381242, 0.67726082
0.0, 0.28141856, -0.0328516
0.0, 0.03518784, -0.99935913
0.55740607, 0.67726082
-0.01470266, 0.22752173, -0.0328516
-0.57799006, -0.57609791, -0.5778985
0.48381242, 0.65797639
0.0, 0.22752173, -0.0259759
0.0, -0.70708334, -0.70708334
0.47024262, 0.67231613
-0.01441301, 0.28141856, 0.00998472
-0.71028781, 0.04281747, 0.70256662
0.55740601, 0.59948552
0.0, 0.10971022, 0.01840266
0.0, 0.21497238, 0.9765923
0.32804501, 0.56830859
0.0, 0.28141856, 0.00998472
0.0, 0.04043702, 0.99917603
0.55740607, 0.5800271
0.0, 0.37709105, 0.00692827
0.0, 0.03659169, 0.99932861
0.68804216, 0.58778226
-0.00979938, 0.52203488, 0.0009387
-0.71028781, 0.01916562, 0.70363474
0.88595587, 0.61183739
-0.01288825, 0.03756095, 0.00239738
-0.66783655, 0.10657063, -0.73659474
0.2244302, 0.60984564
0.0, -0.10248293, 0.0075286
0.0, -0.7523728, -0.65871149
0.01097435, 0.62491399
-0.01533566, -0.10248293, 0.0075286
-0.57979065, -0.61131626, -0.53862119
0.033207, 0.60283923
-0.01164487, 0.37709105, -0.02610204
-0.71147799, 0.04406873, -0.70128483
0.6880421, 0.6487602
0.0, 0.37709105, -0.02610204
0.0, 0.04107791, -0.99914551
0.68804216, 0.66463488
-0.00979942, 0.5220347, -0.02439625
-0.70696127, 0.00866726, -0.7071749
0.88595587, 0.64643109
0.0, 0.55405617, -0.02439625
0.0, 0.70708334, -0.70708334
0.92967957, 0.65988857
0.0, 0.5220347, -0.02439625
0.0, 0.00585955, -0.99996948
0.88595587, 0.65976775
-0.00979941, 0.52203488, -0.01511133
-0.99996948, 0.00634785, 0.0
0.88595587, 0.63375294
-0.01533574, 0.10971022, 0.01840266
-0.74663532, 0.1432844, 0.64955598
0.32294655, 0.58799124
-0.01533568, 0.08000737, -0.00259159
-0.70345163, -0.26667073, -0.65877253
0.28238872, 0.61665785
-0.01533572, 0.08000737, 0.03041732
-0.7929014, 0.32917264, 0.51274151
0.28238875, 0.57158571
-0.00979938, 0.55405617, 0.0009387
-0.57734919, 0.57734919, 0.57734919
0.92967957, 0.61183739
0.0, 0.55405617, -0.01511133
0.0, 1.0, 0.0
0.95141369, 0.63375294
-0.00979941, 0.55405617, -0.01511133
-0.70708334, 0.70708334, 0.0
0.92967957, 0.63375294
0.0, 0.08000737, 0.03041732
0.0, 0.61116368, 0.79146701
0.28238875, 0.55254692
0.0, 0.52203488, 0.0009387
0.0, 0.02063051, 0.99978638
0.88595587, 0.59848034
-0.01288826, 0.05464312, 0.00784877
-0.7833491, -0.0692465, -0.6176641
0.24775504, 0.60240209
-0.01288829, 0.06136779, 0.05544755
-0.58803064, 0.22980438, 0.77547532
0.25693727, 0.53740823
-0.00979942, 0.55405617, -0.02439625
-0.57731867, 0.57731867, -0.57734919
0.92967957, 0.64643109
0.0, 0.10971022, -0.01217565
0.0, -0.98782313, 0.15540025
0.31537384, 0.649369
-0.0153357, 0.10971022, -0.01217565
-0.97183144, -0.22128971, -0.08069094
0.32294655, 0.62974441
-0.01533574, 0.21549608, -0.01511133
-0.94845426, 0.00970489, -0.31672108
0.46739209, 0.63375294
-0.01533571, 0.20731814, -0.01217565
-0.99993896, 0.00369274, 0.01010163
0.45622545, 0.62974441
-0.01516741, 0.22752173, -0.01511133
-0.98113954, -0.09320353, -0.16916409
0.48381251, 0.63375294
0.0, 0.06136779, 0.05544755
0.0, 0.29877621, 0.95431381
0.25693727, 0.52364105
0.0, 0.03756106, 0.00239738
0.0, 0.13571581, -0.99072236
0.22443014, 0.62651241
0.0, -0.09491809, 0.08616548
0.0, -0.56074709, 0.82796717
0.01810998, 0.46442437
-0.0153357, -0.09491809, 0.08616548
-0.57329023, -0.45753348, 0.67967772
0.04353637, 0.49546432
0.0, 0.03756095, 0.04745616
0.0, -0.01977599, 0.99978638
0.22443014, 0.52692443
-0.01288829, 0.03756095, 0.04745616
-0.77947325, -0.00448622, 0.62636191
0.22443013, 0.54832006
0.0, 0.08000737, -0.00259158
0.0, -0.34409618, -0.93890196
0.28238875, 0.63414717
-0.00222071, 0.60762811, -0.010312
-0.29709768, 0.63023776, 0.71727651
0.94206196, 0.75339216
-0.00536124, 0.55405617, -0.01345253
-0.92385632, 0.0, 0.38267159
0.86891192, 0.7491039
-0.00222071, 0.55405617, -0.010312
-0.38267159, 0.0, 0.92385632
0.86891192, 0.75339216
-0.00536124, 0.60762811, -0.01345253
-0.71727651, 0.63023776, 0.29709768
0.94206196, 0.7491039
-0.00536124, 0.55405617, -0.01789391
-0.92385632, 0.0, -0.38267159
0.86891192, 0.74303937
-0.00536124, 0.60762811, -0.01789391
-0.71727651, 0.63023776, -0.29709768
0.94206196, 0.74303937
-0.00222071, 0.55405617, -0.02103444
-0.38267159, 0.0, -0.92385632
0.86891192, 0.73875111
0.0, 0.10971022, -0.01217565
0.0, -0.98782313, 0.15540025
0.29281834, 0.70177186
-0.00529891, 0.09342708, -0.01217564
-0.3854793, -0.69045079, 0.6120792
0.29281834, 0.72061545
-0.00643017, 0.22752173, -0.0259759
-0.4100467, -0.2969451, -0.86236155
0.48381251, 0.72061545
-0.00704082, 0.10971022, -0.0259759
-0.43174535, -0.16443373, -0.88686788
0.32294649, 0.72061545
0.0153357, 0.10971022, -0.01511135
0.92895293, -0.22428052, -0.29441205
0.32294652, 0.75659771
0.0, 0.60762811, -0.02103444
0.0, 0.70708334, -0.70708334
0.95535713, 0.73882598
-0.00536124, 0.60762811, -0.01789391
-0.71727651, 0.63023776, -0.29709768
0.96267229, 0.74311119
-0.01018725, 0.09946395, 0.02227369
-0.75981933, -0.63692129, 0.13016145
0.0956488, 0.71035069
-0.01018721, 0.10564637, 0.03764827
-0.90627766, 0.2430189, -0.34574419
0.10409054, 0.73134392
-0.01018725, 0.10280344, 0.02059095
-0.62846768, 0.76723534, -0.12787256
0.1002087, 0.70805305
-0.00206271, 0.60082567, -0.03610584
-0.51875365, 0.58735925, -0.62117374
0.93277365, 0.70783663
-0.00536124, 0.60082567, -0.01789391
-0.73650318, 0.6631062, -0.1333964
0.93277365, 0.7327041
-0.00206271, 0.59043777, -0.03610584
-0.53056431, -0.47868282, -0.69951475
0.91858917, 0.70783663
-0.00536124, 0.58470029, -0.01789391
-0.64427626, -0.68819237, -0.33350629
0.91075486, 0.7327041
-0.01018721, 0.10328577, 0.04097451
-0.57863092, -0.45780817, 0.67494738
0.1008673, 0.7358858
-0.01018714, 0.13300742, 0.02026593
-0.88894314, 0.32480851, 0.32288584
0.14145079, 0.70760924
-0.01018722, 0.13204174, 0.03582418
-0.59096044, 0.60228276, 0.53660697
0.14013216, 0.72885329
-0.01018726, 0.20083888, 0.01565211
-0.58098084, 0.59471416, 0.55561996
0.23407137, 0.70130926
-0.01018726, 0.20083888, 0.013519
-0.69634086, 0.71767324, 0.0
0.23407134, 0.69839662
-0.01018726, 0.12955786, 0.01684949
-0.72933131, -0.68300426, -0.03900266
0.1367406, 0.70294422
-0.01018721, 0.12860817, 0.03346362
-0.87557602, -0.36191902, -0.31989503
0.13544384, 0.72562999
0.0, 0.12860817, 0.03346362
0.0, -0.74925995, -0.66222113
0.12643376, 0.71737021
-0.00222071, 0.60762811, -0.02103444
-0.29709768, 0.63023776, -0.71727651
0.94206196, 0.73875111
0.01533574, 0.21549608, -0.01511133
0.94784385, 0.00824, -0.31852168
0.46739209, 0.75659771
0.00643017, 0.22752173, -0.0259759
0.41016877, -0.29804376, -0.86190373
0.48381251, 0.74176264
-0.01533574, 0.21549608, -0.01511133
-0.94845426, 0.00970489, -0.31672108
0.46739209, 0.70578039
0.01533571, 0.20731814, -0.01217565
0.99993896, 0.00369274, 0.01010163
0.45622545, 0.76060624
-0.0153357, 0.10971022, -0.01511132
-0.93273723, -0.22675252, -0.28022096
0.32294652, 0.70578039
-0.01533571, 0.20731814, -0.01217565
-0.99993896, 0.00369274, 0.01010163
0.45622545, 0.70177186
-0.0153357, 0.10971022, -0.01217565
-0.97183144, -0.22128971, -0.08069094
0.32294655, 0.70177186
-0.00643017, 0.22752173, -0.0259759
-0.4100467, -0.2969451, -0.86236155
0.48381251, 0.648588
0.00643017, 0.22752173, -0.0259759
0.41016877, -0.29804376, -0.86190373
0.48381251, 0.80948964
0.03215397, 0.13371637, 0.0021653
0.36347544, 0.55003512, 0.751854
0.35572577, 0.80518807
0.01035417, 0.12463361, -0.01511135
-0.32230598, -0.85479295, 0.40668964
0.34332368, 0.78159769
0.03215397, 0.12463361, 0.0021653
0.36347544, -0.55003512, 0.751854
0.34332368, 0.80518807
0.03215397, 0.13371637, -0.0042712
0.70906705, 0.62340158, -0.3294473
0.35572577, 0.79639931
0.01035417, 0.13371637, -0.01511135
-0.32230598, 0.85479295, 0.40668964
0.3557258, 0.78159769
0.03215397, 0.12463361, -0.0042712
0.70906705, -0.62340158, -0.3294473
0.34332368, 0.79639931
0.00643017, 0.13371637, -0.0259759
0.61180454, 0.31608021, -0.72508925
0.3557258, 0.76676263
0.00643017, 0.12463361, -0.0259759
0.61180454, -0.31608021, -0.72508925
0.34332368, 0.76676263
0.0, 0.55405617, 0.0009387
0.0, 0.70708334, 0.70708334
0.92967957, 0.85959703
0.01533574, 0.21549608, -0.01511133
0.94784385, 0.00824, -0.31852168
0.46739209, 0.8243247
0.00222071, 0.60762811, -0.010312
0.29709768, 0.63023776, 0.71727651
0.9523229, 0.75345647
0.00222071, 0.60762811, -0.02103444
0.29709768, 0.63023776, -0.71727651
0.9523229, 0.7388261
0.0, 0.59043777, -0.03610584
0.0, -0.59138769, -0.80636007
0.91707414, 0.70509243
0.0, 0.60762811, -0.02103444
0.0, 0.70708334, -0.70708334
0.94206196, 0.73571885
0.0, 0.55405617, -0.010312
0.0, 0.0, 1.0
0.86891192, 0.75642443
0.0, 0.55405617, 0.0009387
0.0, 0.70708334, 0.70708334
0.92967957, 0.59848034
0.0, 0.05464312, 0.00784877
0.0, -0.04074221, -0.99914551
0.24775504, 0.62104708
-0.00536124, 0.60762811, -0.01345253
-0.71727651, 0.63023776, 0.29709768
0.96267229, 0.74917132
-0.00222071, 0.60762811, -0.010312
-0.29709768, 0.63023776, 0.71727651
0.9583872, 0.75345647
-0.00222071, 0.60762811, -0.02103444
-0.29709768, 0.63023776, -0.71727651
0.9583872, 0.73882598
0.01516741, 0.22752173, -0.01511133
0.98113954, -0.09320353, -0.16916409
0.48381251, 0.75659771
-0.01516741, 0.22752173, -0.01511133
-0.98113954, -0.09320353, -0.16916409
0.48381251, 0.70578039
# Number of Faces:
272
# Face Data:
0, 1, 2
2, 3, 4
5, 6, 7
7, 8, 5
4, 9, 10
11, 12, 3
13, 14, 15
16, 17, 6
3, 18, 4
19, 20, 21
22, 20, 17
23, 11, 3
10, 24, 25
26, 27, 28
28, 11, 29
9, 30, 10
27, 31, 11
32, 33, 30
34, 29, 20
19, 28, 34
24, 35, 25
20, 23, 17
17, 2, 6
10, 36, 4
37, 32, 30
33, 15, 38
39, 40, 41
42, 32, 43
32, 44, 13
30, 33, 24
33, 45, 24
44, 40, 13
39, 44, 42
46, 47, 48
49, 50, 46
51, 52, 49
53, 54, 55
56, 57, 58
59, 60, 61
62, 61, 60
62, 53, 55
63, 64, 65
66, 67, 68
69, 70, 71
72, 73, 70
74, 73, 75
73, 71, 70
76, 68, 77
78, 68, 79
80, 78, 79
80, 81, 82
83, 84, 81
79, 67, 85
80, 86, 83
87, 67, 88
85, 89, 90
91, 85, 67
92, 93, 51
94, 48, 47
95, 96, 97
97, 98, 99
100, 95, 101
102, 103, 96
104, 105, 106
107, 108, 98
109, 110, 111
101, 112, 113
106, 98, 104
114, 115, 116
113, 114, 116
99, 108, 117
118, 119, 120
121, 122, 123
108, 123, 117
105, 120, 124
125, 121, 108
126, 127, 120
117, 128, 114
123, 115, 128
129, 119, 130
99, 114, 112
97, 112, 95
131, 132, 133
124, 127, 134
126, 135, 109
111, 136, 137
127, 138, 134
127, 109, 139
120, 119, 126
140, 126, 119
139, 111, 137
139, 136, 138
141, 142, 143
144, 145, 142
146, 147, 145
148, 149, 53
61, 150, 59
61, 54, 151
57, 152, 58
64, 153, 154
155, 156, 157
69, 158, 159
159, 160, 161
160, 74, 161
71, 160, 158
76, 162, 155
78, 162, 77
78, 163, 164
163, 81, 165
84, 165, 81
156, 162, 164
163, 166, 167
156, 87, 157
168, 89, 169
168, 91, 156
170, 92, 147
143, 94, 141
171, 60, 172
151, 173, 150
60, 152, 62
174, 152, 171
175, 176, 173
175, 149, 177
151, 54, 175
133, 96, 178
0, 179, 1
180, 181, 182
183, 184, 180
185, 186, 183
185, 181, 187
182, 183, 180
6, 2, 1
1, 7, 6
2, 23, 3
5, 16, 6
7, 1, 8
4, 18, 9
11, 31, 12
13, 40, 14
16, 22, 17
3, 12, 18
19, 34, 20
22, 21, 20
23, 29, 11
10, 30, 24
26, 188, 27
28, 27, 11
9, 37, 30
27, 188, 31
32, 13, 33
34, 28, 29
19, 26, 28
24, 45, 35
20, 29, 23
17, 23, 2
2, 4, 0
10, 25, 36
36, 189, 0
0, 4, 36
37, 43, 32
33, 13, 15
39, 14, 40
42, 44, 32
33, 38, 45
44, 41, 40
39, 41, 44
46, 50, 47
49, 52, 50
51, 93, 52
53, 149, 54
56, 53, 57
59, 172, 60
62, 55, 61
62, 57, 53
190, 65, 64
63, 191, 153
153, 64, 63
66, 88, 67
69, 72, 70
72, 75, 73
74, 192, 73
73, 192, 71
76, 66, 68
78, 77, 68
80, 82, 78
80, 83, 81
83, 86, 84
85, 90, 80
79, 68, 67
85, 80, 79
80, 90, 86
87, 91, 67
85, 169, 89
91, 169, 85
92, 193, 93
94, 194, 48
133, 97, 96
95, 102, 96
97, 104, 98
100, 102, 95
102, 100, 103
104, 118, 105
107, 125, 108
109, 135, 110
101, 95, 112
106, 107, 98
114, 128, 115
113, 112, 114
99, 98, 108
118, 130, 119
121, 195, 122
108, 121, 123
105, 118, 120
125, 195, 121
126, 109, 127
117, 123, 128
123, 122, 115
129, 140, 119
99, 117, 114
97, 99, 112
118, 104, 132
97, 133, 104
132, 130, 118
133, 132, 104
124, 120, 127
126, 196, 135
111, 110, 136
127, 139, 138
140, 196, 126
139, 109, 111
139, 137, 136
141, 144, 142
144, 146, 145
146, 170, 147
148, 177, 149
61, 151, 150
61, 55, 54
57, 62, 152
154, 197, 64
198, 64, 197
153, 199, 154
155, 162, 156
69, 71, 158
159, 158, 160
160, 192, 74
71, 192, 160
76, 77, 162
78, 164, 162
78, 82, 163
163, 82, 81
84, 166, 165
163, 167, 168
168, 156, 164
164, 163, 168
163, 165, 166
156, 91, 87
168, 167, 89
168, 169, 91
170, 193, 92
143, 194, 94
172, 200, 171
171, 152, 60
201, 150, 173
151, 175, 173
174, 58, 152
175, 177, 176
175, 54, 149
180, 184, 181
183, 186, 184
185, 187, 186
185, 182, 181
182, 185, 183
