# Project Zomboid Skinned Mesh
# File Version:
1.0
# Model Name:
Cube.000
# Vertex Stride Element Count:
3
# Vertex Stride Size (in bytes):
76
# Vertex Stride Data:
# (Int)    Offset
# (String) Type
0
VertexArray
12
NormalArray
24
TextureCoordArray
# Vertex Count:
375
# Vertex Buffer:
0.01254241, 0.43238023, 0.00190886
0.57347333, 0.61095005, 0.54573196
0.816185, 0.84678335
-0.0, 0.43238023, -0.01677063
0.0, 1.0, 0.0
0.81893301, 0.81973875
-0.0, 0.43238023, 0.00190886
0.0, 0.74214911, 0.67021698
0.816185, 0.86011244
0.0148484, 0.35162917, -0.01677063
0.99987793, 0.01425214, 0.0
0.69927168, 0.81973875
0.01254241, 0.43238023, -0.01677063
0.69692069, 0.71712393, 0.0
0.816185, 0.81973875
-0.0, 0.35162917, 0.01015611
0.0, 0.05084383, 0.99868768
0.69927168, 0.88069896
0.00568959, 0.21840167, -0.02979265
0.46079898, 0.0, -0.88747823
0.50638211, 0.80088519
0.0148484, 0.21840167, -0.01677063
0.81792659, 0.0, -0.57527393
0.50638211, 0.81973875
0.00568959, 0.35162917, -0.02979265
0.46403393, 0.00601215, -0.88576925
0.69927168, 0.80088519
0.0148484, 0.23539352, 0.01015611
0.72640157, 0.05740532, 0.68483537
0.53098309, 0.85872388
0.0148484, 0.35162917, 0.01015611
0.69872129, 0.04565569, 0.713889
0.69927168, 0.85872388
-0.0, 0.23539352, 0.01015611
0.0, 0.08352916, 0.99649036
0.53098309, 0.88069896
-0.0, 0.0851117, 0.01961315
0.0, 0.33429974, 0.94244212
0.31961772, 0.89454837
0.0148484, 0.17939878, 0.01961315
0.68877226, 0.06054872, 0.72243416
0.44991279, 0.87241606
-0.0, 0.17939878, 0.01961315
0.0, 0.08352916, 0.99649036
0.45169923, 0.89295087
0.0148484, 0.21840167, -0.01206824
1.0, 0.0, 0.0
0.50638211, 0.82654697
0.00946225, 0.04768347, 0.00432986
0.78255564, -0.09225745, -0.61564988
0.25921237, 0.85028856
-0.0, 0.0851117, -0.01206824
0.0, -0.20499283, -0.97875911
0.31340191, 0.81016044
0.0148484, 0.0851117, -0.01206824
0.67378765, -0.18405713, -0.7156285
0.31340191, 0.82654697
0.0148484, 0.0851117, 0.01961315
0.80758077, 0.12561418, 0.57618946
0.31340191, 0.87241606
0.0148484, 0.08903673, -0.01206824
0.89440596, 0.0, -0.44718772
0.31908453, 0.82654697
0.0079661, 0.15928367, 0.01919761
0.70900601, -0.70238352, 0.06262398
0.04273039, 0.57306972
0.00796609, 0.21254569, 0.07460313
0.57902765, 0.63280129, 0.51402324
0.11257327, 0.65969157
0.00796609, 0.16473541, 0.0803304
0.57576221, -0.51493883, 0.63505965
0.04289365, 0.66193017
-0.0, 0.35162917, -0.02979265
0.0, 0.0, -0.99996948
0.69927168, 0.79264149
0.00514968, 0.43238023, -0.02979265
0.39713737, 0.61070591, -0.68501848
0.816185, 0.80088519
0.00946225, 0.05044665, 0.04774717
0.61891538, 0.20081179, 0.75933105
0.26321289, 0.9131491
0.00946225, 0.01880264, 0.00064399
0.70336008, -0.02533036, -0.71034884
0.21739805, 0.84495205
-0.0, -0.11740542, 0.00776393
0.0, -0.78276926, -0.62227243
0.01293992, 0.83540763
-0.0, 0.03442705, -0.00017271
0.0, 0.13715018, -0.99053925
0.24252734, 0.83052526
-0.0, 0.01880258, 0.04445032
0.0, 0.12598041, 0.99200416
0.2202951, 0.9238043
-0.0, 0.05044665, 0.04774717
0.0, 0.28495133, 0.95852536
0.26604095, 0.9250118
0.00946225, 0.03442705, -0.00017271
0.666982, 0.10217597, -0.7379986
0.24001937, 0.84376954
-0.0, 0.04768347, 0.00432986
0.0, -0.04272591, -0.99908447
0.25853491, 0.83636282
0.00946225, 0.01880258, 0.04445032
0.75783563, 0.09805597, 0.64500868
0.21739805, 0.90837581
-0.0, -0.10288632, 0.089765
0.0, -0.4964751, 0.86803794
0.04121411, 0.99999893
0.01418272, -0.11740542, 0.00776393
0.58198798, -0.63347268, -0.50984222
0.02019298, 0.8552604
0.01418272, -0.10288632, 0.089765
0.57905817, -0.40058595, 0.71004367
0.04121414, 0.97398346
-0.0, 0.43238023, -0.02979265
0.0, 0.70708334, -0.70708334
0.816185, 0.79264149
0.00491034, 0.56692165, -0.02294174
0.92385632, 0.0, -0.38267159
0.36099774, 0.57508349
0.00203393, 0.43238023, -0.02581814
0.38267159, 0.0, -0.92385632
0.16620553, 0.57091898
0.00203393, 0.56692165, -0.02581814
0.38267159, 0.0, -0.92385632
0.36099774, 0.57091898
0.00491034, 0.56692165, -0.01887387
0.92385632, 0.0, 0.38267159
0.36099774, 0.58097297
0.00491034, 0.43238023, -0.02294174
0.92385632, 0.0, -0.38267159
0.16620553, 0.57508343
0.00203393, 0.56692165, -0.01599747
0.38267159, 0.0, 0.92385632
0.36099774, 0.58513752
0.00491034, 0.43238023, -0.01887387
0.92385632, 0.0, 0.38267159
0.16620553, 0.58097297
-0.0, 0.56692165, -0.01599747
0.0, 0.0, 1.0
0.36099297, 0.58829436
0.00203393, 0.43238023, -0.01599747
0.38267159, 0.0, 0.92385632
0.16620553, 0.58513752
0.00491034, 0.4692342, -0.00840492
0.71727651, 0.63023776, -0.29709768
0.21956354, 0.59613022
0.00203393, 0.43238023, -0.01128132
0.38267159, 0.0, -0.92385632
0.16620553, 0.59196568
0.00203393, 0.4692342, -0.01128132
0.29709768, 0.63023776, -0.71727651
0.21956348, 0.59196568
-0.0, 0.61402106, -0.02581795
0.0, 0.70708334, -0.70708334
0.4291997, 0.56797495
-0.0, 0.56692165, -0.02581814
0.0, 0.0, -1.0
0.36100155, 0.56776205
-0.0, 0.43238023, -0.02581814
0.0, 0.0, -1.0
0.16621417, 0.56752029
0.00491034, 0.4692342, -0.00433706
0.71727651, 0.63023776, 0.29709768
0.21956354, 0.6020197
0.00491034, 0.43238023, -0.00840492
0.92385632, 0.0, -0.38267159
0.16620553, 0.59613022
0.00203393, 0.4692342, -0.00146065
0.29709768, 0.63023776, 0.71727651
0.21956348, 0.60618424
0.00491034, 0.43238023, -0.00433706
0.92385632, 0.0, 0.38267159
0.16620553, 0.6020197
-0.0, 0.4692342, -0.00146065
0.0, 0.70708334, 0.70708334
0.22045052, 0.60771063
0.00203393, 0.43238023, -0.00146065
0.38267159, 0.0, 0.92385632
0.16620553, 0.60618424
0.00333406, 0.4692342, -0.00498997
0.54911953, 0.80416274, 0.22745445
0.21956354, 0.60107443
-0.0, 0.43238023, -0.01128132
0.0, 0.0, -0.99996948
0.16620553, 0.58902094
-0.0, 0.4692342, -0.01128132
0.0, 0.0, -1.0
0.21956348, 0.58902088
-0.0, 0.61402106, -0.01599726
0.0, 0.70708334, 0.70711386
0.45263445, 0.58269969
0.00491034, 0.61402106, -0.01887366
0.71727651, 0.63023776, 0.29709768
0.44552529, 0.57853514
0.00491034, 0.61402106, -0.0229415
0.71727651, 0.63023776, -0.29709768
0.44552529, 0.5726456
0.00491034, 0.61402106, -0.0229415
0.71727651, 0.63023776, -0.29709768
0.42918909, 0.57508376
0.00203393, 0.61402106, -0.02581795
0.29709768, 0.63023776, -0.71727651
0.42918909, 0.57091925
0.00203393, 0.61402106, -0.01599726
0.29706717, 0.63023776, 0.71730703
0.42918909, 0.58513784
0.00491034, 0.61402106, -0.01887366
0.71727651, 0.63023776, 0.29709768
0.42918909, 0.58097333
0.01484836, 0.12788185, -0.03173205
0.85293132, 0.28534806, -0.43708611
0.37532526, 0.72484219
0.01484836, 0.16103169, -0.02347564
0.92577899, 0.25089267, -0.28272349
0.42332041, 0.73679596
0.01484836, 0.10433928, -0.0210112
0.77242345, -0.25421917, -0.58195746
0.34123996, 0.74036407
-0.0, 0.08903673, -0.01206824
0.0, 0.0, -1.0
0.31908453, 0.80814248
0.01484836, 0.16103169, -0.03173205
0.57734919, 0.57734919, -0.57734919
0.42332047, 0.27515697
-0.0, 0.16103169, -0.02658388
0.07025361, 0.73100984, -0.6787011
0.42332041, 0.28589213
0.01484836, 0.16103169, -0.02347564
0.92577899, 0.25089267, -0.28272349
0.42332041, 0.2632032
-0.0, 0.11292458, -0.02798541
0.0, -0.85283977, -0.52214116
0.35367, 0.7119562
0.01484836, 0.11514553, -0.03839548
0.58919036, -0.50822473, -0.62810147
0.35688546, 0.71519464
0.01484836, 0.11292458, -0.02798541
0.79018527, -0.52266002, -0.31998658
0.35367, 0.73026657
-0.0, 0.12788185, -0.03173205
0.0, 0.54664755, -0.83733636
0.37532526, 0.70941579
0.01484836, 0.16103169, -0.03173205
0.57734919, 0.57734919, -0.57734919
0.42332047, 0.72484219
0.01484836, 0.19618818, -0.02347564
0.87575912, -0.18790247, -0.44462416
0.47422084, 0.73679596
-0.0, 0.18377775, -0.02658388
0.13257241, -0.09851375, -0.98623616
0.45625272, 0.71411175
-0.0, 0.19618818, -0.02979265
0.11975463, -0.18207343, -0.97595143
0.47422084, 0.71156263
-0.0, 0.10433928, -0.0210112
0.0, -0.40031129, -0.91634876
0.34123996, 0.72349751
-0.0, 0.1249535, -0.03839548
0.0, 0.54664755, -0.83733636
0.37108567, 0.70157349
0.01484836, 0.1249535, -0.03839548
0.60228276, 0.43635365, -0.66841638
0.37108567, 0.71519464
-0.0, 0.08903673, -0.01206824
0.0, -0.99996948, 0.0
0.31908453, 0.73963869
0.0148484, 0.08903673, -0.01883068
0.58513141, -0.61250651, -0.5314188
0.31908453, 0.74352103
0.0148484, 0.08903673, -0.01206824
0.70708334, -0.70708334, 0.0
0.31908453, 0.75331181
-0.0, 0.08903673, -0.01883068
0.0, -0.75533313, -0.65532398
0.31908453, 0.72867072
-0.0, 0.11514553, -0.03839548
0.0, -0.629017, -0.77736747
0.35688546, 0.70157349
-0.0, 0.21840167, -0.02979265
0.0, 0.70708334, -0.70708334
0.50638211, 0.71156263
0.0148484, 0.21840167, -0.01206824
0.70708334, 0.70708334, 0.0
0.50638211, 0.75331181
0.0148484, 0.21840167, -0.02979265
0.57734919, 0.57734919, -0.57734919
0.50638211, 0.72765005
0.01484836, 0.20288193, -0.02979265
0.67793816, -0.20410779, -0.70619833
0.4839122, 0.72765011
0.00333406, 0.4692342, -0.00775201
0.54911953, 0.80416274, -0.22745445
0.21956354, 0.59707555
-0.0, 0.16473541, 0.0803304
0.0, -0.62981045, 0.7767266
0.03127569, 0.66599602
-0.0, 0.15928367, 0.01919761
0.0, -0.9960326, 0.08880886
0.03127569, 0.57309324
-0.0, 0.20729494, 0.01450222
0.0, 0.99618518, -0.08700827
0.12316102, 0.57234475
-0.0, 0.21254569, 0.07460313
0.0, 0.77617723, 0.63051242
0.12316102, 0.66403785
-0.0, 0.4692342, -0.01128132
0.0, 1.0, 0.0
0.22088611, 0.59232292
0.00138101, 0.4692342, -0.00970505
0.22745445, 0.80416274, -0.54911953
0.21956348, 0.59424785
0.00526406, 0.11817292, 0.03790342
0.80416274, -0.22745445, -0.54911953
0.36126858, 0.93371164
0.00526414, 0.11918714, 0.04048242
0.63026828, 0.29709768, 0.71727651
0.36273703, 0.9374456
0.00526413, 0.10392363, 0.04048242
0.63023776, -0.29709768, 0.71727651
0.34063813, 0.9374456
0.00138101, 0.48267087, -0.00303693
0.29709768, 0.63023776, 0.71727651
0.23901737, 0.60390207
-0.0, 0.4692342, -0.00303693
0.0, 0.70708334, 0.70708334
0.22084677, 0.60567141
0.00138101, 0.4692342, -0.00303693
0.22745445, 0.80416274, 0.54911953
0.21956348, 0.60390207
0.00526413, 0.09797851, 0.01961315
0.70708334, 0.70708334, 0.0
0.33203059, 0.90723065
-0.0, 0.09797842, 0.03125638
0.0, 0.92385632, -0.38267159
0.33822298, 0.92186625
0.00526421, 0.09797842, 0.03125638
0.80419326, 0.54908901, -0.22745445
0.33203059, 0.92408796
0.00526413, 0.13317865, 0.03210024
0.57734919, 0.57734919, 0.57734919
0.38299423, 0.92530973
-0.0, 0.12756932, 0.03210024
0.0, 0.38267159, 0.92385632
0.37929094, 0.93382645
0.00526414, 0.12756932, 0.03210024
0.80416274, 0.22742394, 0.54911953
0.37487292, 0.92530973
-0.0, 0.10462552, 0.03790342
0.0, 0.38267159, -0.92385632
0.34388694, 0.92843506
0.00526428, 0.10462552, 0.03790342
0.80419326, 0.22742394, -0.54908901
0.34165433, 0.93371164
-0.0, 0.11918714, 0.04048242
0.0, 0.38267159, 0.92385632
0.36485812, 0.94438513
-0.0, 0.11817292, 0.03790342
0.0, -0.38267159, -0.92385632
0.35849527, 0.92782678
-0.0, 0.10392363, 0.04048242
0.0, -0.38267159, 0.92385632
0.33772424, 0.94523297
-0.0, 0.12389625, 0.03218001
0.0, -0.92385632, -0.38267159
0.36356431, 0.92242414
0.00526406, 0.12389625, 0.03218001
0.80416274, -0.54911953, -0.22745445
0.369555, 0.92542519
-0.0, 0.09575699, 0.03231582
0.0, -0.92385632, 0.38267159
0.32148588, 0.92983
0.00526414, 0.09575699, 0.03231582
0.63023776, -0.71727651, 0.29709768
0.32881433, 0.92562177
-0.0, 0.12389625, 0.01961315
0.0, -0.99996948, 0.0
0.3638649, 0.90726111
0.00526413, 0.12389625, 0.01961315
0.70708334, -0.70708334, 0.0
0.36955503, 0.90723065
-0.0, 0.0957569, 0.01961315
0.0, -1.0, 0.0
0.31900921, 0.90783492
0.00526413, 0.0957569, 0.01961315
0.70708334, -0.70708334, 0.0
0.32881424, 0.90723065
0.00526413, 0.13317865, 0.01961315
0.70708334, 0.70708334, 0.0
0.38299423, 0.90723065
-0.0, 0.13317865, 0.03210024
0.0, 0.70708334, 0.70708334
0.38837641, 0.92903013
0.00203393, 0.46782246, -0.01599747
0.70708334, 0.70708334, 0.0
0.21751946, 0.58513752
-0.0, 0.46782246, -0.01128132
0.0, 1.0, 0.0
0.22046423, 0.59196568
0.00203393, 0.46782246, -0.01128132
0.70708334, 0.70708334, 0.0
0.21751946, 0.59196568
-0.0, 0.48267087, -0.00303693
0.0, 0.70708334, 0.70708334
0.24200273, 0.60389569
0.00333406, 0.48267087, -0.00498997
0.71727651, 0.63023776, 0.29709768
0.23901737, 0.60107443
0.00333406, 0.48267087, -0.00775201
0.71727651, 0.63023776, -0.29709768
0.23901737, 0.59707555
-0.0, 0.48267087, -0.00970505
0.0, 0.70708334, -0.70708334
0.2389673, 0.59257707
-0.0, 0.4692342, -0.00970505
0.0, 0.70708334, -0.70708334
0.22060061, 0.5930078
0.00138101, 0.48267087, -0.00970505
0.29709768, 0.63023776, -0.71727651
0.23901737, 0.59424785
-0.0, 0.45423958, -0.01128132
0.0, -1.0, 0.0
0.19490933, 0.59196568
0.00203393, 0.45423958, -0.01599747
0.70708334, -0.70708334, 0.0
0.1978541, 0.58513752
0.00203393, 0.45423958, -0.01128132
0.70708334, -0.70708334, 0.0
0.1978541, 0.59196568
0.00203393, 0.56399035, -0.03476827
0.61995298, 0.78289133, -0.05215613
0.35675365, 0.55796075
0.00491034, 0.55688083, -0.04124037
0.72927028, -0.45597705, -0.51008636
0.34646016, 0.54859033
0.00491034, 0.56142557, -0.04124037
0.72927028, 0.45597705, -0.51008636
0.35304034, 0.54859033
0.00203397, 0.54923785, -0.01599747
0.70708334, -0.70708334, 0.0
0.33539468, 0.58513752
0.00203393, 0.55827498, -0.01004965
0.57731867, 0.57734919, 0.57734919
0.3484785, 0.5937489
0.00203397, 0.54923785, -0.01004965
0.57734919, -0.57731867, 0.57734919
0.33539468, 0.5937489
0.00203393, 0.55827498, -0.01599747
0.70708334, 0.70708334, 0.0
0.3484785, 0.58513752
-0.0, 0.55827498, -0.01004965
0.0, 0.70708334, 0.70708334
0.35094047, 0.59625226
-0.0, 0.56399035, -0.03476827
0.0, 0.94409007, -0.32963043
0.36155987, 0.55406442
0.00287641, 0.55688083, -0.04124037
-0.44035158, -0.45835748, -0.77196568
0.34646016, 0.54859033
-0.0, 0.55431587, -0.03476827
0.0, -0.94409007, -0.32966095
0.33852565, 0.55397356
0.00203393, 0.55431587, -0.02581814
0.70708334, -0.70708334, 0.0
0.34274679, 0.57091898
0.00203393, 0.55431587, -0.03476827
0.61995298, -0.78289133, -0.05215613
0.34274679, 0.55796075
-0.0, 0.54923785, -0.01599747
0.0, -1.0, 0.0
0.33082455, 0.58537087
-0.0, 0.54923785, -0.01004965
0.0, -0.70708334, 0.70708334
0.33280277, 0.59730458
0.00287641, 0.56142557, -0.04124037
-0.44035158, 0.45835748, -0.77196568
0.35304034, 0.54859033
0.00203393, 0.56399035, -0.02581814
0.70708334, 0.70708334, 0.0
0.35675365, 0.57091898
-0.0, 0.56399035, -0.02581814
0.0, 1.0, 0.0
0.36033106, 0.57141325
0.01617284, 0.18503368, -0.02332312
0.0, -0.70708334, -0.70708334
0.45807111, 0.77123991
0.03258503, 0.18503368, -0.0143378
0.83043915, -0.14133121, 0.53883481
0.45807111, 0.78424907
0.01617284, 0.18503368, -0.0143378
0.0, -0.70708334, 0.70708334
0.45807111, 0.78424907
0.00966399, 0.22260737, -0.02332312
-0.74968719, 0.39570299, -0.53041172
0.51247108, 0.77123991
0.01617284, 0.30815268, -0.02332312
0.57734919, 0.57734919, -0.57734919
0.63632542, 0.77123991
0.01617284, 0.22260737, -0.02332312
0.86904508, 0.29581591, -0.39649647
0.51247108, 0.77123991
0.03258503, 0.18503368, -0.02332312
0.83043915, -0.14133121, -0.53883481
0.45807111, 0.77123991
0.01617284, 0.19078684, -0.0143378
0.41224402, 0.29233679, 0.86288035
0.46640068, 0.78424913
0.01617284, 0.19078684, -0.02332312
0.41224402, 0.29233679, -0.86288035
0.46640068, 0.77123991
0.00966399, 0.20620191, -0.0317545
-0.62199771, -0.33634448, -0.70708334
0.4887189, 0.75903288
0.00966399, 0.19934487, -0.02332312
-0.81765193, -0.24726096, -0.51985228
0.47879115, 0.77123998
0.00966399, 0.18503368, -0.0143378
0.0, -0.70708334, 0.70708334
0.45807111, 0.78424907
0.00966399, 0.19078684, -0.02332312
-0.44718772, 0.0, -0.89440596
0.46640071, 0.77123991
0.01617284, 0.19934487, -0.02332312
0.81765193, -0.24726096, -0.51985228
0.47879115, 0.77123991
0.00966399, 0.22010174, -0.0317545
-0.5940733, 0.48100224, -0.64473403
0.50884342, 0.75903288
0.01617284, 0.22010174, -0.0317545
0.5940733, 0.48100224, -0.64473403
0.50884342, 0.75903288
0.00966399, 0.30815268, -0.0143378
0.0, 0.70708334, 0.70708334
0.63632542, 0.78424907
0.00966399, 0.22260737, -0.0143378
-0.44718772, 0.0, 0.89440596
0.51247108, 0.78424907
0.01617284, 0.30815268, -0.0143378
0.57734919, 0.57734919, 0.57734919
0.63632542, 0.78424913
0.00966399, 0.19078684, -0.0143378
-0.44718772, 0.0, 0.89440596
0.46640071, 0.78424907
0.01617284, 0.20620191, -0.0317545
0.62199771, -0.33634448, -0.70708334
0.4887189, 0.75903288
0.00966399, 0.30815268, -0.02332312
0.0, 0.70708334, -0.70708334
0.63632542, 0.77123991
0.00966399, 0.18503368, -0.02332312
0.0, -0.70708334, -0.70708334
0.45807111, 0.77123991
0.00830178, 0.1249535, -0.03839548
0.57799006, 0.73186439, -0.36088139
0.37108567, 0.70031273
0.00830178, 0.11735799, -0.042882
0.60533464, -0.4203009, -0.67592394
0.36008868, 0.69381714
0.00830178, 0.12274104, -0.042882
0.60533464, 0.4203009, -0.67592394
0.36788243, 0.69381714
-0.0, 0.1249535, -0.03839548
0.0, 0.89684743, -0.44227424
0.37108567, 0.68691385
0.00830178, 0.11514553, -0.03839548
0.57799006, -0.73186439, -0.36088139
0.35688546, 0.70031273
-0.0, 0.11735799, -0.042882
0.0, -0.52806175, -0.84917754
0.36008868, 0.67997956
-0.0, 0.12274104, -0.042882
0.0, 0.52806175, -0.84917754
0.36788243, 0.67997956
-0.0, 0.43238023, -0.01677063
0.0, 1.0, 0.0
0.81893301, 0.18026048
-0.01254241, 0.43238023, 0.00190886
-0.57347333, 0.61095005, 0.54573196
0.816185, 0.15321583
-0.0, 0.43238023, 0.00190886
0.0, 0.74214911, 0.67021698
0.816185, 0.1398868
-0.0148484, 0.35162917, -0.01677063
-0.99987793, 0.01425214, 0.0
0.69927168, 0.18026048
-0.0148484, 0.35162917, 0.01015611
-0.69872129, 0.04565569, 0.713889
0.69927168, 0.14127535
-0.0, 0.35162917, 0.01015611
0.0, 0.05084383, 0.99868768
0.69927168, 0.11930019
-0.00568959, 0.21840167, -0.02979265
-0.46079898, 0.0, -0.88747823
0.50638211, 0.19911402
-0.0148484, 0.21840167, -0.01677063
-0.81792659, 0.0, -0.57527393
0.50638211, 0.18026048
-0.01254241, 0.43238023, -0.01677063
-0.71645254, 0.55848873, -0.41804254
0.816185, 0.18026048
-0.00568959, 0.35162917, -0.02979265
-0.46403393, 0.00601215, -0.88576925
0.69927168, 0.19911402
-0.0148484, 0.23539352, 0.01015611
-0.72640157, 0.05740532, 0.68483537
0.53098309, 0.14127535
-0.0, 0.23539352, 0.01015611
0.0, 0.08352916, 0.99649036
0.53098309, 0.11930031
-0.0148484, 0.17939878, 0.01961315
-0.68877226, 0.06054872, 0.72243416
0.44991279, 0.12758309
-0.0, 0.0851117, 0.01961315
0.0, 0.33429974, 0.94244212
0.31961772, 0.10545081
-0.0, 0.17939878, 0.01961315
0.0, 0.08352916, 0.99649036
0.45169923, 0.10704821
-0.0148484, 0.21840167, -0.01206824
-1.0, 0.0, 0.0
0.50638211, 0.1734522
-0.0, 0.0851117, -0.01206824
0.0, -0.20499283, -0.97875911
0.31340191, 0.18983871
-0.00946225, 0.04768347, 0.00432986
-0.78255564, -0.09225745, -0.61564988
0.25921237, 0.1497106
-0.0148484, 0.0851117, -0.01206824
-0.67378765, -0.18405713, -0.7156285
0.31340191, 0.1734522
-0.0148484, 0.08903673, -0.01206824
-0.89440596, 0.0, -0.44718772
0.31908453, 0.1734522
-0.0079661, 0.15928367, 0.01919761
-0.70900601, -0.70238352, 0.06262398
0.04273051, 0.57306972
-0.00796609, 0.21254569, 0.07460313
-0.57902765, 0.63280129, 0.51402324
0.11257339, 0.6596916
-0.0079661, 0.20729494, 0.01450222
-0.70476395, 0.70671713, -0.06173895
0.11257011, 0.57234475
-0.0, 0.35162917, -0.02979265
0.0, 0.0, -0.99996948
0.69927168, 0.2073577
-0.0148484, 0.0851117, 0.01961315
-0.80758077, 0.12561418, 0.57618946
0.31340191, 0.12758309
-0.00946225, 0.05044665, 0.04774717
-0.61891538, 0.20081179, 0.75933105
0.26321289, 0.08685011
-0.00514968, 0.43238023, -0.02979265
-0.39713737, 0.61070591, -0.68501848
0.816185, 0.19911402
-0.0, 0.05044665, 0.04774717
0.0, 0.28495133, 0.95852536
0.26604092, 0.07498747
-0.0, -0.11740542, 0.00776393
0.0, -0.78276926, -0.62227243
0.01293986, 0.16459173
-0.01418272, -0.11740542, 0.00776393
-0.58198798, -0.63347268, -0.50984222
0.02019298, 0.14473885
-0.00946225, 0.01880264, 0.00064399
-0.70336008, -0.02533036, -0.71034884
0.21739805, 0.15504712
-0.0, 0.01880258, 0.04445032
0.0, 0.12598041, 0.99200416
0.2202951, 0.07619494
-0.0, 0.04768347, 0.00432986
0.0, -0.04272591, -0.99908447
0.25853491, 0.16363639
-0.00946225, 0.03442705, -0.00017271
-0.666982, 0.10217597, -0.7379986
0.24001937, 0.15622967
-0.00946225, 0.01880258, 0.04445032
-0.75783563, 0.09805597, 0.64500868
0.21739805, 0.09162337
-0.0, -0.10288632, 0.089765
0.0, -0.4964751, 0.86803794
0.04121414, 4.2e-07
-0.01418272, -0.10288632, 0.089765
-0.57905817, -0.40058595, 0.71004367
0.04121414, 0.02601582
-0.00203393, 0.43238023, -0.02581814
-0.38267159, 0.0, -0.92385632
0.16620553, 0.57091898
-0.00491034, 0.56692165, -0.02294174
-0.92385632, 0.0, -0.38267159
0.36099774, 0.57508349
-0.00203393, 0.56692165, -0.02581814
-0.38267159, 0.0, -0.92385632
0.36099774, 0.57091898
-0.00491034, 0.43238023, -0.02294174
-0.92385632, 0.0, -0.38267159
0.16620553, 0.57508343
-0.00491034, 0.56692165, -0.01887387
-0.92385632, 0.0, 0.38267159
0.36099774, 0.58097297
-0.00491034, 0.43238023, -0.01887387
-0.92385632, 0.0, 0.38267159
0.16620553, 0.58097297
-0.00203393, 0.56692165, -0.01599747
-0.38267159, 0.0, 0.92385632
0.36099774, 0.58513752
-0.00203393, 0.43238023, -0.01599747
-0.38267159, 0.0, 0.92385632
0.16620553, 0.58513752
-0.00203393, 0.43238023, -0.01128132
-0.38267159, 0.0, -0.92385632
0.16620553, 0.59196568
-0.00491034, 0.4692342, -0.00840492
-0.71727651, 0.63023776, -0.29709768
0.21956348, 0.59613022
-0.00203393, 0.4692342, -0.01128132
-0.29709768, 0.63023776, -0.71727651
0.21956348, 0.59196568
-0.00491034, 0.43238023, -0.00840492
-0.92385632, 0.0, -0.38267159
0.16620553, 0.59613022
-0.00491034, 0.4692342, -0.00433706
-0.71727651, 0.63023776, 0.29709768
0.21956348, 0.6020197
-0.00491034, 0.43238023, -0.00433706
-0.92385632, 0.0, 0.38267159
0.16620553, 0.6020197
-0.00203393, 0.4692342, -0.00146065
-0.29709768, 0.63023776, 0.71727651
0.21956348, 0.60618424
-0.00203393, 0.43238023, -0.00146065
-0.38267159, 0.0, 0.92385632
0.16620553, 0.60618424
-0.0, 0.4692342, -0.00146065
0.0, 0.70708334, 0.70708334
0.22015572, 0.60843194
-0.00333406, 0.4692342, -0.00498997
-0.54911953, 0.80416274, 0.22745445
0.21956348, 0.60107443
-0.00491034, 0.61402106, -0.0229415
-0.71727651, 0.63023776, -0.29709768
0.4597438, 0.5726456
-0.0, 0.61402106, -0.02581795
0.0, 0.70708334, -0.70708334
0.45263445, 0.56848106
-0.00491034, 0.61402106, -0.0229415
-0.71727651, 0.63023776, -0.29709768
0.42918909, 0.57508376
-0.00203393, 0.61402106, -0.02581795
-0.29709768, 0.63023776, -0.71727651
0.42918909, 0.57091925
-0.00203393, 0.61402106, -0.01599726
-0.29706717, 0.63023776, 0.71730703
0.42918909, 0.58513784
-0.00491034, 0.61402106, -0.01887366
-0.71727651, 0.63023776, 0.29709768
0.42918909, 0.58097333
-0.01484836, 0.16103169, -0.02658388
-0.90450758, 0.30149236, -0.30149236
0.42332041, 0.26770335
-0.01484836, 0.12788185, -0.03173205
-0.85293132, 0.28534806, -0.43708611
0.37532526, 0.27515703
-0.01484836, 0.10433928, -0.0210112
-0.77242345, -0.25421917, -0.58195746
0.34123996, 0.25963515
-0.0, 0.08903673, -0.01206824
0.0, 0.0, -1.0
0.31908453, 0.19185668
-0.01484836, 0.16103169, -0.02658388
-0.90450758, 0.30149236, -0.30149236
0.42332041, 0.73229581
-0.0, 0.16103169, -0.03173205
0.0, 0.70708334, -0.70708334
0.42332047, 0.70941579
-0.01484836, 0.16103169, -0.03173205
-0.57734919, 0.57734919, -0.57734919
0.42332047, 0.72484213
-0.01484836, 0.11514553, -0.03839548
-0.58919036, -0.50822473, -0.62810147
0.35688546, 0.28480452
-0.0, 0.11292458, -0.02798541
0.0, -0.85283977, -0.52214116
0.35367, 0.28804296
-0.01484836, 0.11292458, -0.02798541
-0.79018527, -0.52266002, -0.31998658
0.35367, 0.26973265
-0.01484836, 0.16103169, -0.03173205
-0.57734919, 0.57734919, -0.57734919
0.42332047, 0.27515703
-0.0, 0.12788185, -0.03173205
0.0, 0.54664755, -0.83733636
0.37532526, 0.29058337
-0.01484836, 0.19618818, -0.02979265
-0.67976928, -0.09253212, -0.72753072
0.47422084, 0.27234906
-0.0, 0.18377775, -0.02658388
0.13257241, -0.09851375, -0.98623616
0.45625272, 0.28588742
-0.01484836, 0.18377775, -0.02658388
-0.73662525, -0.08529923, -0.67085785
0.45625272, 0.26770335
-0.0, 0.10433928, -0.0210112
0.0, -0.40031129, -0.91634876
0.34123996, 0.27650166
-0.0, 0.1249535, -0.03839548
0.0, 0.54664755, -0.83733636
0.37108567, 0.29842567
-0.01484836, 0.1249535, -0.03839548
-0.60228276, 0.43635365, -0.66841638
0.37108567, 0.28480452
-0.0148484, 0.08903673, -0.01883068
-0.58513141, -0.61250651, -0.5314188
0.31908453, 0.74352103
-0.0, 0.08903673, -0.01206824
0.0, -0.99996948, 0.0
0.31908453, 0.7397148
-0.0148484, 0.08903673, -0.01206824
-0.70708334, -0.70708334, 0.0
0.31908453, 0.75331181
-0.0, 0.08903673, -0.01883068
0.0, -0.75533313, -0.65532398
0.31908453, 0.27132845
-0.0148484, 0.08903673, -0.01883068
-0.58513141, -0.61250651, -0.5314188
0.31908453, 0.25647813
-0.0, 0.11514553, -0.03839548
0.0, -0.629017, -0.77736747
0.35688546, 0.29842567
-0.0148484, 0.21840167, -0.01206824
-0.70708334, 0.70708334, 0.0
0.50638211, 0.75331181
-0.0148484, 0.21840167, -0.02979265
-0.57734919, 0.57734919, -0.57734919
0.50638211, 0.72764999
-0.0, 0.21840167, -0.02979265
0.0, 0.70708334, -0.70708334
0.50638211, 0.28843653
-0.0, 0.19618818, -0.02979265
0.11975463, -0.18207343, -0.97595143
0.47422084, 0.28843653
-0.00333406, 0.4692342, -0.00775201
-0.54911953, 0.80416274, -0.22745445
0.21956348, 0.59707555
-0.00138101, 0.4692342, -0.00970505
-0.22745445, 0.80416274, -0.54911953
0.22105932, 0.59278411
-0.00796609, 0.16473541, 0.0803304
-0.57576221, -0.51493883, 0.63505965
0.04289365, 0.66193017
-0.0, 0.4692342, -0.01128132
0.0, 1.0, 0.0
0.22054529, 0.59051692
-0.0, 0.4692342, -0.00970505
0.0, 0.70708334, -0.70708334
0.22177494, 0.59103554
-0.00526413, 0.10392363, 0.04048242
-0.63023776, -0.29709768, 0.71727651
0.34063813, 0.06255126
-0.00526406, 0.11817292, 0.03790342
-0.80416274, -0.22745445, -0.54911953
0.36126858, 0.06628525
-0.00526428, 0.10462552, 0.03790342
-0.80419326, 0.22742394, -0.54908901
0.34165433, 0.06628525
-0.0, 0.4692342, -0.00303693
0.0, 0.70708334, 0.70708334
0.22158098, 0.60744721
-0.00138101, 0.48267087, -0.00303693
-0.29709768, 0.63023776, 0.71727651
0.24092865, 0.6044887
-0.00138101, 0.4692342, -0.00303693
-0.22745445, 0.80416274, 0.54911953
0.22085583, 0.60554358
-0.0, 0.09797842, 0.03125638
0.0, 0.92385632, -0.38267159
0.33822298, 0.0781306
-0.00526413, 0.09797851, 0.01961315
-0.70708334, 0.70708334, 0.0
0.33203059, 0.09276617
-0.00526421, 0.09797842, 0.03125638
-0.80419326, 0.54908901, -0.22745445
0.33203059, 0.0759089
-0.0, 0.12756932, 0.03210024
0.0, 0.38267159, 0.92385632
0.37929094, 0.06617045
-0.00526413, 0.13317865, 0.03210024
-0.57734919, 0.57734919, 0.57734919
0.38299423, 0.07468712
-0.00526414, 0.12756932, 0.03210024
-0.80416274, 0.22742394, 0.54911953
0.37487292, 0.07468712
-0.0, 0.10462552, 0.03790342
0.0, 0.38267159, -0.92385632
0.34388694, 0.07156181
-0.0, 0.11918714, 0.04048242
0.0, 0.38267159, 0.92385632
0.36485812, 0.05561173
-0.00526414, 0.11918714, 0.04048242
-0.63026828, 0.29709768, 0.71727651
0.36273703, 0.06255126
-0.0, 0.12389625, 0.03218001
0.0, -0.92385632, -0.38267159
0.36356431, 0.0775727
-0.00526406, 0.12389625, 0.03218001
-0.80416274, -0.54911953, -0.22745445
0.369555, 0.07457161
-0.0, 0.09575699, 0.03231582
0.0, -0.92385632, 0.38267159
0.32148588, 0.07016695
-0.00526414, 0.09575699, 0.03231582
-0.63023776, -0.71727651, 0.29709768
0.32881433, 0.07437503
-0.0, 0.12389625, 0.01961315
0.0, -0.99996948, 0.0
0.3638649, 0.09273577
-0.00526413, 0.12389625, 0.01961315
-0.70708334, -0.70708334, 0.0
0.36955503, 0.09276617
-0.0, 0.0957569, 0.01961315
0.0, -1.0, 0.0
0.31900921, 0.09216201
-0.00526413, 0.0957569, 0.01961315
-0.70708334, -0.70708334, 0.0
0.32881424, 0.09276617
-0.0, 0.13317865, 0.03210024
0.0, 0.70708334, 0.70708334
0.38837641, 0.07096672
-0.00526413, 0.13317865, 0.01961315
-0.70708334, 0.70708334, 0.0
0.38299423, 0.09276617
-0.00203393, 0.46782246, -0.01599747
-0.70708334, 0.70708334, 0.0
0.21751946, 0.58513752
-0.00203393, 0.46782246, -0.01128132
-0.70708334, 0.70708334, 0.0
0.21751946, 0.59196568
-0.00333406, 0.48267087, -0.00775201
-0.71727651, 0.63023776, -0.29709768
0.23901737, 0.59707555
-0.0, 0.48267087, -0.00303693
0.0, 0.70708334, 0.70708334
0.24318248, 0.60461056
-0.0, 0.48267087, -0.00970505
0.0, 0.70708334, -0.70708334
0.24377048, 0.59372798
-0.00333406, 0.48267087, -0.00498997
-0.71727651, 0.63023776, 0.29709768
0.23901737, 0.60107443
-0.0, 0.48267087, -0.00970505
0.0, 0.70708334, -0.70708334
0.2412349, 0.59217179
-0.00138101, 0.48267087, -0.00970505
-0.29709768, 0.63023776, -0.71727651
0.24114662, 0.59396482
-0.00203393, 0.45423958, -0.01599747
-0.70708334, -0.70708334, 0.0
0.1978541, 0.58513752
-0.00203393, 0.45423958, -0.01128132
-0.70708334, -0.70708334, 0.0
0.1978541, 0.59196568
-0.00203393, 0.56399035, -0.03476827
-0.61995298, 0.78289133, -0.05215613
0.35675365, 0.55796075
-0.00491034, 0.55688083, -0.04124037
-0.72927028, -0.45597705, -0.51008636
0.34646016, 0.54859033
-0.00203393, 0.55431587, -0.03476827
-0.61995298, -0.78289133, -0.05215613
0.34274679, 0.55796075
-0.00203393, 0.55827498, -0.01004965
-0.57731867, 0.57734919, 0.57734919
0.3484785, 0.5937489
-0.00203397, 0.54923785, -0.01599747
-0.70708334, -0.70708334, 0.0
0.33539468, 0.58513752
-0.00203397, 0.54923785, -0.01004965
-0.57734919, -0.57731867, 0.57734919
0.33539468, 0.5937489
-0.00203393, 0.55827498, -0.01599747
-0.70708334, 0.70708334, 0.0
0.3484785, 0.58513752
-0.00287641, 0.55688083, -0.04124037
0.44035158, -0.45835748, -0.77196568
0.34646016, 0.54859033
-0.00287641, 0.56142557, -0.04124037
0.44035158, 0.45835748, -0.77196568
0.35304034, 0.54859033
-0.00203393, 0.55431587, -0.02581814
-0.70708334, -0.70708334, 0.0
0.34274679, 0.57091898
-0.00491034, 0.56142557, -0.04124037
-0.72927028, 0.45597705, -0.51008636
0.35304034, 0.54859033
-0.00203393, 0.56399035, -0.02581814
-0.70708334, 0.70708334, 0.0
0.35675365, 0.57091898
-0.00830178, 0.11735799, -0.042882
-0.60533464, -0.4203009, -0.67592394
0.36008868, 0.30618215
-0.00830178, 0.1249535, -0.03839548
-0.57799006, 0.73186439, -0.36088139
0.37108567, 0.29968643
-0.00830178, 0.12274104, -0.042882
-0.60533464, 0.4203009, -0.67592394
0.36788243, 0.30618215
-0.0, 0.1249535, -0.03839548
0.0, 0.89684743, -0.44227424
0.37108567, 0.31308532
-0.0, 0.11735799, -0.042882
0.0, -0.52806175, -0.84917754
0.36008868, 0.3200196
-0.00830178, 0.11514553, -0.03839548
-0.57799006, -0.73186439, -0.36088139
0.35688546, 0.29968643
-0.0, 0.12274104, -0.042882
0.0, 0.52806175, -0.84917754
0.36788243, 0.3200196
0.0079661, 0.20729494, 0.01450222
0.70476395, 0.70671713, -0.06173895
0.11257011, 0.57234475
-0.0, 0.21840167, -0.02979265
0.0, 0.0, -1.0
0.50634372, 0.79264149
-0.0, 0.43238023, -0.01599747
0.0, 0.0, 1.0
0.16620576, 0.58853745
-0.0, 0.43238023, -0.00146065
0.0, 0.0, 1.0
0.16628635, 0.60917351
0.00203393, 0.61402106, -0.02581795
0.29709768, 0.63023776, -0.71727651
0.44968969, 0.56848106
0.00203393, 0.61402106, -0.01599726
0.29706717, 0.63023776, 0.71730703
0.44968969, 0.58269969
-0.0, 0.61402106, -0.01599726
0.0, 0.70708334, 0.70711386
0.42919827, 0.58808324
-0.0, 0.16103169, -0.03173205
0.0, 0.70708334, -0.70708334
0.42332047, 0.29058337
-0.0, 0.16103169, -0.02658388
0.07025361, 0.73100984, -0.6787011
0.42332041, 0.71410704
-0.0, 0.21840167, -0.01206824
0.0, 1.0, 0.0
0.50638211, 0.74033225
-0.0, 0.48267087, -0.00303693
0.0, 0.70708334, 0.70708334
0.23900741, 0.60576859
-0.0, 0.09797851, 0.01961315
0.0, 1.0, 0.0
0.33857557, 0.90739005
-0.0, 0.13317865, 0.01961315
0.0, 1.0, 0.0
0.39160958, 0.90859362
-0.0, 0.46782246, -0.01599747
0.0, 1.0, 0.0
0.22046417, 0.58513752
-0.0, 0.48267087, -0.00970505
0.0, 0.70708334, -0.70708334
0.24105608, 0.59405181
-0.0, 0.45423958, -0.01599747
0.0, -1.0, 0.0
0.19490933, 0.58513752
-0.0, 0.55827498, -0.01599747
0.0, 1.0, 0.0
0.35213912, 0.58554745
-0.0, 0.55431587, -0.02581814
0.0, -1.0, 0.0
0.33887768, 0.57099897
-0.0, 0.11514553, -0.03839548
0.0, -0.89684743, -0.44227424
0.35688546, 0.68691385
-0.0, 0.21840167, -0.02979265
0.0, 0.0, -1.0
0.50634372, 0.2073577
-0.0, 0.43238023, -0.02979265
0.0, 0.70708334, -0.70708334
0.816185, 0.2073577
-0.0, 0.03442705, -0.00017271
0.0, 0.13715018, -0.99053925
0.24252738, 0.16947395
-0.0, 0.43238023, -0.00146065
0.0, 0.0, 1.0
0.1662457, 0.60915956
-0.00203393, 0.61402106, -0.02581795
-0.29709768, 0.63023776, -0.71727651
0.45557934, 0.56848106
-0.00491034, 0.61402106, -0.01887366
-0.71727651, 0.63023776, 0.29709768
0.4597438, 0.57853514
-0.00203393, 0.61402106, -0.01599726
-0.29706717, 0.63023776, 0.71730703
0.45557934, 0.58269969
-0.0148484, 0.08903673, -0.01206824
-0.70708334, -0.70708334, 0.0
0.31908453, 0.24668735
-0.0148484, 0.21840167, -0.01206824
-0.70708334, 0.70708334, 0.0
0.50638211, 0.24668735
-0.0148484, 0.21840167, -0.02979265
-0.57734919, 0.57734919, -0.57734919
0.50638211, 0.27234918
-0.0, 0.21840167, -0.01206824
0.0, 1.0, 0.0
0.50638211, 0.74328178
-0.0, 0.48267087, -0.00303693
0.0, 0.70708334, 0.70708334
0.2410273, 0.60648739
-0.0, 0.09797851, 0.01961315
0.0, 1.0, 0.0
0.3385756, 0.09260678
-0.0, 0.11817292, 0.03790342
0.0, -0.38267159, -0.92385632
0.35849527, 0.07217014
-0.0, 0.10392363, 0.04048242
0.0, -0.38267159, 0.92385632
0.33772424, 0.05476391
-0.0, 0.13317865, 0.01961315
0.0, 1.0, 0.0
0.39160961, 0.09140325
-0.0, 0.11514553, -0.03839548
0.0, -0.89684743, -0.44227424
0.35688546, 0.31308532
# Number of Faces:
488
# Face Data:
0, 1, 2
0, 3, 4
5, 0, 2
6, 3, 7
8, 4, 3
9, 3, 10
11, 10, 5
12, 13, 14
14, 9, 11
9, 13, 15
16, 17, 18
19, 20, 13
21, 22, 23
6, 24, 8
19, 16, 18
25, 1, 4
12, 26, 19
27, 28, 29
30, 26, 31
32, 33, 16
34, 16, 26
35, 36, 37
34, 36, 27
25, 24, 38
35, 34, 30
15, 7, 9
39, 40, 41
42, 43, 39
44, 45, 42
46, 47, 44
48, 49, 50
51, 41, 52
41, 53, 52
54, 55, 48
56, 57, 54
58, 59, 56
60, 56, 54
50, 61, 62
63, 64, 65
66, 42, 39
67, 39, 41
68, 46, 44
69, 44, 42
70, 71, 72
20, 17, 73
74, 75, 76
77, 78, 79
80, 81, 70
82, 83, 84
85, 79, 72
86, 70, 87
88, 89, 90
71, 83, 82
91, 72, 89
92, 87, 78
93, 94, 95
96, 93, 95
50, 97, 48
22, 98, 23
23, 99, 21
22, 100, 101
102, 103, 50
104, 105, 106
107, 108, 109
110, 111, 112
113, 114, 115
112, 116, 117
115, 118, 105
104, 116, 119
106, 118, 120
104, 121, 122
106, 123, 124
122, 125, 126
124, 127, 128
129, 130, 113
97, 54, 48
131, 132, 133
109, 58, 56
134, 135, 136
135, 109, 60
136, 60, 97
137, 103, 138
139, 97, 103
140, 141, 142
133, 141, 131
143, 144, 145
146, 147, 148
149, 150, 147
151, 152, 153
143, 154, 155
148, 156, 146
147, 157, 148
154, 153, 155
144, 158, 145
159, 151, 160
155, 152, 144
143, 158, 151
161, 162, 163
164, 165, 166
167, 168, 162
161, 169, 167
163, 162, 168
164, 170, 171
172, 161, 163
173, 174, 169
175, 166, 176
177, 178, 179
180, 163, 168
170, 176, 181
182, 179, 165
183, 169, 161
171, 181, 174
174, 166, 168
184, 185, 186
186, 187, 184
188, 189, 185
185, 190, 186
27, 32, 34
191, 192, 193
192, 194, 195
192, 196, 193
194, 197, 198
199, 200, 194
194, 201, 195
195, 202, 196
203, 204, 205
201, 205, 202
201, 206, 203
207, 208, 209
206, 210, 203
211, 212, 213
214, 197, 200
215, 208, 216
191, 217, 199
204, 216, 218
219, 220, 221
216, 222, 218
223, 224, 208
208, 225, 216
220, 226, 227
225, 220, 227
217, 214, 200
225, 226, 222
206, 201, 198
228, 229, 230
231, 232, 229
233, 234, 232
235, 46, 234
236, 237, 238
230, 51, 52
53, 230, 52
239, 240, 237
241, 242, 240
243, 244, 242
242, 245, 240
61, 238, 62
246, 63, 247
232, 248, 229
229, 249, 230
46, 250, 234
234, 251, 232
252, 253, 254
207, 210, 255
256, 257, 258
259, 260, 261
262, 263, 253
264, 265, 266
261, 267, 254
253, 268, 269
270, 271, 272
266, 75, 252
254, 273, 274
269, 275, 259
276, 93, 277
264, 278, 279
238, 280, 281
98, 212, 282
99, 282, 211
101, 213, 212
283, 281, 284
285, 286, 287
288, 289, 290
291, 292, 293
294, 295, 296
297, 293, 287
298, 296, 299
286, 297, 287
285, 298, 299
300, 286, 301
302, 285, 303
304, 301, 305
306, 303, 307
308, 309, 295
240, 280, 237
132, 310, 311
244, 290, 242
312, 313, 314
290, 315, 245
245, 312, 280
281, 316, 284
280, 317, 281
318, 140, 319
318, 311, 310
320, 321, 322
323, 324, 325
150, 326, 323
151, 327, 328
329, 320, 322
156, 325, 324
157, 323, 325
153, 329, 322
328, 321, 330
331, 151, 320
327, 322, 321
320, 328, 330
84, 96, 82
332, 333, 334
335, 334, 333
336, 337, 332
338, 332, 334
221, 225, 224
0, 4, 1
0, 10, 3
5, 10, 0
6, 8, 3
8, 25, 4
9, 7, 3
11, 9, 10
12, 19, 13
14, 13, 9
16, 33, 17
15, 13, 20
19, 18, 20
21, 339, 22
6, 340, 24
19, 26, 16
25, 38, 1
12, 31, 26
29, 32, 27
27, 36, 28
30, 34, 26
32, 29, 33
34, 32, 16
35, 28, 36
34, 37, 36
25, 8, 24
35, 37, 34
39, 43, 40
42, 45, 43
44, 47, 45
46, 341, 47
48, 55, 49
51, 67, 41
41, 40, 53
54, 57, 55
56, 59, 57
58, 342, 59
60, 109, 56
50, 49, 61
65, 343, 247
247, 63, 65
344, 64, 63
66, 69, 42
67, 66, 39
68, 345, 46
69, 68, 44
94, 90, 71
90, 89, 72
96, 95, 94
82, 96, 94
90, 72, 71
79, 78, 70
70, 81, 71
78, 87, 70
71, 82, 94
79, 70, 72
20, 18, 17
74, 346, 75
77, 92, 78
80, 257, 81
85, 77, 79
86, 80, 70
88, 91, 89
71, 347, 83
91, 85, 72
92, 86, 87
93, 348, 94
96, 84, 93
50, 103, 97
22, 101, 98
23, 98, 99
22, 339, 100
102, 138, 103
124, 128, 112
128, 110, 112
129, 113, 115
122, 126, 115
126, 129, 115
106, 124, 117
124, 112, 117
122, 115, 105
106, 117, 104
104, 122, 105
107, 349, 108
110, 350, 111
113, 130, 114
112, 111, 116
115, 114, 118
104, 117, 116
106, 105, 118
104, 119, 121
106, 120, 123
122, 121, 125
124, 123, 127
129, 351, 130
97, 60, 54
131, 352, 132
109, 108, 58
136, 139, 353
353, 134, 136
107, 135, 134
135, 107, 109
136, 135, 60
137, 139, 103
139, 136, 97
140, 354, 141
133, 142, 141
143, 155, 144
146, 149, 147
149, 355, 150
151, 158, 152
143, 159, 154
148, 157, 156
147, 150, 157
154, 356, 153
144, 152, 158
159, 143, 151
155, 153, 152
143, 145, 158
161, 167, 162
164, 182, 165
167, 169, 168
171, 173, 180
180, 178, 171
164, 175, 170
171, 178, 164
172, 183, 161
173, 171, 174
175, 164, 166
168, 179, 178
178, 180, 168
180, 172, 163
170, 175, 176
182, 177, 179
183, 173, 169
171, 170, 181
168, 169, 174
174, 181, 166
166, 165, 179
181, 176, 166
179, 168, 166
184, 188, 185
186, 190, 187
188, 357, 189
185, 189, 190
191, 199, 192
192, 199, 194
192, 195, 196
194, 200, 197
199, 217, 200
194, 198, 201
195, 201, 202
203, 215, 204
201, 203, 205
207, 223, 208
215, 203, 210
210, 209, 215
211, 282, 212
214, 358, 197
215, 209, 208
191, 359, 217
204, 215, 216
221, 224, 360
360, 219, 221
216, 225, 222
223, 360, 224
208, 224, 225
220, 219, 226
225, 221, 220
217, 359, 214
225, 227, 226
228, 231, 229
231, 233, 232
233, 235, 234
235, 341, 46
236, 239, 237
230, 249, 51
53, 228, 230
239, 241, 240
241, 243, 242
243, 361, 244
242, 290, 245
61, 236, 238
247, 362, 246
246, 363, 63
364, 63, 363
232, 251, 248
229, 248, 249
46, 345, 250
234, 250, 251
274, 365, 254
366, 367, 264
366, 264, 266
254, 365, 252
269, 259, 253
261, 254, 253
366, 266, 252
252, 262, 253
253, 259, 261
365, 366, 252
207, 209, 210
256, 347, 257
259, 275, 260
262, 346, 263
264, 279, 265
261, 260, 267
253, 263, 268
270, 91, 271
266, 265, 75
254, 267, 273
269, 268, 275
276, 368, 93
264, 367, 278
238, 237, 280
98, 101, 212
99, 98, 282
101, 100, 213
283, 238, 281
292, 307, 293
296, 295, 309
309, 305, 296
296, 305, 301
293, 307, 303
287, 293, 303
299, 296, 301
299, 301, 286
287, 303, 285
299, 286, 285
288, 369, 289
291, 370, 292
294, 308, 295
297, 291, 293
298, 294, 296
286, 371, 297
285, 372, 298
300, 371, 286
302, 372, 285
304, 300, 301
306, 302, 303
308, 373, 309
240, 245, 280
132, 352, 310
244, 288, 290
314, 317, 312
312, 315, 313
289, 313, 315
290, 289, 315
245, 315, 312
281, 317, 316
280, 312, 317
318, 354, 140
318, 319, 311
320, 330, 321
323, 326, 324
150, 355, 326
151, 153, 327
329, 331, 320
156, 157, 325
157, 150, 323
153, 356, 329
328, 327, 321
331, 160, 151
327, 153, 322
320, 151, 328
332, 337, 333
335, 338, 334
336, 374, 337
338, 336, 332
