# Project Zomboid Skinned Mesh
# File Version:
1.0
# Model Name:
Cube.002
# Vertex Stride Element Count:
3
# Vertex Stride Size (in bytes):
76
# Vertex Stride Data:
# (Int)    Offset
# (String) Type
0
VertexArray
12
NormalArray
24
TextureCoordArray
# Vertex Count:
406
# Vertex Buffer:
0.00938241, 0.13284144, 0.05218152
0.88177127, 0.00338755, 0.47163305
0.41302264, 0.47023982
0.00938241, 0.09834355, 0.05218152
0.84499651, 0.27857295, 0.45643482
0.35258389, 0.47023982
0.00938238, 0.10349011, 0.05019612
0.90450758, 0.30149236, -0.30149236
0.36160052, 0.46676141
3e-08, 0.18610938, 0.01553789
0.0, 0.70708334, 0.70708334
0.50891173, 0.40668064
0.00831956, 0.18610938, 0.04284311
0.60032958, 0.65935242, 0.45255896
0.49249911, 0.4538793
0.00938242, 0.18610938, 0.01553789
0.90319526, 0.2985931, 0.30829799
0.49249911, 0.4060418
0.0093824, 0.07493556, 0.09771125
0.58580279, 0.3058565, 0.75048065
0.31157422, 0.55000573
0.0093824, 0.07487926, 0.04204109
0.77291179, -0.61110264, -0.17059846
0.31147563, 0.45247418
0.00938237, 0.06287518, -0.01843638
0.57734919, -0.57734919, -0.57734919
0.29044497, 0.34652072
4e-08, 0.07456115, -0.01843638
0.0, 0.0, -1.0
0.29980052, 0.33155972
0.00938238, 0.07456115, -0.01843638
0.89440596, 0.0, -0.44718772
0.31091833, 0.34652072
0.00744476, 0.13440205, 0.05186025
-0.01263466, 0.18649861, 0.9823603
0.41575676, 0.75582762
3e-08, 0.13284144, 0.05218152
0.0, 0.10132145, 0.99484235
0.40929061, 0.74267346
0.00938241, 0.13284144, 0.05218152
-0.01330607, 0.18411817, 0.98278755
0.4130227, 0.75526471
0.00938244, 0.1894787, -0.01843638
0.70708334, 0.70708334, 0.0
0.49840188, 0.34652072
0.00938243, 0.1894787, 0.01553789
0.70708334, 0.70708334, 0.0
0.49840188, 0.4060418
3e-08, 0.09834355, 0.05218152
0.0, 0.88933986, 0.4572283
0.36720252, 0.47775561
3e-08, 0.07493556, 0.09771125
0.0, -0.31632435, 0.94863737
0.30637425, 0.56559902
0.0093824, 0.04684113, 0.08834257
0.56651509, -0.77343059, 0.2842494
0.26235425, 0.53359205
3e-08, 0.07487926, 0.04204109
0.0, -0.85537279, -0.51796013
0.29741526, 0.44395983
3e-08, 0.04684113, 0.08834257
0.0, -0.85537279, -0.51796013
0.24829388, 0.5250777
4e-08, 0.06287518, -0.01021222
0.0, -0.70708334, -0.70708334
0.27720451, 0.34500486
0.00938238, 0.06287518, -0.01021222
0.90450758, -0.30149236, -0.30149236
0.29044497, 0.36092895
3e-08, 0.07487926, 0.03043348
0.0, -0.87194431, 0.4895474
0.29976213, 0.4409833
0.00938239, 0.06287518, 0.02311304
0.81173134, -0.07348857, 0.57936341
0.29044497, 0.41931319
0.0093824, 0.07487926, 0.03043348
0.83544421, -0.47917113, 0.26902065
0.31147552, 0.4321382
3e-08, 0.07487926, 0.04204109
0.0, -0.99996948, 0.0
0.30171216, 0.45371562
3e-08, -0.09404693, 0.05777618
0.0, -0.92797631, 0.37256998
0.02469263, 0.50091571
0.00938239, -0.08655778, 0.06855708
0.5955382, -0.26349682, 0.75884277
0.05723107, 0.5060643
3e-08, -0.08655778, 0.06855708
0.0, -0.32801294, 0.94463944
0.05254665, 0.52253121
0.00938238, -0.09684703, -0.01021222
0.60927153, -0.39988402, -0.6847133
0.03920502, 0.36806422
3e-08, 0.06287518, 0.02311304
0.0, -0.12585834, 0.99203467
0.28759861, 0.43409801
0.00938241, 0.13284138, -0.01843638
0.70708334, 0.0, -0.70708334
0.41302252, 0.34652072
4e-08, 0.07456115, -0.01843638
0.0, 0.0, -1.0
0.36792207, 0.3378765
4e-08, 0.13284144, -0.01843638
-0.00241096, 0.00039674, -0.99996948
0.41415119, 0.33826309
0.00938244, 0.1894787, -0.01843638
-0.04168829, 0.00689718, -0.99908447
0.4873476, 0.34652072
4e-08, 0.1894787, -0.01799903
-0.04654073, 0.00769066, -0.99887079
0.4720701, 0.33808213
0.01864944, 0.20198546, 0.00667681
0.71715444, -0.63029879, 0.29721975
0.60908175, 0.87633763
0.007761, 0.39353859, 0.01750609
0.29709768, 0.63039035, 0.71712393
0.9446736, 0.90972857
0.00772485, 0.20198543, 0.01760139
0.29706717, -0.63011569, 0.71739858
0.60908175, 0.90972857
0.01873669, 0.39353859, -0.00899157
0.71745962, 0.62993258, -0.29734182
0.9446736, 0.8463562
0.01873669, 0.39353859, 0.00653039
0.71736807, 0.63020724, 0.2969451
0.9446736, 0.87633763
0.01864944, 0.20198546, -0.00877289
0.71709341, -0.63057345, -0.29685354
0.60908175, 0.8463562
0.007761, 0.39353859, -0.01996724
0.29718924, 0.6297189, -0.71767324
0.9446736, 0.81527899
3e-08, 0.20198543, 0.01760139
0.0, -0.70693076, 0.70726645
0.60908175, 0.9270054
3e-08, 0.39353859, 0.01750609
0.0, 0.70726645, 0.70690024
0.9446736, 0.9270054
4e-08, 0.20198546, -0.01969747
0.0, -0.70760214, -0.70659506
0.60908175, 0.80058657
0.00772486, 0.20198546, -0.01969745
0.29700613, -0.63075656, -0.71684927
0.60908175, 0.81527899
0.01676846, 0.20198546, 0.00571515
0.54911953, -0.80416274, 0.22745445
0.60908175, 0.87633763
0.00694573, 0.20198543, 0.01553789
0.22745445, -0.80416274, 0.54911953
0.60908175, 0.90972857
0.00694573, 0.20198546, -0.01799903
0.22745445, -0.80416274, -0.54911953
0.60908175, 0.81527899
0.01676846, 0.20198546, -0.0081763
0.54911953, -0.80416274, -0.22745445
0.60908175, 0.8463562
0.00694573, 0.1894787, -0.01799903
0.36939603, -0.26117739, -0.89178139
0.58236641, 0.81527899
4e-08, 0.20198546, -0.01799903
0.0, -0.70708334, -0.70708334
0.60908175, 0.8009517
0.01676846, 0.1894787, -0.0081763
0.71727651, -0.63023776, -0.29709768
0.58236641, 0.8463562
0.01676846, 0.1894787, 0.00571515
0.71727651, -0.63023776, 0.29709768
0.58236641, 0.87633763
3e-08, 0.1894787, 0.01553789
0.0, 0.0, 1.0
0.58236641, 0.9270054
3e-08, 0.20198543, 0.01553789
0.0, -0.70708334, 0.70708334
0.60908175, 0.9270054
0.01445218, 0.39353859, -0.00721688
0.54911953, 0.80416274, -0.22745445
0.9446736, 0.8463562
0.0059863, 0.39353859, 0.01322158
0.22745445, 0.80416274, 0.54911953
0.9446736, 0.90972857
0.01445218, 0.39353859, 0.0047557
0.54911953, 0.80416274, 0.22745445
0.9446736, 0.87633763
4e-08, 0.39353859, -0.01996726
0.0, 0.70659506, -0.70760214
0.9446736, 0.8009517
0.0059863, 0.39353859, -0.01568275
0.22745445, 0.80416274, -0.54911953
0.9446736, 0.81527899
0.0059863, 0.39903566, 0.01322158
0.29709768, 0.63023776, 0.71727651
0.95430404, 0.90972857
3e-08, 0.39353859, 0.01322158
0.0, 0.70708334, 0.70708334
0.9446736, 0.9270054
0.0059863, 0.39903566, -0.01568275
0.29709768, 0.63023776, -0.71727651
0.95430404, 0.81527899
0.01445218, 0.39903566, 0.0047557
0.71727651, 0.63023776, 0.29709768
0.95430404, 0.87633763
4e-08, 0.39903566, -0.01568275
0.0, 0.70708334, -0.70708334
0.95430404, 0.8009517
4e-08, 0.39353859, -0.01568275
0.0, 0.70708334, -0.70708334
0.9446736, 0.8009517
0.01445218, 0.39903566, -0.00721688
0.71727651, 0.63023776, -0.29709768
0.95430404, 0.8463562
0.00288528, 0.39903566, 0.00573509
0.0, 1.0, 0.0
0.96774733, 0.90972857
3e-08, 0.39903566, 0.01322158
0.0, 0.70708334, 0.70708334
0.95430404, 0.9270054
0.00696567, 0.39903566, -0.00411586
0.0, 1.0, 0.0
0.96774733, 0.8463562
0.00696567, 0.39903566, 0.00165469
0.0, 1.0, 0.0
0.96774733, 0.87633763
0.00288528, 0.39903566, -0.00819626
0.0, 1.0, 0.0
0.96774733, 0.81527899
0.00288528, 0.53953737, 0.00573509
0.38267159, 0.0, 0.92385632
0.89510667, 0.203026
3e-08, 0.39903566, 0.00573509
0.0, 0.0, 1.0
0.69196022, 0.20808077
0.00288528, 0.39903566, 0.00573509
0.38267159, 0.0, 0.92385632
0.69196022, 0.203026
0.00288528, 0.53953737, -0.00819626
0.38267159, 0.0, -0.92385632
0.89510667, 0.17269677
0.00696567, 0.39903566, -0.00411586
0.92385632, 0.0, -0.38267159
0.69196022, 0.18280655
0.00288528, 0.39903566, -0.00819626
0.38267159, 0.0, -0.92385632
0.69196022, 0.17269677
0.00696567, 0.53953737, 0.00165469
0.92385632, 0.0, 0.38267159
0.89510667, 0.19291621
0.00696567, 0.39903566, 0.00165469
0.92385632, 0.0, 0.38267159
0.69196022, 0.19291621
4e-08, 0.53953737, -0.00819626
0.0, 0.0, -1.0
0.89510667, 0.16764218
4e-08, 0.39903566, -0.00819626
0.0, 0.0, -1.0
0.69196022, 0.16764206
4e-08, 0.39903566, -0.01568275
0.0, 0.0, -1.0
0.24106306, 0.1321978
0.0059863, 0.43231744, -0.01568275
0.0, 0.0, -1.0
0.29211241, 0.0885939
0.0059863, 0.39903566, -0.01568275
0.70708334, 0.0, -0.70708334
0.25166446, 0.14007312
4e-08, 0.43231744, -0.01568275
0.0, 1.0, 0.0
0.32256013, 0.07848662
0.0059863, 0.43231744, 0.01322158
0.57734919, 0.57734919, 0.57734919
0.30997258, 0.19071203
0.0059863, 0.43231744, -0.01568275
0.70708334, 0.70708334, 0.0
0.30997258, 0.0885939
3e-08, 0.43231744, 0.01322158
0.0, 0.70708334, 0.70708334
0.31928724, 0.20594162
0.0059863, 0.42365706, 0.01322158
0.57734919, -0.57734919, 0.57731867
0.29479998, 0.19071203
0.00694573, 0.1894787, 0.01553789
0.36939603, -0.26117739, 0.89178139
0.58236641, 0.90972857
0.00744476, 0.18333624, 0.04341398
0.08777124, 0.17368084, 0.98086488
0.48764068, 0.7706251
0.00831956, 0.18610938, 0.04284311
0.08929716, 0.17371136, 0.98071229
0.49249917, 0.77162527
3e-08, 0.18610938, 0.04284311
0.0, 0.20160528, 0.97946101
0.50179899, 0.45924282
0.00744476, 0.18333624, 0.04341398
0.46375927, 0.64534438, 0.60695213
0.48764062, 0.4548794
0.00744476, 0.13440205, 0.05616958
0.70708334, -0.70708334, 0.0
0.42008424, 0.51421773
3e-08, 0.13440205, 0.05186025
0.0, -0.63179415, 0.77510911
0.40770829, 0.48037726
0.00744476, 0.13440205, 0.05186025
0.74257636, -0.6697287, 0.0
0.4157567, 0.46967691
0.00744476, 0.18333624, 0.05111879
0.70708334, 0.70708334, 0.0
0.49374795, 0.50536901
3e-08, 0.18333624, 0.05111879
0.0, 0.99996948, 0.0
0.50580347, 0.50315326
3e-08, 0.18333624, 0.04341398
0.0, 0.77510911, 0.63179415
0.50074422, 0.4616943
0.00744476, 0.13440205, 0.06076837
0.57277137, -0.55299538, 0.60502946
0.44175279, 0.58578962
3e-08, 0.13440214, 0.05616958
0.0, -1.0, 0.0
0.40613329, 0.51737809
3e-08, 0.18333624, 0.05636156
0.0, 0.73812068, 0.67464215
0.52729475, 0.57368857
0.00598625, 0.4071089, -0.00956677
0.90450758, 0.30149236, 0.30149236
0.26580828, 0.15078789
0.00598625, 0.40582889, -0.01568275
1.0, 0.0, 0.0
0.26356608, 0.14137679
3e-08, 0.10349011, 0.05019612
0.0, 0.70708334, -0.70708334
0.37494099, 0.45777208
0.00938238, 0.12816641, 0.05019612
0.90450758, -0.30149236, -0.30149236
0.40483212, 0.46676141
0.00938239, 0.09636968, -0.01843638
1.0, 0.0, 0.0
0.34912574, 0.34652072
0.00938238, 0.12816641, 0.03197575
0.90450758, -0.30149236, 0.30149236
0.40483212, 0.4348402
3e-08, 0.10349011, 0.03197575
0.0, 0.70708334, 0.70708334
0.37287641, 0.44403321
0.0093825, 0.10349011, 0.03197575
0.90450758, 0.30149236, 0.30149236
0.36160052, 0.4348402
3e-08, 0.12816641, 0.05019612
0.0, -0.70708334, -0.70708334
0.39174497, 0.45577568
3e-08, 0.13284144, 0.05218152
0.0, 0.10132145, 0.99484235
0.40929055, 0.482831
2e-08, 0.13440205, 0.06076837
0.0, -0.67464215, 0.73812068
0.43477201, 0.60239547
0.00744476, 0.18333624, 0.05636156
0.5822016, 0.60011595, 0.54850918
0.5122782, 0.56657529
3e-08, 0.39903566, 0.01322158
0.0, 0.0, 1.0
0.25582951, 0.20296174
0.0059863, 0.4071089, 0.01322158
0.57734919, 0.57734919, 0.57734919
0.26580828, 0.19071203
3e-08, 0.4071089, 0.01322158
0.0, 0.70708334, 0.70708334
0.27234977, 0.19734472
3e-08, 0.42365706, 0.01322158
0.0, -0.70708334, 0.70708334
0.28722399, 0.20115381
0.00598625, 0.42365718, -0.00956677
0.90450758, -0.30149236, 0.30149236
0.2948001, 0.15078789
4e-08, 0.42365718, -0.00956677
0.0, -0.70708334, 0.70708334
0.28753155, 0.15869564
4e-08, 0.4071089, -0.00956677
0.0, 0.70708334, 0.70708334
0.27458376, 0.15928513
0.00938238, -0.10304096, 0.0007678
0.6400342, -0.75609607, -0.13644825
0.02835358, 0.38730073
0.00938239, -0.09404693, 0.05777618
0.66008484, -0.69707328, 0.27988526
0.04411048, 0.48717666
4e-08, -0.09684703, -0.01021222
0.0, -0.50431836, -0.8634907
0.02794082, 0.35281378
4e-08, 0.1894787, -0.01843638
0.0, 1.0, 0.0
0.51735282, 0.3451454
3e-08, 0.1894787, 0.01553789
0.0, 0.0, 1.0
0.50914121, 0.40078676
0.00938243, 0.1894787, 0.01553789
0.0, 0.0, 1.0
0.49272847, 0.40014786
-0.00938244, 0.10349011, 0.03197575
-0.90450758, 0.30149236, 0.30149236
0.36160058, 0.79066433
-0.00938234, 0.07487926, 0.04204109
-0.77291179, -0.61110264, -0.17059846
0.31147569, 0.7730303
-0.00938235, 0.09834355, 0.05218152
-0.84499651, 0.27857295, 0.45643482
0.35258394, 0.75526471
-0.0083195, 0.18610938, 0.04284311
-0.60032958, 0.65935242, 0.45255896
0.49249917, 0.77162527
3e-08, 0.18610938, 0.01553789
0.0, 0.70708334, 0.70708334
0.50891179, 0.81882392
-0.00938236, 0.18610938, 0.01553789
-0.90319526, 0.2985931, 0.30829799
0.49249917, 0.81946276
-0.00938235, 0.07493556, 0.09771125
-0.58580279, 0.3058565, 0.75048065
0.31157434, 0.67549878
4e-08, 0.07456115, -0.01843638
0.0, 0.0, -1.0
0.29980057, 0.89394476
-0.0093823, 0.06287518, -0.01843638
-0.57734919, -0.57734919, -0.57734919
0.29044509, 0.87898387
-0.00938231, 0.07456115, -0.01843638
-0.89440596, 0.0, -0.44718772
0.31091839, 0.87898387
-0.00744471, 0.13440205, 0.05186025
0.01263466, 0.18649861, 0.9823603
0.4157567, 0.46967691
-0.00938235, 0.13284144, 0.05218152
0.01330607, 0.18411817, 0.98278755
0.41302264, 0.47023982
-0.00938237, 0.18316895, -0.01843638
-1.0, 0.0, 0.0
0.48734766, 0.8789839
-0.00938234, 0.13284138, -0.01843638
-0.70708334, 0.0, -0.70708334
0.41302258, 0.87898387
3e-08, 0.09834355, 0.05218152
0.0, 0.88933986, 0.4572283
0.36720258, 0.74774891
-0.00938234, 0.04684113, 0.08834257
-0.56651509, -0.77343059, 0.2842494
0.26235431, 0.69191241
3e-08, 0.07493556, 0.09771125
0.0, -0.31632435, 0.94863737
0.30637437, 0.65990549
3e-08, 0.07487926, 0.04204109
0.0, -0.85537279, -0.51796013
0.29741532, 0.7815447
3e-08, 0.04684113, 0.08834257
0.0, -0.85537279, -0.51796013
0.24829394, 0.70042682
4e-08, 0.06287518, -0.01021222
0.0, -0.70708334, -0.70708334
0.27720463, 0.88049956
-0.00938231, 0.06287518, -0.01021222
-0.90450758, -0.30149236, -0.30149236
0.29044509, 0.86457552
-0.00938233, 0.06287518, 0.02311304
-0.81173134, -0.07348857, 0.57936341
0.29044509, 0.80619134
3e-08, 0.07487926, 0.03043348
0.0, -0.87194431, 0.4895474
0.29976231, 0.78452118
-0.00938233, 0.07487926, 0.03043348
-0.83544421, -0.47917113, 0.26902065
0.31147563, 0.79336633
3e-08, 0.07487926, 0.04204109
0.0, -1.0, 0.0
0.30171233, 0.77178891
-0.00938233, -0.08655778, 0.06855708
-0.5955382, -0.26349682, 0.75884277
0.05723114, 0.71944016
3e-08, -0.09404693, 0.05777618
0.0, -0.92797631, 0.37256998
0.02469273, 0.72458881
3e-08, -0.08655778, 0.06855708
0.0, -0.32801294, 0.94463944
0.05254669, 0.70297337
-0.00938231, -0.09684703, -0.01021222
-0.60927153, -0.39988402, -0.6847133
0.03920515, 0.85744022
3e-08, 0.06287518, 0.02311304
0.0, -0.12585834, 0.99203467
0.28759873, 0.79140629
4e-08, 0.07456115, -0.01843638
0.0, 0.0, -1.0
0.36792213, 0.88762803
-0.00938231, 0.07456115, -0.01843638
0.0, 0.0, -1.0
0.3491258, 0.87898387
-0.00938237, 0.1894787, -0.01843638
0.04168829, 0.00689718, -0.99908447
0.48734766, 0.8789839
4e-08, 0.13284144, -0.01843638
0.00241096, 0.00039674, -0.99996948
0.41415131, 0.88724138
-0.00776094, 0.39353859, 0.01750609
-0.29709768, 0.63039035, 0.71712393
0.9446736, 0.68240643
-0.01864937, 0.20198546, 0.00667681
-0.71715444, -0.63029879, 0.29721975
0.60908175, 0.71860301
-0.00772479, 0.20198543, 0.01760139
-0.29706717, -0.63011569, 0.71739858
0.60908175, 0.68240643
-0.01873662, 0.39353859, 0.00653039
-0.71736807, 0.63020724, 0.2969451
0.9446736, 0.71860301
-0.01864937, 0.20198546, -0.00877289
-0.71709341, -0.63057345, -0.29685354
0.60908175, 0.75170873
-0.01873662, 0.39353859, -0.00899157
-0.71745962, 0.62993258, -0.29734182
0.94465172, 0.75165318
-0.00772478, 0.20198546, -0.01969745
-0.29700613, -0.63075656, -0.71684927
0.60908175, 0.78530143
3e-08, 0.20198543, 0.01760139
0.0, -0.70693076, 0.70726645
0.60908175, 0.66264504
-0.00776094, 0.39353859, -0.01996724
-0.29718924, 0.6297189, -0.71767324
0.9446736, 0.78530143
-0.01676839, 0.20198546, 0.00571515
-0.54911953, -0.80416274, 0.22745445
0.60908175, 0.71860301
-0.00694566, 0.20198543, 0.01553789
-0.22745445, -0.80416274, 0.54911953
0.60908175, 0.68240643
3e-08, 0.20198543, 0.01553789
0.0, -0.70708334, 0.70708334
0.60908175, 0.66264504
-0.00694566, 0.20198546, -0.01799903
-0.22745445, -0.80416274, -0.54911953
0.60908175, 0.78530143
-0.01676839, 0.20198546, -0.0081763
-0.54911953, -0.80416274, -0.22745445
0.60908175, 0.75170873
-0.00694566, 0.1894787, -0.01799903
-0.36939603, -0.26117739, -0.89178139
0.58236641, 0.78530143
-0.01676839, 0.1894787, -0.0081763
-0.71727651, -0.63023776, -0.29709768
0.58236641, 0.75170873
-0.01676839, 0.1894787, 0.00571515
-0.71727651, -0.63023776, 0.29709768
0.58236641, 0.71860301
-0.00694566, 0.1894787, 0.01553789
-0.36939603, -0.26117739, 0.89178139
0.58236641, 0.68240643
3e-08, 0.1894787, 0.01553789
0.0, 0.0, 1.0
0.58236641, 0.66264504
-0.01445211, 0.39353859, -0.00721688
-0.54911953, 0.80416274, -0.22745445
0.9446736, 0.75165318
3e-08, 0.39353859, 0.01750609
0.0, 0.70726645, 0.70690024
0.9446736, 0.66264504
-0.00598624, 0.39353859, 0.01322158
-0.22745445, 0.80416274, 0.54911953
0.9446736, 0.68240643
-0.01445211, 0.39353859, 0.0047557
-0.54911953, 0.80416274, 0.22742394
0.9446736, 0.71860301
-0.00598623, 0.39353859, -0.01568275
-0.22745445, 0.80416274, -0.54911953
0.9446736, 0.78530143
3e-08, 0.39353859, 0.01322158
0.0, 0.70708334, 0.70708334
0.9446736, 0.66264504
-0.00598624, 0.39903566, 0.01322158
-0.29709768, 0.63023776, 0.71727651
0.95430404, 0.68240643
-0.00598623, 0.39903566, -0.01568275
-0.29709768, 0.63023776, -0.71727651
0.95430404, 0.78530143
-0.01445211, 0.39903566, 0.0047557
-0.71727651, 0.63023776, 0.29709768
0.95430404, 0.71860301
-0.01445211, 0.39903566, -0.00721688
-0.71727651, 0.63023776, -0.29709768
0.95430404, 0.75165318
3e-08, 0.39903566, 0.01322158
0.0, 0.70708334, 0.70708334
0.95430404, 0.66264504
-0.00288521, 0.39903566, 0.00573509
0.0, 1.0, 0.0
0.96774733, 0.68240643
-0.0069656, 0.39903566, -0.00411586
0.0, 1.0, 0.0
0.96774733, 0.75165318
-0.00288521, 0.39903566, -0.00819626
0.0, 1.0, 0.0
0.96774733, 0.78530143
-0.00696561, 0.39903566, 0.00165469
0.0, 1.0, 0.0
0.96774733, 0.71860301
4e-08, 0.39903566, -0.00819626
0.0, 1.0, 0.0
0.96774733, 0.8009517
3e-08, 0.39903566, 0.00573509
0.0, 0.0, 1.0
0.69196022, 0.12720352
-0.00288521, 0.53953737, 0.00573509
-0.38267159, 0.0, 0.92385632
0.89510667, 0.13225812
-0.00288521, 0.39903566, 0.00573509
-0.38267159, 0.0, 0.92385632
0.69196022, 0.13225812
-0.0069656, 0.39903566, -0.00411586
-0.92385632, 0.0, -0.38267159
0.69196022, 0.15247756
-0.00288521, 0.53953737, -0.00819626
-0.38267159, 0.0, -0.92385632
0.89510667, 0.16258734
-0.00288521, 0.39903566, -0.00819626
-0.38267159, 0.0, -0.92385632
0.69196022, 0.16258734
-0.00696561, 0.53953737, 0.00165469
-0.92385632, 0.0, 0.38267159
0.89510667, 0.1423679
-0.00696561, 0.39903566, 0.00165469
-0.92385632, 0.0, 0.38267159
0.69196022, 0.1423679
-0.00598623, 0.43231744, -0.01568275
0.0, 0.0, -1.0
0.29211241, 0.0885939
-0.00598623, 0.39903566, -0.01568275
-0.70708334, 0.0, -0.70708334
0.25166446, 0.14007312
-0.00598624, 0.43231744, 0.01322158
-0.57734919, 0.57734919, 0.57734919
0.30997258, 0.19071203
-0.00598623, 0.43231744, -0.01568275
-0.70708334, 0.70708334, 0.0
0.30997258, 0.0885939
-0.00598624, 0.42365706, 0.01322158
-0.57734919, -0.57734919, 0.57731867
0.29479998, 0.19071203
-0.00744471, 0.18333624, 0.04341398
-0.08777124, 0.17368084, 0.98086488
0.48764062, 0.4548794
-0.0083195, 0.18610938, 0.04284311
-0.08929716, 0.17371136, 0.98071229
0.49249911, 0.4538793
3e-08, 0.18610938, 0.04284311
0.0, 0.20160528, 0.97946101
0.50179964, 0.76626144
-0.00744471, 0.18333624, 0.04341398
-0.46375927, 0.64534438, 0.60695213
0.48764068, 0.7706251
3e-08, 0.18333624, 0.04341398
0.0, 0.77510911, 0.63179415
0.50074488, 0.76380973
3e-08, 0.13440205, 0.05186025
0.0, -0.63179415, 0.77510911
0.40770835, 0.74512714
-0.00744471, 0.13440205, 0.05616958
-0.70708334, -0.70708334, 0.0
0.4200843, 0.71128678
-0.00744471, 0.13440205, 0.05186025
-0.74257636, -0.6697287, 0.0
0.41575676, 0.75582762
-0.00744471, 0.18333624, 0.05111879
-0.70708334, 0.70708334, 0.0
0.49374801, 0.72013545
3e-08, 0.18333624, 0.05111879
0.0, 1.0, 0.0
0.50580364, 0.72235119
3e-08, 0.13440214, 0.05616958
0.0, -0.99996948, 0.0
0.40613341, 0.70812637
-0.00744471, 0.13440205, 0.06076837
-0.57277137, -0.55299538, 0.60505998
0.44175285, 0.6397149
-0.00744471, 0.18333624, 0.05636156
-0.5822016, 0.60011595, 0.54850918
0.51227826, 0.65892917
3e-08, 0.18333624, 0.05636156
0.0, 0.73812068, 0.67464215
0.52729499, 0.65181595
-0.00598618, 0.42738014, -0.01568275
-0.99996948, 0.0, 0.0
0.30132252, 0.14137679
-0.00598618, 0.40582889, -0.01568275
-1.0, 0.0, 0.0
0.26356608, 0.14137679
-0.00598618, 0.42365718, -0.00956677
-0.90450758, -0.30149236, 0.30149236
0.2948001, 0.15078789
-0.00938232, 0.12816641, 0.05019612
-0.90450758, -0.30149236, -0.30149236
0.40483218, 0.75874312
3e-08, 0.10349011, 0.05019612
0.0, 0.70708334, -0.70708334
0.37494105, 0.76773246
-0.00938232, 0.10349011, 0.05019612
-0.90450758, 0.30149236, -0.30149236
0.36160058, 0.75874312
-0.00938233, 0.09636968, -0.01843638
-1.0, 0.0, 0.0
0.3491258, 0.87898387
-0.00938232, 0.12816641, 0.03197575
-0.90450758, -0.30149236, 0.30149236
0.40483218, 0.79066433
3e-08, 0.10349011, 0.03197575
0.0, 0.70708334, 0.70708334
0.37287647, 0.78147133
3e-08, 0.12816641, 0.03197575
0.0, -0.70708334, 0.70708334
0.39003211, 0.78036536
3e-08, 0.12816641, 0.05019612
0.0, -0.70708334, -0.70708334
0.39174503, 0.76972885
-0.00938235, 0.13284144, 0.05218152
-0.88177127, 0.00338755, 0.47163305
0.4130227, 0.75526471
2e-08, 0.13440205, 0.06076837
0.0, -0.67464215, 0.73812068
0.43477201, 0.62310898
-0.00598624, 0.4071089, 0.01322158
-0.57734919, 0.57734919, 0.57734919
0.26580828, 0.19071203
-0.00598618, 0.4071089, -0.00956677
-0.90450758, 0.30149236, 0.30149236
0.26580828, 0.15078789
-0.00938231, -0.10304096, 0.0007678
-0.6400342, -0.75609607, -0.13644825
0.02835364, 0.83820377
-0.00938233, -0.09404693, 0.05777618
-0.66008484, -0.69707328, 0.27988526
0.04411061, 0.73832786
3e-08, -0.10304096, 0.0007678
0.0, -0.98406935, -0.17761773
0.0096813, 0.84442423
-0.00938236, 0.1894787, 0.01553789
-0.70708334, 0.70708334, 0.0
0.49840194, 0.81946276
4e-08, 0.1894787, -0.01843638
0.0, 1.0, 0.0
0.51735288, 0.88035916
-0.00938237, 0.1894787, -0.01843638
-0.70708334, 0.70708334, 0.0
0.49840194, 0.8789839
3e-08, 0.1894787, 0.01553789
0.0, 0.0, 1.0
0.50914127, 0.8247178
-0.00938236, 0.1894787, 0.01553789
0.0, 0.0, 1.0
0.49272853, 0.82535671
0.00696567, 0.53953737, 0.00165469
0.0, 0.99996948, 0.0
0.60087413, 0.18229395
0.00696567, 0.53953737, -0.00411586
0.0, 1.0, 0.0
0.60892266, 0.1742453
4e-08, 0.53953737, -0.00819626
0.0, 0.99996948, 0.0
0.62432939, 0.17826957
3e-08, 0.18610938, 0.04284311
0.0, 1.0, 0.0
0.50705242, 0.45444578
4e-08, 0.06287518, -0.01843638
0.0, -0.70708334, -0.70708334
0.28527308, 0.33737642
0.00938244, 0.18316895, -0.01843638
1.0, 0.0, 0.0
0.4873476, 0.34652072
3e-08, 0.07493556, 0.09771125
0.0, 0.88933986, 0.4572283
0.32619286, 0.55752152
3e-08, 0.04684113, 0.08834257
0.0, -0.31632435, 0.94863737
0.25715429, 0.54918528
0.00938238, 0.07456115, -0.01843638
0.0, 0.0, -1.0
0.34912574, 0.34652072
4e-08, 0.1894787, -0.01799903
0.0, 0.0, -1.0
0.58236641, 0.8009517
3e-08, 0.39903566, 0.00573509
0.0, 1.0, 0.0
0.96774733, 0.9270054
3e-08, 0.53953737, 0.00573509
0.0, 0.0, 1.0
0.89510667, 0.20808059
0.00696567, 0.53953737, -0.00411586
0.92385632, 0.0, -0.38267159
0.89510667, 0.18280655
4e-08, 0.43231744, -0.01568275
0.0, 0.0, -1.0
0.28908318, 0.07299072
0.00598625, 0.42738014, -0.01568275
0.99996948, 0.0, 0.0
0.30132252, 0.14137679
0.0059863, 0.39903566, 0.01322158
0.70708334, 0.0, 0.70708334
0.25166446, 0.19071203
3e-08, 0.12816641, 0.03197575
0.0, -0.70708334, 0.70708334
0.39003205, 0.44513917
3e-08, 0.09834355, 0.05218152
0.0, 0.0, 1.0
0.35330093, 0.48546726
3e-08, -0.10304096, 0.0007678
0.0, -0.98406935, -0.17761773
0.00968129, 0.38108027
3e-08, 0.1894787, 0.01553789
0.0, 1.0, 0.0
0.51537025, 0.40658927
3e-08, 0.18610938, 0.04284311
0.0, 1.0, 0.0
0.50705248, 0.77105878
4e-08, 0.06287518, -0.01843638
0.0, -0.70708334, -0.70708334
0.28527313, 0.88812806
3e-08, 0.07493556, 0.09771125
0.0, 0.88933986, 0.4572283
0.32619292, 0.667983
3e-08, 0.04684113, 0.08834257
0.0, -0.31632435, 0.94863737
0.25715441, 0.67631918
4e-08, -0.09684703, -0.01021222
0.0, -0.50431836, -0.8634907
0.02794082, 0.87269084
4e-08, 0.1894787, -0.01799903
0.04654073, 0.00769066, -0.99887079
0.47207016, 0.88742234
3e-08, 0.39903566, 0.00573509
0.0, 1.0, 0.0
0.96774733, 0.66264504
3e-08, 0.53953737, 0.00573509
0.0, 0.0, 1.0
0.89510667, 0.1272034
-0.0069656, 0.53953737, -0.00411586
-0.92385632, 0.0, -0.38267159
0.89510667, 0.15247768
-0.00598624, 0.39903566, 0.01322158
-0.70708334, 0.0, 0.70708334
0.25166446, 0.19071203
3e-08, 0.09834355, 0.05218152
0.0, 0.0, 1.0
0.35330093, 0.74003726
3e-08, 0.1894787, 0.01553789
0.0, 1.0, 0.0
0.51537031, 0.81891529
-0.0069656, 0.53953737, -0.00411586
0.0, 1.0, 0.0
0.62835354, 0.19367629
-0.00696561, 0.53953737, 0.00165469
0.0, 1.0, 0.0
0.620305, 0.20172483
3e-08, 0.53953737, 0.00573509
0.0, 1.0, 0.0
0.60489827, 0.19770056
0.00288528, 0.53953737, 0.00573509
0.0, 1.0, 3.052e-05
0.60087413, 0.19367629
-0.00288521, 0.53953737, 0.00573509
0.0, 1.0, 0.0
0.60892266, 0.20172483
-0.00288521, 0.53953737, -0.00819626
0.0, 1.0, 0.0
0.62835354, 0.18229383
0.00288528, 0.53953737, -0.00819626
0.0, 1.0, -3.052e-05
0.620305, 0.1742453
-0.00405743, 0.18826266, -0.05201458
-0.38154241, -0.07644887, -0.92117071
0.85646158, 0.38078439
0.00405751, 0.10520636, -0.05201458
0.38080996, 0.09836116, -0.91937011
0.70520502, 0.35078764
-0.00405743, 0.10520636, -0.05201458
-0.38080996, 0.09836116, -0.91937011
0.70516592, 0.38078439
0.00405751, 0.18826266, -0.05201458
0.38154241, -0.07644887, -0.92117071
0.85650057, 0.35078764
0.00979564, 0.10520636, -0.04627645
0.91937011, 0.09836116, -0.38080996
0.70516592, 0.32079071
0.00979564, 0.18826266, -0.04627645
0.92117071, -0.07644887, -0.38154241
0.85646147, 0.32079071
0.00979564, 0.10520636, -0.03816151
0.99584949, 0.09091464, 0.0
0.7052049, 0.29079396
0.00979564, 0.18826266, -0.03816151
0.70531327, -0.07065035, 0.70531327
0.85650057, 0.53076813
0.00405751, 0.10520639, -0.03242338
0.38080996, 0.09836116, 0.91937011
0.70516592, 0.50077119
0.00979564, 0.10520636, -0.03816151
0.7041536, 0.09091464, 0.7041536
0.7052049, 0.53076813
-0.00405743, 0.18826266, -0.03242337
-0.38154241, -0.07644887, 0.92117071
0.85650057, 0.47077459
-0.00405743, 0.10520636, -0.03242337
-0.38080996, 0.09836116, 0.91937011
0.7052049, 0.47077459
-0.00979557, 0.10520636, -0.03816151
-0.91937011, 0.09836116, 0.38080996
0.70516592, 0.44077784
-0.01458635, 0.22251198, -0.0361771
-0.92135382, -0.0737022, 0.38163397
0.91881406, 0.44077784
-0.00979557, 0.18826266, -0.03816151
-0.92117071, -0.07644887, 0.38154241
0.85646147, 0.44077784
-0.00979557, 0.10520636, -0.04627645
-0.91937011, 0.09836116, -0.38080996
0.7052049, 0.41078115
-0.00979557, 0.18826266, -0.04627645
-0.92117071, -0.07644887, -0.38154241
0.85650057, 0.41078115
0.00513343, 0.09077333, -0.05461209
0.38099307, 0.09387493, -0.91979736
0.678864, 0.35078764
0.00604191, 0.22251198, -0.02763261
0.38163397, -0.0737022, 0.92135382
0.91881406, 0.50077137
-0.00604183, 0.25811112, -0.02763259
-0.38267159, 0.0, 0.92385632
0.98369056, 0.47077459
-0.00604183, 0.22251198, -0.02763259
-0.38163397, -0.0737022, 0.92135382
0.91881406, 0.47077459
0.00405751, 0.18826266, -0.03242338
0.38154241, -0.07644887, 0.92117071
0.85646147, 0.50077137
-0.01458634, 0.22251198, -0.04826086
-0.92135382, -0.0737022, -0.38163397
0.91881406, 0.41078115
0.01458642, 0.22251198, -0.04826086
0.92135382, -0.0737022, -0.38163397
0.91881406, 0.32079089
-0.00604183, 0.22251198, -0.05680535
-0.38163397, -0.0737022, -0.92135382
0.91881406, 0.38078439
0.00604191, 0.22251198, -0.05680536
0.38163397, -0.0737022, -0.92135382
0.91881406, 0.35078764
0.01458642, 0.22251198, -0.0361771
0.99765009, -0.06811731, 0.0
0.91881406, 0.29079396
0.00979564, 0.18826266, -0.03816151
0.9974975, -0.07065035, 0.0
0.85650057, 0.29079396
-0.01458635, 0.25811112, -0.0361771
0.0, 1.0, 0.0
0.81022847, 0.5890922
0.00604191, 0.25811112, -0.02763261
0.0, 1.0, 0.0
0.78333688, 0.56220055
-0.00604183, 0.25811112, -0.05680535
0.0, 1.0, 0.0
0.78333688, 0.61598378
0.01458642, 0.25811112, -0.0361771
1.0, 0.0, 0.0
0.98369068, 0.29079396
0.00604191, 0.25811112, -0.05680536
0.38267159, 0.0, -0.92385632
0.98369056, 0.35078764
-0.00604183, 0.25811112, -0.05680535
-0.38267159, 0.0, -0.92385632
0.98363262, 0.38078439
-0.01458635, 0.25811112, -0.0361771
-0.92385632, 0.0, 0.38267159
0.98363262, 0.44077784
0.01458642, 0.22251198, -0.0361771
0.70543534, -0.06811731, 0.70543534
0.91881406, 0.53076795
0.00604191, 0.25811112, -0.02763261
0.38267159, 0.0, 0.92385632
0.98363239, 0.50077137
0.01458642, 0.25811112, -0.04826086
0.92385632, 0.0, -0.38267159
0.98363262, 0.32079089
-0.01458634, 0.25811112, -0.04826086
-0.92385632, 0.0, -0.38267159
0.98369056, 0.41078115
-0.01239308, 0.09077333, -0.03708558
-0.91979736, 0.09387493, 0.38099307
0.678864, 0.44077784
-0.00513335, 0.0618453, -0.02982587
-0.38267159, 0.0, 0.92385632
0.62616867, 0.47077459
-0.00513335, 0.09077333, -0.02982587
-0.38096255, 0.09387493, 0.91979736
0.678864, 0.47077459
0.00513343, 0.09077337, -0.02982587
0.38099307, 0.09387493, 0.91979736
0.678864, 0.50077119
-0.00513335, 0.09077333, -0.05461209
-0.38099307, 0.09387493, -0.91979736
0.678864, 0.38078439
-0.01239307, 0.09077333, -0.04735237
-0.91979736, 0.09387493, -0.38099307
0.678864, 0.41078115
0.01239315, 0.09077333, -0.04735237
0.91979736, 0.09387493, -0.38099307
0.678864, 0.32079071
0.01239315, 0.09077333, -0.03708558
0.70442826, 0.08676412, 0.70442826
0.678864, 0.53076813
0.00513343, 0.06184535, -0.02982587
0.0, -1.0, 0.0
0.84105521, 0.56624418
-0.00513335, 0.0618453, -0.02982587
0.0, -1.0, 0.0
0.82489914, 0.57293618
-0.01239307, 0.0618453, -0.04735237
0.0, -1.0, 0.0
0.82489914, 0.60524827
0.00513343, 0.06184535, -0.02982587
0.38267159, 0.0, 0.92385632
0.62616867, 0.50077119
0.01239315, 0.0618453, -0.03708558
0.70708334, 0.0, 0.70708334
0.62616867, 0.53076813
0.00513343, 0.0618453, -0.05461209
0.38267159, 0.0, -0.92385632
0.62616867, 0.35078764
-0.01239308, 0.0618453, -0.03708558
-0.92385632, 0.0, 0.38267159
0.62616867, 0.44077784
0.01239315, 0.09077333, -0.03708558
0.9962157, 0.08676412, 0.0
0.678864, 0.29079396
0.01239315, 0.0618453, -0.04735237
0.92385632, 0.0, -0.38267159
0.62616867, 0.32079071
-0.00513335, 0.0618453, -0.05461209
-0.38267159, 0.0, -0.92385632
0.62616867, 0.38078439
-0.01239307, 0.0618453, -0.04735237
-0.92385632, 0.0, -0.38267159
0.62616867, 0.41078115
-0.00729288, 0.10816809, -0.01843638
-1.0, 0.0, 0.0
0.6771785, 0.53786564
-0.00729288, 0.1227539, -0.03606106
-1.0, 0.0, 0.0
0.70928442, 0.57705578
-0.00729288, 0.10816809, -0.03606106
-1.0, 0.0, 0.0
0.70928442, 0.53786564
-0.00729288, 0.1227539, -0.01843638
0.0, 1.0, 0.0
0.6771785, 0.53786463
0.00729294, 0.1227539, -0.03606106
0.0, 1.0, 0.0
0.70928442, 0.57705578
-0.00729288, 0.1227539, -0.03606106
0.0, 1.0, 0.0
0.70928442, 0.53786463
0.00729294, 0.1227539, -0.01843638
1.0, 0.0, 0.0
0.67717767, 0.53786492
0.00729294, 0.10816809, -0.03606106
1.0, 0.0, 0.0
0.70928359, 0.57705498
0.00729294, 0.1227539, -0.03606106
1.0, 0.0, 0.0
0.70928359, 0.53786492
0.00729294, 0.10816809, -0.01843638
0.0, -1.0, 0.0
0.6771785, 0.53786466
-0.00729288, 0.10816809, -0.03606106
0.0, -1.0, 0.0
0.70928442, 0.57705578
0.00729294, 0.10816809, -0.03606106
0.0, -1.0, 0.0
0.70928442, 0.53786466
0.00729294, 0.1227539, -0.03606106
0.0, 0.0, -1.0
0.70374715, 0.57705498
-0.00729288, 0.10816809, -0.03606106
0.0, 0.0, -1.0
0.67717767, 0.61624619
-0.00729288, 0.1227539, -0.03606106
0.0, 0.0, -1.0
0.70374715, 0.61624619
-0.00729288, 0.1227539, -0.01843638
0.0, 0.0, 1.0
0.70374727, 0.57705498
0.00729294, 0.10816809, -0.01843638
0.0, 0.0, 1.0
0.67717767, 0.61624619
0.00729294, 0.1227539, -0.01843638
0.0, 0.0, 1.0
0.70374727, 0.61624619
-0.00729288, 0.16419916, -0.01843638
-0.99996948, 0.0, 0.0
0.70928442, 0.57705578
-0.00729288, 0.17878497, -0.03606106
-0.99996948, 0.0, 0.0
0.6771785, 0.53786561
-0.00729288, 0.16419916, -0.03606106
-1.0, 0.0, 0.0
0.6771785, 0.57705578
-0.00729288, 0.17878497, -0.01843638
0.0, 1.0, 0.0
0.70928359, 0.57705498
0.00729294, 0.17878497, -0.03606106
0.0, 1.0, 0.0
0.67717767, 0.53786382
-0.00729288, 0.17878497, -0.03606106
0.0, 1.0, 0.0
0.67717767, 0.57705498
0.00729294, 0.17878497, -0.01843638
0.99996948, 0.0, 0.0
0.6771785, 0.53786573
0.00729294, 0.16419916, -0.03606106
0.99996948, 0.0, 0.0
0.70928442, 0.57705578
0.00729294, 0.17878497, -0.03606106
1.0, 0.0, 0.0
0.70928442, 0.53786573
0.00729294, 0.16419916, -0.01843638
0.0, -1.0, 0.0
0.6771785, 0.53786463
-0.00729288, 0.16419916, -0.03606106
0.0, -1.0, 0.0
0.70928442, 0.57705578
0.00729294, 0.16419916, -0.03606106
0.0, -1.0, 0.0
0.70928442, 0.53786463
0.00729294, 0.17878497, -0.03606106
0.0, 0.0, -0.99996948
0.67717767, 0.5770559
-0.00729288, 0.16419916, -0.03606106
0.0, 0.0, -0.99996948
0.70374799, 0.61624619
-0.00729288, 0.17878497, -0.03606106
0.0, 0.0, -1.0
0.70374799, 0.5770559
-0.00729288, 0.17878497, -0.01843638
0.0, 0.0, 0.99996948
0.70374799, 0.5770559
0.00729294, 0.16419916, -0.01843638
0.0, 0.0, 0.99996948
0.6771785, 0.61624706
0.00729294, 0.17878497, -0.01843638
0.0, 0.0, 1.0
0.70374799, 0.61624706
0.01458642, 0.25811112, -0.04826086
0.0, 1.0, 0.0
0.75644517, 0.5890922
0.00604191, 0.25811112, -0.05680536
0.0, 1.0, 0.0
0.76432157, 0.60810751
-0.01458634, 0.25811112, -0.04826086
0.0, 1.0, 0.0
0.80235207, 0.60810751
-0.00604183, 0.25811112, -0.02763259
0.0, 1.0, 0.0
0.80235207, 0.57007694
0.01458642, 0.25811112, -0.0361771
0.0, 1.0, 0.0
0.76432157, 0.57007694
0.01458642, 0.25811112, -0.0361771
0.70708334, 0.0, 0.70708334
0.98369056, 0.53076813
-0.00513335, 0.0618453, -0.05461209
0.0, -1.0, 0.0
0.84105521, 0.61194032
0.01239315, 0.0618453, -0.03708558
0.0, -1.0, 0.0
0.85721117, 0.57293618
0.00513343, 0.0618453, -0.05461209
0.0, -1.0, 0.0
0.85721117, 0.60524827
0.01239315, 0.0618453, -0.04735237
0.0, -1.0, 0.0
0.86390322, 0.5890922
-0.01239308, 0.0618453, -0.03708558
0.0, -1.0, 0.0
0.81820709, 0.5890922
0.01239315, 0.0618453, -0.03708558
1.0, 0.0, 0.0
0.62616867, 0.29079396
-0.00729288, 0.1227539, -0.01843638
-1.0, 0.0, 0.0
0.6771785, 0.57705578
0.00729294, 0.1227539, -0.01843638
0.0, 1.0, 0.0
0.6771785, 0.57705578
0.00729294, 0.10816809, -0.01843638
1.0, 0.0, 0.0
0.67717767, 0.57705498
-0.00729288, 0.10816809, -0.01843638
0.0, -0.70708334, 0.70708334
0.6771785, 0.57705578
0.00729294, 0.10816809, -0.03606106
0.0, 0.0, -1.0
0.67717767, 0.57705498
-0.00729288, 0.17878497, -0.01843638
-1.0, 0.0, 0.0
0.70928442, 0.53786561
0.00729294, 0.17878497, -0.01843638
0.0, 1.0, 0.0
0.70928359, 0.53786382
0.00729294, 0.16419916, -0.01843638
1.0, 0.0, 0.0
0.6771785, 0.57705578
-0.00729288, 0.16419916, -0.01843638
0.0, -0.70708334, 0.70708334
0.6771785, 0.57705578
0.00729294, 0.16419916, -0.03606106
0.0, 0.0, -1.0
0.67717767, 0.61624619
# Number of Faces:
490
# Face Data:
0, 1, 2
3, 4, 5
6, 7, 1
8, 9, 10
11, 12, 13
14, 15, 5
16, 6, 1
17, 18, 6
19, 18, 20
21, 8, 22
23, 24, 25
26, 25, 7
27, 28, 29
30, 21, 22
24, 30, 22
29, 24, 31
32, 33, 34
35, 34, 36
37, 38, 39
37, 40, 41
42, 43, 40
44, 38, 45
46, 43, 47
39, 48, 37
44, 49, 39
42, 50, 47
50, 46, 47
37, 51, 42
52, 53, 50
54, 50, 51
49, 55, 48
56, 49, 57
55, 51, 48
58, 41, 40
59, 45, 38
60, 38, 41
61, 62, 43
43, 58, 40
63, 64, 59
65, 58, 62
66, 59, 60
67, 62, 68
69, 60, 58
70, 71, 63
65, 72, 69
73, 63, 66
67, 74, 65
72, 66, 69
75, 76, 77
78, 79, 80
81, 77, 82
83, 80, 84
79, 81, 82
85, 86, 87
88, 89, 90
91, 92, 89
52, 55, 93
94, 13, 95
96, 97, 4
98, 99, 100
101, 100, 97
102, 97, 103
104, 105, 98
101, 104, 98
106, 101, 102
107, 87, 108
109, 110, 2
10, 111, 25
112, 113, 114
115, 112, 110
113, 2, 114
116, 1, 0
117, 118, 106
119, 120, 121
122, 123, 92
124, 107, 123
121, 107, 125
27, 126, 127
126, 128, 30
127, 30, 28
129, 15, 14
130, 5, 131
132, 133, 134
135, 136, 137
133, 138, 134
139, 140, 141
116, 142, 143
137, 144, 145
138, 146, 134
147, 148, 138
147, 149, 150
140, 151, 152
153, 154, 155
155, 156, 133
157, 158, 159
151, 160, 152
153, 160, 157
161, 157, 159
145, 162, 163
164, 165, 145
166, 167, 168
169, 170, 167
171, 172, 170
173, 166, 168
174, 46, 172
168, 175, 176
173, 176, 177
170, 178, 179
46, 178, 172
167, 179, 175
53, 180, 178
178, 181, 179
176, 182, 183
176, 184, 177
179, 182, 175
169, 185, 171
186, 187, 166
169, 187, 188
61, 189, 68
174, 185, 189
190, 191, 187
185, 192, 189
187, 193, 188
189, 67, 68
188, 194, 185
195, 196, 191
192, 197, 198
191, 199, 193
67, 198, 200
193, 197, 194
201, 202, 203
204, 205, 206
203, 207, 208
206, 83, 84
207, 204, 208
209, 85, 210
211, 88, 212
213, 91, 211
182, 180, 183
143, 214, 215
216, 217, 218
219, 220, 221
221, 222, 217
217, 223, 218
224, 225, 220
222, 225, 226
222, 227, 223
228, 229, 230
231, 232, 233
145, 234, 132
235, 236, 237
235, 238, 231
233, 236, 132
134, 12, 239
226, 240, 227
241, 119, 121
230, 122, 213
242, 124, 230
121, 242, 241
243, 158, 244
160, 245, 243
160, 244, 157
246, 247, 248
137, 249, 250
251, 252, 253
1, 7, 114
25, 114, 7
110, 112, 0
1, 114, 2
2, 110, 0
3, 254, 4
6, 18, 7
8, 255, 9
11, 219, 12
5, 4, 0
0, 32, 5
256, 14, 5
5, 32, 256
16, 257, 6
17, 258, 18
19, 7, 18
21, 255, 8
23, 31, 24
26, 23, 25
27, 127, 28
30, 128, 21
24, 28, 30
29, 28, 24
32, 259, 33
35, 32, 34
37, 41, 38
37, 42, 40
42, 47, 43
44, 39, 38
46, 61, 43
39, 49, 48
44, 57, 49
42, 51, 50
50, 53, 46
37, 48, 51
52, 260, 53
54, 52, 50
49, 93, 55
56, 93, 49
55, 54, 51
58, 60, 41
59, 64, 45
60, 59, 38
61, 68, 62
43, 62, 58
63, 71, 64
65, 69, 58
66, 63, 59
67, 65, 62
69, 66, 60
70, 261, 71
65, 74, 72
73, 70, 63
67, 200, 74
72, 73, 66
75, 262, 76
78, 263, 79
81, 75, 77
83, 78, 80
79, 263, 81
85, 264, 86
88, 91, 89
91, 122, 92
90, 89, 265
52, 54, 55
94, 11, 13
96, 103, 97
98, 105, 99
101, 98, 100
102, 101, 97
104, 117, 105
101, 118, 104
106, 118, 101
265, 89, 123
89, 92, 123
266, 87, 107
108, 265, 123
107, 120, 266
108, 123, 107
109, 115, 110
114, 25, 111
22, 8, 10
25, 24, 22
32, 0, 112
112, 114, 32
22, 10, 25
111, 32, 114
112, 267, 113
115, 267, 112
113, 109, 2
116, 268, 1
117, 104, 118
119, 266, 120
122, 124, 123
124, 125, 107
121, 120, 107
27, 269, 126
126, 269, 128
127, 126, 30
129, 270, 15
130, 3, 5
239, 235, 231
233, 132, 134
239, 231, 233
155, 133, 132
134, 239, 233
135, 271, 136
133, 147, 138
139, 272, 140
116, 99, 142
239, 135, 137
137, 246, 248
248, 144, 137
145, 239, 137
138, 273, 146
147, 274, 148
147, 133, 149
140, 272, 151
153, 161, 154
155, 154, 156
157, 244, 158
151, 275, 160
153, 152, 160
161, 153, 157
145, 165, 162
164, 276, 165
166, 169, 167
169, 171, 170
171, 174, 172
173, 186, 166
174, 61, 46
168, 167, 175
173, 168, 176
170, 172, 178
46, 53, 178
167, 170, 179
53, 260, 180
178, 180, 181
176, 175, 182
176, 183, 184
179, 181, 182
169, 188, 185
186, 190, 187
169, 166, 187
61, 174, 189
174, 171, 185
190, 195, 191
185, 194, 192
187, 191, 193
189, 192, 67
188, 193, 194
195, 277, 196
192, 194, 197
191, 196, 199
67, 192, 198
193, 199, 197
201, 278, 202
204, 279, 205
203, 202, 207
206, 205, 83
207, 279, 204
209, 264, 85
211, 91, 88
213, 122, 91
228, 211, 212
182, 181, 180
143, 142, 214
216, 135, 217
219, 224, 220
221, 220, 222
217, 222, 223
224, 240, 225
222, 220, 225
222, 226, 227
213, 211, 230
229, 210, 242
230, 211, 228
280, 241, 242
242, 230, 229
210, 280, 242
231, 238, 232
153, 155, 152
235, 239, 145
155, 141, 152
141, 140, 152
155, 132, 234
235, 145, 132
234, 141, 155
235, 132, 236
235, 237, 238
233, 232, 236
134, 281, 12
226, 225, 240
241, 280, 119
230, 124, 122
242, 125, 124
121, 125, 242
243, 245, 158
160, 275, 245
160, 243, 244
246, 282, 247
137, 136, 249
283, 284, 285
285, 286, 251
284, 287, 285
253, 288, 283
252, 289, 253
285, 251, 253
253, 283, 285
290, 291, 292
293, 294, 291
295, 296, 294
297, 298, 299
298, 300, 301
300, 302, 301
300, 303, 304
304, 305, 302
306, 292, 305
294, 307, 291
308, 309, 310
297, 308, 311
304, 312, 306
293, 313, 295
311, 310, 300
306, 314, 290
293, 314, 315
295, 316, 317
318, 319, 320
313, 321, 316
314, 322, 315
312, 323, 314
310, 324, 303
325, 326, 308
315, 327, 313
303, 328, 312
329, 330, 331
301, 332, 298
305, 333, 334
291, 333, 292
296, 335, 294
302, 331, 301
299, 332, 336
302, 334, 329
337, 338, 339
336, 340, 341
335, 342, 307
334, 343, 329
331, 340, 332
344, 345, 335
307, 346, 333
333, 347, 334
348, 349, 350
351, 352, 353
354, 355, 356
357, 358, 359
360, 361, 362
363, 364, 365
366, 367, 368
369, 370, 371
372, 373, 374
375, 376, 377
378, 379, 380
381, 382, 383
290, 293, 291
293, 295, 294
295, 317, 296
297, 311, 298
298, 311, 300
300, 304, 302
300, 310, 303
304, 306, 305
306, 290, 292
294, 335, 307
308, 326, 309
297, 325, 308
304, 303, 312
293, 315, 313
311, 308, 310
306, 312, 314
293, 290, 314
295, 313, 316
384, 385, 320
320, 386, 318
318, 387, 319
319, 388, 384
384, 320, 319
313, 327, 321
314, 323, 322
312, 328, 323
310, 309, 324
325, 389, 326
315, 322, 327
303, 324, 328
329, 343, 330
301, 331, 332
305, 292, 333
291, 307, 333
296, 344, 335
302, 329, 331
299, 298, 332
302, 305, 334
339, 390, 391
392, 393, 391
391, 337, 339
338, 394, 339
390, 392, 391
336, 332, 340
335, 345, 342
334, 347, 343
331, 330, 340
344, 395, 345
307, 342, 346
333, 346, 347
348, 396, 349
351, 397, 352
354, 398, 355
357, 399, 358
360, 400, 361
363, 399, 364
366, 401, 367
369, 402, 370
372, 403, 373
375, 404, 376
378, 405, 379
381, 404, 382
