# Project Zomboid Skinned Mesh
# File Version:
1.0
# Model Name:
Cube
# Vertex Stride Element Count:
3
# Vertex Stride Size (in bytes):
76
# Vertex Stride Data:
# (Int)    Offset
# (String) Type
0
VertexArray
12
NormalArray
24
TextureCoordArray
# Vertex Count:
240
# Vertex Buffer:
0.01088202, 0.09602713, 0.01569611
0.60420543, -0.42619097, 0.67323834
0.50572777, 0.75739837
0.01088199, 0.11382257, -0.02238166
0.67802972, -0.09891049, -0.72832423
0.54356456, 0.67643684
0.01088202, 0.11382257, 0.01569611
0.70708334, 0.0, 0.70708334
0.54356456, 0.75739837
0.0, 0.21651646, -0.02238166
0.0, 1.0, 0.0
0.78486609, 0.67643684
0.01088202, 0.21651648, 0.01569611
0.57734919, 0.57734919, 0.57734919
0.76061618, 0.75739837
0.01088205, 0.21651645, -0.02238166
0.57734919, 0.57734919, -0.57734919
0.76061618, 0.67643684
0.0, 0.09602713, 0.01569611
0.0, -0.53486741, 0.84490496
0.50467014, 0.7807266
0.01088199, 0.08215336, -0.01361813
0.56883448, -0.74776453, -0.34238717
0.47382131, 0.69680241
0.0, 0.11382257, -0.02238166
0.0, -0.26667073, -0.9637745
0.53736413, 0.65119132
0.0, 0.11382257, 0.01569611
0.0, 0.0, 1.0
0.54356456, 0.78292403
0.0, 0.21651649, 0.01569611
0.0, 0.0, 0.99996948
0.76061618, 0.78292403
0.0, 0.21651646, -0.02238166
0.0, 0.0, -1.0
0.76061618, 0.65047181
0.01088199, 0.08215336, -0.01361813
0.68956572, -0.35801265, -0.62950528
0.43654138, 0.70039555
0.0, 0.04172647, 0.00937483
0.0, -0.21918394, -0.97567677
0.35299283, 0.72237447
0.0, 0.08215336, -0.01361813
0.0, -0.49436933, -0.86922818
0.42259556, 0.67255342
0.01088202, 0.06256317, 0.02739588
0.79641104, 0.38929412, 0.46275216
0.39729631, 0.78586769
0.01088199, 0.04172647, 0.00937483
0.779046, -0.13742484, -0.61168247
0.35299283, 0.74755117
0.01088199, 0.02100121, 0.00781486
0.68468279, -0.02023377, -0.72853786
0.3089264, 0.74423432
0.01088201, 0.03029476, 0.02733268
1.0, 0.0, 0.0
0.32868654, 0.78573337
0.01088199, -0.12189212, 0.02659691
0.58079773, -0.62941372, -0.51622057
0.00510475, 0.78416891
0.0, 0.02100121, 0.00781486
0.0, -0.02777184, -0.99960327
0.30372369, 0.72221389
0.01088202, 0.01620971, 0.0494583
0.78954434, 0.01913511, 0.613361
0.29873908, 0.83277716
0.01088202, 0.04518067, 0.05859524
0.58876306, 0.29865414, 0.75109106
0.36033735, 0.85220429
0.0, 0.01620971, 0.0494583
0.0, 0.03122044, 0.99951172
0.31103632, 0.86478119
0.0, 0.04518067, 0.05859524
0.0, 0.36948758, 0.92919707
0.36893085, 0.87164107
0.01088202, 0.09602713, 0.01569611
0.68205816, 0.24134037, 0.69029814
0.46844783, 0.76099151
0.0, 0.06256317, 0.02739588
0.0, 0.64375746, 0.7651906
0.41228688, 0.80504301
0.01088202, -0.11696689, 0.10080356
0.563097, -0.44471571, 0.69649345
0.01557668, 0.94194824
0.0, -0.11696689, 0.10080356
0.0, -0.53816342, 0.8428297
0.01557674, 0.97495242
0.0, -0.12189212, 0.02659691
0.0, -0.77318645, -0.63414413
0.00041726, 0.76356086
0.0, 0.01620971, 0.0494583
0.0, 0.84356213, 0.5370037
0.46925113, 0.93198425
0.01088199, 0.04172647, 0.00937483
0.0, 0.84356213, 0.5370037
0.44759139, 0.83740729
0.0, 0.04172647, 0.00937483
0.0, 0.84356213, 0.5370037
0.46925113, 0.83740726
-0.01088199, 0.11382257, -0.02238166
-0.67802972, -0.09891049, -0.72832423
0.54356456, 0.62450686
-0.01088202, 0.09602713, 0.01569611
-0.60420543, -0.42619097, 0.67323834
0.50572777, 0.54354534
-0.01088202, 0.11382257, 0.01569611
-0.70708334, 0.0, 0.70708334
0.54356456, 0.54354534
-0.01088202, 0.21651648, 0.01569611
-0.57734919, 0.57734919, 0.57734919
0.76061618, 0.54354534
0.0, 0.21651646, -0.02238166
0.0, 1.0, 0.0
0.78486609, 0.62450686
-0.01088205, 0.21651645, -0.02238166
-0.57734919, 0.57734919, -0.57734919
0.76061618, 0.62450686
-0.01088199, 0.08215336, -0.01361813
-0.56883448, -0.74776453, -0.34238717
0.47382131, 0.6051859
0.0, 0.09602713, 0.01569611
0.0, -0.53486741, 0.84490496
0.50467014, 0.52021709
0.0, 0.11382257, -0.02238166
0.0, -0.26667073, -0.9637745
0.53736413, 0.64975241
0.0, 0.11382257, 0.01569611
0.0, 0.0, 1.0
0.54356456, 0.51801971
0.0, 0.21651649, 0.01569611
0.0, 0.0, 0.99996948
0.76061618, 0.51801971
0.0, 0.08215336, -0.01361813
0.0, -0.49436933, -0.86922818
0.42259556, 0.62839028
-0.01088199, 0.04172647, 0.00937483
-0.779046, -0.13742484, -0.61168247
0.35299283, 0.55339256
-0.01088199, 0.08215336, -0.01361813
-0.68956572, -0.35801265, -0.62950528
0.43654138, 0.60159275
-0.01088202, 0.06256317, 0.02739588
-0.79641104, 0.38929412, 0.46275216
0.39729631, 0.51507601
-0.01088202, 0.09602713, 0.01569611
-0.68205816, 0.24134037, 0.69029814
0.46844783, 0.53995219
0.0, 0.04172647, 0.00937483
0.0, -0.21918394, -0.97567677
0.35299283, 0.5785692
-0.01088199, 0.02100121, 0.00781486
-0.68468279, -0.02023377, -0.72853786
0.3089264, 0.55670938
-0.01088201, 0.03029476, 0.02733268
-1.0, 0.0, 0.0
0.32868654, 0.51521036
0.0, 0.02100121, 0.00781486
0.0, -0.02777184, -0.99960327
0.30372372, 0.57872954
-0.01088199, -0.12189212, 0.02659691
-0.58079773, -0.62941372, -0.51622057
0.00510475, 0.5167748
-0.01088202, 0.01620971, 0.0494583
-0.78954434, 0.01913511, 0.613361
0.29873908, 0.46816647
0.0, 0.01620971, 0.0494583
0.0, 0.03122044, 0.99951172
0.31103632, 0.43616247
-0.01088202, 0.04518067, 0.05859524
-0.58876306, 0.29865414, 0.75109106
0.36033735, 0.44873941
0.0, 0.04518067, 0.05859524
0.0, 0.36948758, 0.92919707
0.36893088, 0.42930269
0.0, 0.06256317, 0.02739588
0.0, 0.64375746, 0.7651906
0.41228685, 0.49590075
-0.01088202, -0.11696689, 0.10080356
-0.563097, -0.44471571, 0.69649345
0.01557669, 0.35899544
0.0, -0.11696689, 0.10080356
0.0, -0.53816342, 0.8428297
0.01557669, 0.32599127
0.0, -0.12189212, 0.02659691
0.0, -0.77318645, -0.63414413
0.00041717, 0.53738311
-0.01088199, 0.04172647, 0.00937483
0.0, 0.84356213, 0.5370037
0.49091086, 0.83740729
-0.01088202, 0.01620971, 0.0494583
0.0, 0.84356213, 0.5370037
0.49091098, 0.93198425
0.0, 0.21651649, 0.01569611
0.0, 1.0, 0.0
0.78486609, 0.75739837
0.0, 0.08215336, -0.01361813
0.0, -0.90386671, 0.42777795
0.47025663, 0.71240053
0.0, 0.08215336, -0.01361813
0.0, -0.26667073, -0.9637745
0.46551049, 0.66502598
0.0, 0.11382257, -0.02238166
0.0, 0.0, -1.0
0.54356456, 0.65047181
0.0, 0.09602713, 0.01569611
0.0, 0.33002716, 0.943968
0.47596946, 0.7805399
0.01088202, 0.01620971, 0.0494583
0.0, 0.84356213, 0.5370037
0.44759139, 0.93198425
0.0, 0.21651649, 0.01569611
0.0, 1.0, 0.0
0.78486609, 0.54354534
0.0, 0.08215336, -0.01361813
0.0, -0.90386671, 0.42777795
0.47025663, 0.58854321
0.0, 0.08215336, -0.01361813
0.0, -0.26667073, -0.9637745
0.46551043, 0.63591775
0.0, 0.09602713, 0.01569611
0.0, 0.33002716, 0.943968
0.47596946, 0.52040377
0.0068398, 0.13663813, 0.03091598
0.85790581, -0.28907132, -0.4247261
0.5905205, 0.7897591
0.0, 0.13914576, 0.02455726
0.0, -0.99734491, 0.07263406
0.58475208, 0.77562761
0.0068398, 0.13914576, 0.02455726
0.8188116, -0.57252723, 0.04168829
0.59585226, 0.77623908
0.0068398, 0.11505434, 0.03422968
0.59730828, -0.46327096, 0.65465254
0.54462862, 0.79680473
0.0, 0.10851642, 0.01569611
0.0, -0.94302195, 0.33265176
0.51245153, 0.76615334
0.0068398, 0.10851642, 0.01569611
0.61702323, -0.74208808, 0.26178777
0.53072774, 0.75739837
0.0068398, 0.11630818, 0.02213916
0.84078491, 0.52397227, 0.13592944
0.54729462, 0.77109767
0.0, 0.11881372, 0.03091598
0.0, 0.60228276, -0.79827267
0.5600853, 0.78223316
0.0068398, 0.11881372, 0.03091598
0.87041843, 0.29648733, -0.39295632
0.55262208, 0.7897591
0.0068398, 0.14854953, 0.01569611
0.58919036, 0.73598439, 0.33338419
0.61584675, 0.75739837
0.0, 0.14015397, 0.03422969
0.0, 0.54191715, 0.8404187
0.60510099, 0.80898708
0.0068398, 0.14015397, 0.03422969
0.60304576, 0.43226418, 0.67036957
0.59799588, 0.79680473
0.0068398, 0.12275633, 0.01569611
0.44700462, 0.63225198, 0.63274026
0.56100488, 0.75739837
0.0, 0.11630818, 0.02213916
0.0, 0.96792507, 0.25113681
0.5588361, 0.77463551
0.0, 0.13663813, 0.03091598
0.0, -0.56263924, -0.82668537
0.58352172, 0.78133909
0.0, 0.13405988, 0.01569611
0.0, -0.867275, 0.49778742
0.5773145, 0.76202124
0.0068398, 0.13405988, 0.01569611
0.55561996, -0.72109133, 0.41386151
0.58503866, 0.75739837
0.0, 0.11505434, 0.03422968
0.0, -0.57762384, 0.81627858
0.53793097, 0.81073025
0.00763495, 0.43391478, -0.0173257
0.85604417, -0.37607959, -0.35456404
0.47532383, 0.15471274
0.0031625, 0.21651649, -0.02179813
0.38267159, 0.0, -0.92385632
0.01557669, 0.14126444
0.0031625, 0.43391478, -0.02179813
0.35456404, -0.37607959, -0.85604417
0.47532377, 0.14126265
0.00763495, 0.43391478, -0.01100069
0.85604417, -0.37607959, 0.35456404
0.47532383, 0.16816109
0.00763495, 0.21651649, -0.0173257
0.92385632, 0.0, -0.38267159
0.01557669, 0.15471274
0.0031625, 0.43391478, -0.00652826
0.35456404, -0.37607959, 0.85604417
0.47532383, 0.18161118
0.00763495, 0.21651649, -0.01100069
0.92385632, 0.0, 0.38267159
0.01557669, 0.16816109
0.0, 0.43391478, -0.00652826
0.0, -0.44718772, 0.89440596
0.47532386, 0.18919677
0.0031625, 0.21651649, -0.00652826
0.38267159, 0.0, 0.92385632
0.01557664, 0.18160945
0.0, 0.43391478, -0.00652826
0.0, -0.44718772, 0.89440596
0.70464128, 0.08688021
-0.00763495, 0.43391478, -0.01100069
-0.85604417, -0.37607959, 0.35456404
0.71975297, 0.07802796
0.0, 0.43391478, -0.02179813
0.0, -0.44718772, -0.89440596
0.70464128, 0.05665684
0.0, 0.21651649, -0.02179813
0.0, 0.0, -0.99996948
0.01559083, 0.13367879
0.0, 0.43391478, -0.02179813
0.0, -0.44718772, -0.89440596
0.47532368, 0.13367707
0.00763495, 0.52999753, 0.00192875
0.71727651, 0.63023776, -0.29709768
0.687971, 0.24585193
0.0031625, 0.21651649, -0.00254369
0.38267159, 0.0, -0.92385632
0.01557669, 0.23004812
0.0031625, 0.52999753, -0.00254369
0.29709768, 0.63023776, -0.71727651
0.687971, 0.23004812
0.00763495, 0.21651649, 0.00825378
0.92385632, 0.0, 0.38267159
0.01557669, 0.25930023
0.00763495, 0.21651649, 0.00192881
0.92385632, 0.0, -0.38267159
0.01557669, 0.24585193
0.0031625, 0.52999753, 0.01272622
0.29709768, 0.63023776, 0.71727651
0.687971, 0.27527016
0.00763495, 0.52999753, 0.00825378
0.71727651, 0.63023776, 0.29709768
0.687971, 0.25930023
0.0, 0.52999753, 0.01272622
0.0, 0.70708334, 0.70708334
0.687971, 0.28263938
0.0031625, 0.21651649, 0.01272622
0.38267159, 0.0, 0.92385632
0.01557669, 0.27526933
0.0, 0.21651649, -0.00254369
0.0, 0.0, -1.0
0.01557669, 0.22181988
0.0, 0.52999753, -0.00254369
0.0, 0.70708334, -0.70708334
0.687971, 0.22181988
0.01354356, 0.40723822, -0.00051867
0.71727651, 0.63023776, -0.29709768
0.80350137, 0.87911808
0.00560999, 0.34601071, -0.00845242
0.38267159, 0.0, -0.92385632
0.66769648, 0.86226982
0.00560992, 0.40723822, -0.00845229
0.29709768, 0.63023776, -0.71727651
0.80350155, 0.86226982
0.01354354, 0.40723822, 0.01070119
0.71727651, 0.63023776, 0.29709768
0.80350137, 0.90294498
0.01354371, 0.34601071, -0.00051874
0.92385632, 0.0, -0.38267159
0.66769648, 0.87911808
0.00560998, 0.34601071, 0.01863497
0.38267159, 0.0, 0.92385632
0.66769648, 0.91979319
0.01354371, 0.34601071, 0.01070127
0.92385632, 0.0, 0.38267159
0.66769648, 0.90294498
0.0, 0.40723822, 0.01863482
0.0, 0.70708334, 0.70708334
0.80350155, 0.93470353
0.00560992, 0.40723822, 0.01863482
0.29709768, 0.63023776, 0.71727651
0.80350155, 0.91979319
0.0, 0.34601071, -0.00845242
0.0, 0.0, -1.0
0.66769648, 0.84756631
0.0, 0.40723822, -0.00845229
0.0, 0.70708334, -0.70708334
0.80352128, 0.84756631
0.01354244, 0.28352058, -0.00051822
0.71727651, -0.63026828, -0.29709768
0.52940071, 0.87911808
0.00560946, 0.28352058, -0.00845119
0.29709768, -0.63026828, -0.717246
0.52940071, 0.86226982
0.01354244, 0.28352058, 0.01070074
0.71727651, -0.63026828, 0.29709768
0.52940071, 0.90294498
0.0, 0.34601071, 0.01863497
0.0, 0.0, 0.99996948
0.66769648, 0.93470353
0.00560946, 0.28352058, 0.01863372
0.29709768, -0.63026828, 0.717246
0.52940071, 0.91979319
0.0, 0.28352058, -0.00845119
0.0, -0.70711386, -0.70708334
0.52940071, 0.84756631
-0.00763495, 0.4346084, 0.00192875
-0.70708334, -0.70708334, 0.0
0.63956761, 0.21730685
0.00763495, 0.4346084, -0.01100069
0.70708334, -0.70708334, 0.0
0.63956761, 0.189816
0.00763495, 0.4346084, 0.00192875
0.70708334, -0.70708334, 0.0
0.63956761, 0.21730685
0.0031625, 0.52999753, -0.02179813
0.29709768, 0.63023776, -0.71727651
0.687971, 0.14126402
0.0, 0.52999753, -0.02179813
0.0, 0.70708334, -0.70708334
0.687971, 0.13367707
0.0, 0.52999753, -0.00652826
0.0, 0.70708334, 0.70708334
0.687971, 0.18919677
0.0031625, 0.52999753, -0.00652826
0.29709768, 0.63026828, 0.717246
0.687971, 0.18160981
0.00763495, 0.52999753, -0.01100069
0.71727651, 0.63023776, 0.29709768
0.687971, 0.16816109
0.00763495, 0.52999753, -0.0173257
0.71727651, 0.63023776, -0.29709768
0.687971, 0.15471274
0.0, 0.13914576, 0.02455726
0.0, -0.99734491, 0.07263406
0.58475208, 0.52531609
-0.0068398, 0.13663813, 0.03091598
-0.85790581, -0.28907132, -0.4247261
0.5905205, 0.5111846
-0.0068398, 0.13914576, 0.02455726
-0.8188116, -0.57252723, 0.04168829
0.59585226, 0.52470461
0.0, 0.10851642, 0.01569611
0.0, -0.94302195, 0.33265176
0.51245153, 0.53479037
-0.0068398, 0.11505434, 0.03422968
-0.59730828, -0.46327096, 0.65465254
0.54462862, 0.50413898
-0.0068398, 0.10851642, 0.01569611
-0.61702323, -0.74208808, 0.26178777
0.53072774, 0.54354534
0.0, 0.11881372, 0.03091598
0.0, 0.60228276, -0.79827267
0.5600853, 0.51871052
-0.0068398, 0.11630818, 0.02213916
-0.84078491, 0.52397227, 0.13592944
0.54729462, 0.52984604
-0.0068398, 0.11881372, 0.03091598
-0.87041843, 0.29648733, -0.39295632
0.55262208, 0.5111846
0.0, 0.14015397, 0.03422969
0.0, 0.54191715, 0.8404187
0.60510099, 0.49195659
-0.0068398, 0.14854953, 0.01569611
-0.58919036, 0.73598439, 0.33338419
0.61584675, 0.54354534
-0.0068398, 0.14015397, 0.03422969
-0.60304576, 0.43226418, 0.67036957
0.59799588, 0.50413898
0.0, 0.11630818, 0.02213916
0.0, 0.96792507, 0.25113681
0.5588361, 0.52630821
-0.0068398, 0.12275633, 0.01569611
-0.44700462, 0.63225198, 0.63274026
0.56100488, 0.54354534
0.0, 0.13663813, 0.03091598
0.0, -0.56263924, -0.82668537
0.58352172, 0.51960465
0.0, 0.13405988, 0.01569611
0.0, -0.867275, 0.49778742
0.5773145, 0.53892246
-0.0068398, 0.13405988, 0.01569611
-0.55561996, -0.72109133, 0.41386151
0.58503866, 0.54354534
0.0, 0.11505434, 0.03422968
0.0, -0.57762384, 0.81627858
0.53793097, 0.49021351
-0.0031625, 0.21651649, -0.02179813
-0.38267159, 0.0, -0.92385632
0.01557669, 0.14126265
-0.00763495, 0.43391478, -0.0173257
-0.85604417, -0.37607959, -0.35456404
0.47532383, 0.15471274
-0.0031625, 0.43391478, -0.02179813
-0.35456404, -0.37607959, -0.85604417
0.47532389, 0.14126444
-0.00763495, 0.21651649, -0.0173257
-0.92385632, 0.0, -0.38267159
0.01557669, 0.15471274
-0.00763495, 0.43391478, -0.01100069
-0.85604417, -0.37607959, 0.35456404
0.47532383, 0.16816109
-0.00763495, 0.21651649, -0.01100069
-0.92385632, 0.0, 0.38267159
0.01557669, 0.16816109
-0.0031625, 0.43391478, -0.00652826
-0.35456404, -0.37607959, 0.85604417
0.47532383, 0.18160939
-0.0031625, 0.21651649, -0.00652826
-0.38267159, 0.0, 0.92385632
0.01557674, 0.18161118
-0.0031625, 0.21651649, -0.00254369
-0.38267159, 0.0, -0.92385632
0.01557669, 0.23004735
-0.00763495, 0.52999753, 0.00192875
-0.71727651, 0.63023776, -0.29709768
0.687971, 0.24585193
-0.0031625, 0.52999753, -0.00254369
-0.29709768, 0.63026828, -0.717246
0.687971, 0.23004866
-0.00763495, 0.21651649, 0.00192881
-0.92385632, 0.0, -0.38267159
0.01557669, 0.24585193
-0.00763495, 0.52999753, 0.00825378
-0.71727651, 0.63023776, 0.29709768
0.687971, 0.25930023
-0.00763495, 0.21651649, 0.00825378
-0.92385632, 0.0, 0.38267159
0.01557669, 0.25930023
-0.0031625, 0.52999753, 0.01272622
-0.29709768, 0.63023776, 0.71727651
0.687971, 0.27526957
-0.0031625, 0.21651649, 0.01272622
-0.38267159, 0.0, 0.92385632
0.01557669, 0.27527016
-0.00560999, 0.34601071, -0.00845242
-0.38267159, 0.0, -0.92385632
0.66769648, 0.86226982
-0.01354356, 0.40723822, -0.00051867
-0.71727651, 0.63023776, -0.29709768
0.80350137, 0.87911808
-0.00560992, 0.40723822, -0.00845229
-0.29709768, 0.63023776, -0.71727651
0.80350155, 0.86226982
-0.01354371, 0.34601071, -0.00051874
-0.92385632, 0.0, -0.38267159
0.66769648, 0.87911808
-0.01354354, 0.40723822, 0.01070119
-0.71727651, 0.63023776, 0.29709768
0.80350137, 0.90294498
-0.01354371, 0.34601071, 0.01070127
-0.92385632, 0.0, 0.38267159
0.66769648, 0.90294498
-0.00560992, 0.40723822, 0.01863482
-0.29709768, 0.63023776, 0.71727651
0.80350155, 0.91979319
-0.00560998, 0.34601071, 0.01863497
-0.38267159, 0.0, 0.92385632
0.66769648, 0.91979319
-0.01354244, 0.28352058, -0.00051822
-0.71727651, -0.63026828, -0.29709768
0.52940071, 0.87911808
-0.00560946, 0.28352058, -0.00845119
-0.29709768, -0.63026828, -0.717246
0.52940071, 0.86226982
-0.01354244, 0.28352058, 0.01070074
-0.71727651, -0.63026828, 0.29709768
0.52940071, 0.90294498
-0.00560946, 0.28352058, 0.01863372
-0.29709768, -0.63026828, 0.717246
0.52940071, 0.91979319
0.0, 0.28352058, 0.01863372
0.0, -0.70711386, 0.70708334
0.52940071, 0.93470353
0.00763495, 0.44353431, 0.00192875
0.70708334, 0.70708334, 0.0
0.65854621, 0.21730685
-0.00763495, 0.44353431, -0.01100069
-0.70708334, 0.70708334, 0.0
0.65854621, 0.189816
-0.00763495, 0.44353431, 0.00192875
-0.70708334, 0.70708334, 0.0
0.65854621, 0.21730685
-0.00763495, 0.4346084, -0.01100069
-0.70708334, -0.70708334, 0.0
0.63956761, 0.189816
0.00763495, 0.44353431, -0.01100069
0.70708334, 0.70708334, 0.0
0.65854621, 0.189816
-0.0031625, 0.52999753, -0.02179813
-0.29709768, 0.63026828, -0.717246
0.68797112, 0.14126444
-0.0031625, 0.52999753, -0.00652826
-0.29709768, 0.63023776, 0.71727651
0.687971, 0.18160939
-0.00763495, 0.52999753, -0.01100069
-0.71727651, 0.63023776, 0.29709768
0.687971, 0.16816109
-0.00763495, 0.52999753, -0.0173257
-0.71727651, 0.63023776, -0.29709768
0.687971, 0.15471274
-0.00802365, 0.27757609, -0.00129968
0.99996948, 0.0, -0.00778222
0.71303546, 0.95922494
-0.00805806, 0.21651649, -0.00571978
0.99996948, 0.0, -0.00778222
0.58320951, 0.96862304
-0.00805806, 0.28363174, -0.00571978
0.99996948, 0.0, -0.00778222
0.7259109, 0.96862304
-0.00763495, 0.51685494, 0.00192875
-0.70708334, 0.70708334, 0.0
0.65854621, 0.21730685
-0.00763495, 0.50792903, -0.01100069
-0.70708334, -0.70708334, 0.0
0.63956761, 0.189816
-0.00763495, 0.50792903, 0.00192875
-0.70708334, -0.70708334, 0.0
0.63956761, 0.21730685
0.00763495, 0.51685494, 0.00192875
0.70708334, 0.70708334, 0.0
0.65854621, 0.21730685
-0.00763495, 0.51685494, -0.01100069
-0.70708334, 0.70708334, 0.0
0.65854621, 0.189816
0.00763495, 0.50792903, 0.00192875
0.70708334, -0.70708334, 0.0
0.63956761, 0.21730685
0.00763495, 0.51685494, -0.01100069
0.70708334, 0.70708334, 0.0
0.65854621, 0.189816
0.00763495, 0.50792903, -0.01100069
0.70708334, -0.70708334, 0.0
0.63956761, 0.189816
0.0, 0.52999753, -0.00652826
0.0, 0.70708334, 0.70708334
0.7046414, 0.17682177
0.00763495, 0.52999753, -0.01100069
0.71727651, 0.63023776, 0.29709768
0.6895296, 0.16796964
0.0, 0.52999753, -0.02179813
0.0, 0.70708334, -0.70708334
0.70464128, 0.1465984
0.00802365, 0.27757609, -0.00129968
0.99996948, 0.0, 0.00778222
0.71303546, 0.95922494
0.00805806, 0.21651649, -0.00571978
0.99996948, 0.0, 0.00778222
0.58320951, 0.96862304
0.00805806, 0.28363174, -0.00571978
0.99996948, 0.0, 0.00778222
0.7259109, 0.96862304
0.0, 0.14854953, 0.01569611
0.0, 0.91088593, 0.41261023
0.63033724, 0.76588191
0.0, 0.12275633, 0.01569611
0.0, 0.70680869, 0.707358
0.56849861, 0.76464856
0.0, 0.21651649, -0.00652826
0.0, 0.0, 1.0
0.01556243, 0.1891951
-0.0031625, 0.43391478, -0.02179813
-0.35456404, -0.37607959, -0.85604417
0.71090072, 0.05665684
-0.00763495, 0.43391478, -0.0173257
-0.85604417, -0.37607959, -0.35456404
0.71975297, 0.06550896
0.0031625, 0.43391478, -0.02179813
0.35456404, -0.37607959, -0.85604417
0.69838184, 0.05665684
0.00763495, 0.43391478, -0.0173257
0.85604417, -0.37607959, -0.35456404
0.6895296, 0.06550896
0.00763495, 0.43391478, -0.01100069
0.85604417, -0.37607959, 0.35456404
0.6895296, 0.07802796
0.0031625, 0.43391478, -0.00652826
0.35456404, -0.37607959, 0.85604417
0.69838184, 0.08688021
-0.0031625, 0.43391478, -0.00652826
-0.35456404, -0.37607959, 0.85604417
0.71090072, 0.08688021
0.0, 0.21651649, 0.01272622
0.0, 0.0, 1.0
0.01557669, 0.28263861
0.0, 0.14854953, 0.01569611
0.0, 0.91088593, 0.41261023
0.63033724, 0.53506181
0.0, 0.12275633, 0.01569611
0.0, 0.70680869, 0.707358
0.56849861, 0.53629515
-0.00797692, 0.28363174, 0.00470465
0.99996948, 0.0, -0.00778222
0.7259109, 0.94645846
-0.00802365, 0.21651649, -0.00129968
0.99996948, 0.0, -0.00778222
0.58320951, 0.95922494
-0.0031625, 0.52999753, -0.02179813
-0.29709768, 0.63026828, -0.717246
0.71090072, 0.1465984
-0.00763495, 0.52999753, -0.0173257
-0.71727651, 0.63023776, -0.29709768
0.71975297, 0.15545064
-0.00763495, 0.52999753, -0.01100069
-0.71727651, 0.63023776, 0.29709768
0.71975297, 0.16796964
0.0031625, 0.52999753, -0.00652826
0.29709768, 0.63026828, 0.717246
0.69838184, 0.17682177
-0.0031625, 0.52999753, -0.00652826
-0.29709768, 0.63023776, 0.71727651
0.71090072, 0.17682177
0.0031625, 0.52999753, -0.02179813
0.29709768, 0.63023776, -0.71727651
0.69838184, 0.1465984
0.00763495, 0.52999753, -0.0173257
0.71727651, 0.63023776, -0.29709768
0.6895296, 0.15545064
0.00797692, 0.28363174, 0.00470465
0.99996948, 0.0, 0.00778222
0.7259109, 0.94645846
0.00802365, 0.21651649, -0.00129968
0.99996948, 0.0, 0.00778222
0.58320951, 0.95922494
# Number of Faces:
296
# Face Data:
0, 1, 2
3, 4, 5
6, 7, 0
7, 8, 1
9, 0, 2
10, 2, 4
1, 11, 5
2, 5, 4
12, 13, 14
12, 15, 16
17, 13, 16
16, 18, 17
19, 20, 17
17, 21, 19
22, 23, 21
15, 24, 22
25, 26, 15
23, 27, 21
19, 28, 29
21, 27, 19
18, 22, 21
18, 15, 22
30, 31, 32
33, 34, 35
36, 37, 38
39, 40, 34
41, 39, 33
34, 42, 35
35, 43, 36
11, 33, 38
38, 35, 36
44, 45, 46
46, 47, 48
49, 50, 45
45, 50, 51
52, 53, 50
50, 54, 51
55, 56, 54
57, 47, 56
58, 48, 47
59, 55, 54
60, 53, 61
54, 53, 59
51, 54, 56
51, 47, 45
30, 62, 63
0, 7, 1
3, 64, 4
6, 65, 7
7, 66, 8
9, 6, 0
10, 9, 2
1, 67, 11
2, 1, 5
12, 16, 13
12, 25, 15
17, 20, 13
19, 29, 20
17, 18, 21
22, 24, 23
15, 26, 24
25, 68, 26
23, 28, 27
19, 27, 28
18, 16, 15
30, 69, 31
33, 39, 34
36, 70, 37
39, 71, 40
41, 72, 39
34, 40, 42
35, 42, 43
11, 67, 33
38, 33, 35
44, 49, 45
46, 45, 47
49, 52, 50
52, 61, 53
50, 53, 54
55, 57, 56
57, 58, 47
58, 73, 48
59, 60, 55
60, 59, 53
51, 56, 47
30, 32, 62
74, 75, 76
77, 78, 79
80, 81, 82
83, 84, 85
86, 87, 80
82, 88, 74
76, 89, 90
85, 91, 77
74, 85, 82
92, 93, 94
95, 96, 92
97, 98, 95
99, 100, 97
101, 102, 103
94, 104, 105
106, 107, 108
106, 109, 110
111, 109, 112
113, 114, 111
113, 112, 106
108, 115, 116
117, 118, 119
120, 121, 117
120, 122, 123
124, 122, 125
124, 120, 117
119, 126, 127
128, 118, 121
129, 126, 118
122, 130, 123
130, 121, 123
131, 132, 122
130, 133, 128
134, 135, 136
137, 105, 138
139, 97, 140
140, 95, 141
141, 92, 142
142, 94, 137
143, 144, 145
146, 147, 148
149, 150, 151
152, 153, 154
155, 156, 150
157, 151, 144
158, 145, 159
160, 154, 147
147, 154, 151
161, 162, 163
164, 165, 162
166, 167, 165
168, 99, 167
104, 163, 105
169, 170, 171
172, 173, 170
174, 175, 173
176, 113, 175
170, 113, 116
115, 171, 116
177, 178, 179
180, 181, 178
182, 183, 181
184, 124, 183
178, 124, 127
126, 179, 127
177, 185, 180
126, 186, 177
184, 187, 188
180, 187, 182
131, 188, 189
133, 189, 187
190, 191, 192
192, 193, 134
136, 194, 190
105, 195, 138
167, 139, 196
165, 196, 197
162, 197, 198
163, 198, 195
199, 200, 201
202, 203, 204
205, 206, 202
207, 208, 205
204, 209, 207
210, 211, 212
213, 214, 215
74, 88, 75
77, 91, 78
80, 87, 81
83, 216, 84
86, 217, 87
82, 81, 88
76, 75, 89
85, 84, 91
79, 86, 80
79, 80, 77
76, 90, 83
74, 76, 85
77, 80, 82
76, 83, 85
77, 82, 85
92, 96, 93
95, 98, 96
97, 100, 98
99, 218, 100
219, 103, 220
221, 222, 103
223, 224, 101
101, 225, 102
102, 220, 103
103, 222, 223
223, 101, 103
94, 93, 104
106, 110, 107
106, 112, 109
111, 114, 109
113, 226, 114
106, 108, 116
116, 113, 106
111, 112, 113
108, 107, 115
117, 121, 118
120, 123, 121
120, 125, 122
124, 131, 122
117, 119, 127
127, 124, 117
125, 120, 124
119, 118, 126
128, 129, 118
129, 133, 126
122, 132, 130
130, 128, 121
131, 189, 132
129, 128, 133
130, 132, 189
189, 133, 130
134, 193, 135
137, 94, 105
139, 99, 97
140, 97, 95
141, 95, 92
142, 92, 94
143, 157, 144
146, 160, 147
149, 155, 150
152, 227, 153
155, 228, 156
157, 149, 151
158, 143, 145
160, 152, 154
153, 159, 145
153, 145, 154
150, 156, 148
151, 150, 147
154, 145, 144
150, 148, 147
154, 144, 151
161, 164, 162
164, 166, 165
166, 168, 167
168, 218, 99
104, 161, 163
169, 172, 170
172, 174, 173
174, 176, 175
176, 226, 113
116, 171, 170
170, 173, 113
175, 113, 173
115, 169, 171
177, 180, 178
180, 182, 181
182, 184, 183
184, 131, 124
127, 179, 178
178, 181, 124
183, 124, 181
126, 177, 179
177, 186, 185
126, 133, 186
184, 182, 187
180, 185, 187
131, 184, 188
187, 185, 133
186, 133, 185
189, 188, 187
190, 194, 191
192, 191, 193
136, 135, 194
105, 163, 195
167, 99, 139
165, 167, 196
162, 165, 197
163, 162, 198
201, 229, 199
199, 230, 200
202, 206, 203
205, 208, 206
207, 209, 208
204, 203, 209
212, 231, 232
232, 233, 210
210, 234, 211
233, 235, 210
236, 212, 237
211, 237, 212
232, 210, 212
215, 238, 213
213, 239, 214
