# Project Zomboid Skinned Mesh
# File Version:
1.0
# Model Name:
Cube
# Vertex Stride Element Count:
3
# Vertex Stride Size (in bytes):
76
# Vertex Stride Data:
# (Int)    Offset
# (String) Type
0
VertexArray
12
NormalArray
24
TextureCoordArray
# Vertex Count:
242
# Vertex Buffer:
0.01121199, 0.31839484, 0.00285589
0.87636954, 0.22974333, 0.42323068
0.85383183, 0.72310629
0.01121194, 0.1948141, -0.00535227
0.71886349, -0.03750725, -0.69411296
0.6323387, 0.70839494
0.01121203, 0.32988811, -0.00535227
0.53889585, 0.82512891, -0.16940825
0.87443131, 0.70839494
0.0081803, 0.32988811, -0.00535227
0.05566576, 0.96560562, -0.25388348
0.88018298, 0.70897958
0.01121199, 0.19481413, 0.01252066
0.92397839, 0.02584918, 0.38148138
0.63233894, 0.74042839
0.01121186, 0.15372361, -0.00535219
0.91348004, 0.0, -0.40681174
0.55869269, 0.708395
0.0, 0.22610004, -0.00858728
0.0, -0.05148473, -0.99865717
0.68841237, 0.70259684
0.0, 0.19481413, -0.00535227
0.0, -0.05148473, -0.99865717
0.6323387, 0.70839494
0.0081803, 0.31839484, 0.00592773
0.34430984, 0.37095249, 0.8624531
0.8566674, 0.73156908
0.01028641, 0.15372361, -0.00369138
0.47764519, -0.07928709, 0.87493515
0.0169012, 0.24170667
0.01328574, 0.24366663, -0.00903954
0.9238258, 0.01001007, 0.38264108
0.17525518, 0.2322188
0.00959846, 0.24366663, -0.00535227
0.38264108, 0.01001007, 0.9238258
0.17525518, 0.24170667
0.0149466, 0.15372361, -0.01494206
0.91265601, -0.16364025, -0.3744621
0.0169012, 0.22275174
0.00959846, 0.24366663, -0.01794137
0.38264108, 0.01001007, -0.9238258
0.17525518, 0.21330947
0.01328572, 0.24366663, -0.01425409
0.9238258, 0.01001007, -0.38264108
0.17525518, 0.22275174
0.0, 0.15372361, -0.01494206
0.0, 0.58281195, -0.81258583
0.0169012, 0.27499777
0.00069661, 0.24366663, -0.00903954
-0.92403942, 0.00503555, 0.3822138
0.17525518, 0.260728
0.00069661, 0.24366663, -0.01425409
-0.70809048, 0.00543229, -0.70607626
0.17525518, 0.27499777
0.0149466, 0.15372361, -0.00835157
0.91265601, -0.16364025, 0.3744621
0.0169012, 0.2322188
0.0, 0.15372361, -0.00835157
0.0, 0.03985717, 0.99917603
0.0169012, 0.260728
0.00438388, 0.24366663, -0.00535227
-0.38377026, 0.00802637, 0.92336804
0.17525518, 0.25120801
0.01028641, 0.15372361, -0.01960224
0.38636434, -0.14368114, -0.91106904
0.0169012, 0.21330947
0.00438388, 0.24366663, -0.01794137
-0.38377026, 0.00802637, -0.92336804
0.17525518, 0.20412868
0.00369592, 0.15372361, -0.00369138
-0.43470564, 0.01992859, 0.90032655
0.0169012, 0.25120801
0.0, 0.15372361, -0.01494206
0.0, 0.58281195, -0.81258583
0.0169012, 0.19497526
0.00069661, 0.24366663, -0.01425409
-0.70809048, 0.00543229, -0.70607626
0.17525518, 0.19497526
0.01357995, 0.22610004, -0.00858728
0.883816, -0.05587939, -0.46446121
0.68841237, 0.70259684
0.0, 0.31392497, -0.00858728
0.0, 0.09979553, -0.99499494
0.84582061, 0.70259684
0.01358003, 0.31392497, -0.00858728
0.87542343, 0.10614338, -0.47154149
0.84582061, 0.70259684
0.0, 0.32988811, -0.00535227
0.0, 0.95880002, -0.28406629
0.89684749, 0.71142712
0.0, 0.1537237, -0.00535219
0.0, 0.0, -1.0
0.55869269, 0.708395
0.0, 0.13475506, 0.01899808
0.0, 0.11362041, 0.99349958
0.52635503, 0.76845402
0.00818036, 0.19481413, 0.0155925
0.38425854, 0.06198309, 0.92110968
0.63247293, 0.74849105
0.0, 0.19481413, 0.0155925
0.0, 0.06729332, 0.99771112
0.63342333, 0.76344684
0.0, 0.13475506, -0.01378943
0.0, -0.25858334, -0.96597189
0.52469534, 0.677333
0.00818037, 0.14349447, -0.01682208
0.33793145, -0.30393383, -0.89071321
0.5403589, 0.68783754
0.00818037, 0.13475506, -0.01378943
0.33185828, -0.24713889, -0.91036713
0.52469534, 0.69121605
0.0, 0.09140524, -0.00549135
0.0, -0.25693533, -0.96639913
0.44699952, 0.69170937
0.00818038, 0.09140509, -0.00549135
0.32364878, -0.24030274, -0.91512805
0.44699952, 0.70577535
0.0, 0.01934081, 0.06031923
0.0, 0.49095127, 0.87115085
0.32356599, 0.84407225
0.00818036, 0.05254441, 0.06351187
0.32258064, 0.47022921, 0.82146674
0.37817407, 0.83188668
0.0, 0.05254441, 0.06351187
0.0, 0.53263956, 0.84630877
0.38574409, 0.84345081
0.01028641, 0.15372361, -0.01960224
0.38636434, -0.14368114, -0.91106904
0.55869269, 0.68285471
0.01121199, 0.14349447, -0.0137905
0.88204598, -0.24790186, -0.40064698
0.5403589, 0.6932711
0.0149466, 0.15372361, -0.00835157
0.91265601, -0.16364025, 0.3744621
0.55869269, 0.70301926
0.0149466, 0.15372361, -0.01494206
0.91265601, -0.16364025, -0.3744621
0.55869269, 0.69120717
0.01028641, 0.15372361, -0.00369138
0.47764519, -0.07928709, 0.87493515
0.55869269, 0.708395
0.01121199, 0.14349447, -0.00950313
0.99087495, -0.11990722, 0.0614948
0.5403589, 0.70095533
0.01121199, 0.13475506, -0.01131555
0.90755945, -0.10278634, -0.4070864
0.52469534, 0.69770688
0.0, 0.15372361, -0.01960224
0.0, 0.60731834, -0.79442734
0.56745052, 0.67309126
0.0, 0.15372361, -0.01494206
0.0, 0.58281195, -0.81258583
0.55869269, 0.67309126
0.00369592, 0.15372361, -0.01960224
-0.41163367, 0.32193977, -0.85256505
0.55869269, 0.68099797
0.0, 0.15372361, -0.01960224
0.0, 0.60731834, -0.79442734
0.55869269, 0.66730699
0.0, 0.14349447, -0.01682208
0.0, -0.29520553, -0.95541245
0.5403589, 0.67405686
0.01121192, 0.09140509, -0.00301746
0.89178139, -0.11941893, -0.43635365
0.44699952, 0.71257955
0.00818039, 0.04301955, 0.01111326
0.36252937, 0.47044283, -0.80449843
0.35923734, 0.73456207
0.01121192, 0.07841462, 0.02566332
0.93386638, 0.10654011, 0.34131902
0.42371663, 0.76398399
0.01121184, 0.04207188, 0.01308265
0.86535233, 0.50108343, -0.00643941
0.35857981, 0.74143568
0.0, 0.07841462, 0.02873521
0.0, 0.31693473, 0.94842374
0.43000087, 0.78373498
0.00818036, 0.06225796, 0.0370214
0.26310006, 0.77047026, 0.58058411
0.39754513, 0.7875993
0.00818036, 0.07841462, 0.02873521
0.38447219, 0.30179754, 0.87237161
0.4249289, 0.77103749
0.01121199, 0.13475506, 0.0159262
0.92938018, 0.0408948, 0.36677146
0.52469534, 0.74653217
0.00818036, 0.13475506, 0.01899808
0.38917202, 0.10583819, 0.91503644
0.52485055, 0.75413284
0.0, 0.04301955, 0.01111326
0.0, 0.74752039, -0.66420484
0.35460058, 0.7202777
0.01121184, 0.05254441, 0.06044001
0.81081575, 0.4165166, 0.41117588
0.37734956, 0.82631406
0.01121184, 0.02083512, 0.05721426
0.63780636, 0.51417583, 0.57338178
0.32051694, 0.82053253
0.0, 0.24366663, -0.01425409
0.0, 0.00381481, -0.99996948
0.17649963, 0.18948293
0.00069661, 0.3352201, -0.01425409
-0.69240391, -0.20279549, -0.69240391
0.33616841, 0.18670189
0.00069661, 0.24366663, -0.01425409
-0.70809048, 0.00543229, -0.70607626
0.17648005, 0.18669581
0.0, 0.15372361, -0.01494206
0.0, 0.58281195, -0.81258583
0.0169012, 0.19154781
0.01121188, 0.06225765, 0.03394952
0.93481249, 0.23865475, 0.26294747
0.39475882, 0.77883527
0.0, 0.06225796, 0.03702141
0.0, 0.74901575, 0.66249579
0.40800229, 0.79786441
0.00379732, 0.11541398, 0.03877927
0.90243232, 0.2732017, -0.33301798
0.49003029, 0.81405398
0.0, 0.13847195, 0.03670996
0.0, -0.7021088, -0.71202737
0.52724713, 0.80642527
0.00379732, 0.13847195, 0.03670996
0.8811304, -0.33198035, -0.3366802
0.53135705, 0.81034517
0.00379732, 0.14275841, 0.04025736
0.58885461, 0.58397168, 0.55873287
0.53903961, 0.81670311
0.00379732, 0.11556177, 0.04365693
0.63374734, -0.18939787, 0.74996185
0.49029523, 0.8227962
0.00275527, 0.10018963, -0.01546627
0.5741142, -0.59138769, -0.56620991
0.59253633, 0.31948775
0.00275528, 0.14495899, -0.01503922
0.117893, 0.00946074, -0.9929502
0.69973403, 0.33790255
0.00275527, 0.10063308, -0.00711098
0.6774804, -0.73448896, 0.03897214
0.57903779, 0.33790255
0.00379732, 0.1445321, 0.01818743
0.67378765, 0.73650318, 0.05917539
0.54221863, 0.77714732
0.0, 0.14275841, 0.04025736
0.0, 0.72252572, 0.69130528
0.54386401, 0.82133466
0.0, 0.14037172, 0.01842979
0.0, -0.99462873, -0.10336619
0.52982962, 0.77720949
0.00379732, 0.14037172, 0.01842979
0.7408368, -0.66808069, -0.06942961
0.53476208, 0.77758166
0.00379732, 0.11364757, 0.0223555
0.69450974, 0.71532333, -0.07690664
0.48686463, 0.78461775
0.0, 0.11541398, 0.03877927
0.0, 0.6342662, -0.77309489
0.49467888, 0.80883396
0.0, 0.14495899, -0.01503922
0.0, 0.00952177, -0.99993896
0.70120972, 0.32886505
0.0, 0.11556177, 0.04365693
0.0, -0.24484999, 0.9695425
0.48902878, 0.83021146
0.0, 0.10018963, -0.01546627
0.0, -0.72231209, -0.69154942
0.58871037, 0.31200278
0.0, 0.09087777, 0.02606777
0.0, -0.58030945, 0.81438643
0.44146201, 0.79786441
0.00379732, 0.09087777, 0.02606777
0.44508195, -0.51963866, 0.72927028
0.44605434, 0.79127124
0.01121184, 0.04207188, 0.01308265
0.86535233, 0.50108343, -0.00643941
0.48775995, 0.84197409
0.0, 0.04301955, 0.01111326
0.0, 0.74752039, -0.66420484
0.46816128, 0.8381536
0.01121184, 0.02083512, 0.05721426
0.63780636, 0.51417583, 0.57338178
0.48775995, 0.92758512
0.00818036, 0.01934081, 0.06031923
0.23752555, 0.4552446, 0.85808891
0.31871879, 0.82927784
0.0, 0.31839484, 0.00592773
0.0, 0.41416669, 0.91018403
0.86658764, 0.74763951
0.01328572, 0.3352201, -0.01425409
0.71727651, -0.63023776, -0.29709768
0.33644438, 0.22275174
0.01328574, 0.3352201, -0.00903954
0.71727651, -0.63023776, 0.29709768
0.33644438, 0.2322188
0.00959846, 0.3352201, -0.01794137
0.29709768, -0.63023776, -0.71727651
0.33644438, 0.21330941
0.00959846, 0.3352201, -0.00535227
0.29709768, -0.63023776, 0.71727651
0.33644438, 0.24170667
0.00438388, 0.3352201, -0.01794137
-0.29709768, -0.63023776, -0.71727651
0.33644438, 0.20412868
0.00069661, 0.3352201, -0.01425409
-0.69240391, -0.20279549, -0.69240391
0.33644438, 0.19497526
0.00438388, 0.3352201, -0.00535227
-0.29709768, -0.63023776, 0.71727651
0.33644438, 0.25120801
0.00069661, 0.3352201, -0.00903954
-0.94692832, -0.2773217, -0.16245003
0.33644438, 0.260728
0.00069661, 0.3352201, -0.01425409
-0.69240391, -0.20279549, -0.69240391
0.33644438, 0.27499777
0.00959846, 0.3352201, -0.00535227
0.29709768, -0.63023776, 0.71727651
0.69865835, 0.08603513
0.00069661, 0.3352201, -0.00903954
-0.94692832, -0.2773217, -0.16245003
0.71897662, 0.07761902
0.01328572, 0.3352201, -0.01425409
0.71727651, -0.63023776, -0.29709768
0.69024229, 0.06571692
0.00069661, 0.3352201, -0.01425409
-0.69240391, -0.20279549, -0.69240391
0.71897662, 0.06571692
0.0, 0.3352201, -0.00903954
0.0, 0.70708334, -0.70708334
0.72056657, 0.07761902
0.00069661, 0.31392497, -0.00903954
0.0, 0.0, -0.99996948
0.27970731, 0.18790287
0.0, 0.3352201, -0.00903954
0.0, 0.70708334, -0.70708334
0.33612645, 0.18974853
0.00069661, 0.3352201, -0.00903954
-0.94692832, -0.2773217, -0.16245003
0.33612645, 0.18790293
-0.01121199, 0.31839484, 0.00285589
-0.87636954, 0.22974333, 0.42323068
0.85383183, 0.57850772
-0.01121194, 0.1948141, -0.00535227
-0.71886349, -0.03750725, -0.69411296
0.6323387, 0.59321904
-0.01121199, 0.19481413, 0.01252066
-0.92397839, 0.02584918, 0.38148138
0.63233894, 0.5611856
-0.0081803, 0.32988811, -0.00535227
-0.05566576, 0.96560562, -0.25388348
0.88018298, 0.59263432
-0.01121203, 0.32988811, -0.00535227
-0.53889585, 0.82512891, -0.16940825
0.87443131, 0.59321904
-0.01121186, 0.15372361, -0.00535219
-0.91348004, 0.0, -0.40681174
0.55869269, 0.59321898
-0.01121199, 0.13475506, 0.0159262
-0.92938018, 0.0408948, 0.36677146
0.52469534, 0.55508181
0.0, 0.22610004, -0.00858728
0.0, -0.05148473, -0.99865717
0.68841237, 0.59901714
0.0, 0.19481413, -0.00535227
0.0, -0.05148473, -0.99865717
0.6323387, 0.59321904
-0.0081803, 0.31839484, 0.00592773
-0.34430984, 0.37095249, 0.8624531
0.8566674, 0.57004488
-0.01328574, 0.24366663, -0.00903954
-0.9238258, 0.01001007, 0.38264108
0.17525518, 0.2322188
-0.01028641, 0.15372361, -0.00369138
-0.47764519, -0.07928709, 0.87493515
0.0169012, 0.24170667
-0.00959846, 0.24366663, -0.00535227
-0.38264108, 0.01001007, 0.9238258
0.17525518, 0.24170667
-0.00959846, 0.24366663, -0.01794137
-0.38264108, 0.01001007, -0.9238258
0.17525518, 0.21331072
-0.0149466, 0.15372361, -0.01494206
-0.91265601, -0.16364025, -0.3744621
0.0169012, 0.22275174
-0.01328572, 0.24366663, -0.01425409
-0.9238258, 0.01001007, -0.38264108
0.17525518, 0.22275174
-0.00069661, 0.24366663, -0.00903954
0.92403942, 0.00503555, 0.3822138
0.17525518, 0.260728
-0.00069661, 0.24366663, -0.01425409
0.70809048, 0.00543229, -0.70607626
0.17525518, 0.27499777
-0.0149466, 0.15372361, -0.00835157
-0.91265601, -0.16364025, 0.3744621
0.0169012, 0.2322188
-0.00438388, 0.24366663, -0.00535227
0.38377026, 0.00802637, 0.92336804
0.17525518, 0.25120801
-0.00438388, 0.24366663, -0.01794137
0.38377026, 0.00802637, -0.92336804
0.17525518, 0.20412999
-0.01028641, 0.15372361, -0.01960224
-0.38636434, -0.14368114, -0.91106904
0.0169012, 0.21331066
-0.00369592, 0.15372361, -0.00369138
0.43470564, 0.01992859, 0.90032655
0.0169012, 0.25120801
-0.00369592, 0.15372361, -0.01960224
0.41163367, 0.32193977, -0.85256505
0.0169012, 0.20412999
0.0, 0.31392497, -0.00858728
0.0, 0.09979553, -0.99499494
0.84582061, 0.59901714
-0.01357995, 0.22610004, -0.00858728
-0.883816, -0.05587939, -0.46446121
0.68841237, 0.59901714
-0.01358003, 0.31392497, -0.00858728
-0.87542343, 0.10614338, -0.47154149
0.84582061, 0.59901714
0.0, 0.1537237, -0.00535219
0.0, 0.0, -1.0
0.55869269, 0.59321898
-0.00818036, 0.19481413, 0.0155925
-0.38425854, 0.06198309, 0.92110968
0.63247293, 0.55312288
0.0, 0.13475506, 0.01899808
0.0, 0.11362041, 0.99349958
0.52635503, 0.53315991
0.0, 0.19481413, 0.0155925
0.0, 0.06729332, 0.99771112
0.63342333, 0.53816724
-0.00818037, 0.14349447, -0.01682208
-0.33793145, -0.30393383, -0.89071321
0.5403589, 0.61377645
0.0, 0.13475506, -0.01378943
0.0, -0.25858334, -0.96597189
0.52469528, 0.62428099
-0.00818037, 0.13475506, -0.01378943
-0.33185828, -0.24713889, -0.91036713
0.52469528, 0.61039793
0.0, 0.09140524, -0.00549135
0.0, -0.25693533, -0.96639913
0.44699952, 0.60990462
-0.00818038, 0.09140509, -0.00549135
-0.32364878, -0.24030274, -0.91512805
0.44699952, 0.59583861
-0.00818036, 0.05254441, 0.06351187
-0.32258064, 0.47022921, 0.82146674
0.37817407, 0.46972728
0.0, 0.01934081, 0.06031923
0.0, 0.49095127, 0.87115085
0.32356632, 0.45754254
0.0, 0.05254441, 0.06351187
0.0, 0.53263956, 0.84630877
0.38574412, 0.45816314
-0.01028641, 0.15372361, -0.01960224
-0.38636434, -0.14368114, -0.91106904
0.55869269, 0.61875927
-0.01121199, 0.14349447, -0.0137905
-0.88204598, -0.24790186, -0.40064698
0.5403589, 0.60834289
-0.0149466, 0.15372361, -0.01494206
-0.91265601, -0.16364025, -0.3744621
0.55869269, 0.61040682
-0.0149466, 0.15372361, -0.00835157
-0.91265601, -0.16364025, 0.3744621
0.55869269, 0.59859473
-0.01121199, 0.14349447, -0.00950313
-0.99087495, -0.11990722, 0.0614948
0.5403589, 0.60065866
-0.01028641, 0.15372361, -0.00369138
-0.47764519, -0.07928709, 0.87493515
0.55869269, 0.59321898
-0.01121199, 0.13475506, -0.01131555
-0.90755945, -0.10278634, -0.4070864
0.52469534, 0.60390711
0.0, 0.15372361, -0.01960224
0.0, 0.60731834, -0.79442734
0.56745052, 0.62784562
-0.00369592, 0.15372361, -0.01960224
0.41163367, 0.32193977, -0.85256505
0.55869269, 0.62003455
0.0, 0.15372361, -0.01494206
0.0, 0.58281195, -0.81258583
0.55869269, 0.62784562
0.0, 0.15372361, -0.01960224
0.0, 0.60731834, -0.79442734
0.55869269, 0.634307
0.0, 0.14349447, -0.01682208
0.0, -0.29520553, -0.95541245
0.5403589, 0.62755713
-0.01121192, 0.09140509, -0.00301746
-0.89178139, -0.11941893, -0.43635365
0.44699952, 0.58903444
-0.00818039, 0.04301955, 0.01111326
-0.36252937, 0.47044283, -0.80449843
0.35923734, 0.56705195
-0.01121184, 0.04207188, 0.01308265
-0.86535233, 0.50108343, -0.00643941
0.35857981, 0.56017834
-0.01121192, 0.07841462, 0.02566332
-0.93386638, 0.10654011, 0.34131902
0.42371663, 0.53763002
-0.01121188, 0.06225765, 0.03394952
-0.93481249, 0.23865475, 0.26294747
0.39475882, 0.52277875
0.0, 0.07841462, 0.02873521
0.0, 0.31693473, 0.94842374
0.43000084, 0.51787901
-0.00818036, 0.06225796, 0.0370214
-0.26310006, 0.77047026, 0.58058411
0.3975451, 0.51401472
0.0, 0.06225796, 0.03702141
0.0, 0.74901575, 0.66249579
0.40800229, 0.50374961
-0.00818036, 0.13475506, 0.01899808
-0.38917202, 0.10583819, 0.91503644
0.52485055, 0.54748112
0.0, 0.04301955, 0.01111326
0.0, 0.74752039, -0.66420484
0.35460058, 0.58133632
-0.01121184, 0.05254441, 0.06044001
-0.81081575, 0.4165166, 0.41117588
0.37734956, 0.47529995
-0.01121184, 0.02083512, 0.05721426
-0.63780636, 0.51417583, 0.57338178
0.32051694, 0.48108149
-0.00069661, 0.3352201, -0.01425409
0.69240391, -0.20279549, -0.69240391
0.3361764, 0.18670392
-0.00069661, 0.24366663, -0.01425409
0.70809048, 0.00543229, -0.70607626
0.1764801, 0.18669367
0.0, 0.15372361, -0.01494206
0.0, 0.58281195, -0.81258583
0.0169012, 0.19155324
0.0, 0.13847195, 0.03670996
0.0, -0.7021088, -0.71202737
0.52724713, 0.49518877
-0.00379732, 0.11541398, 0.03877927
-0.90243232, 0.2732017, -0.33301798
0.49003029, 0.48756003
-0.00379732, 0.13847195, 0.03670996
-0.8811304, -0.33198035, -0.3366802
0.53135705, 0.49126887
-0.00379732, 0.11556177, 0.04365693
-0.63374734, -0.18939787, 0.74996185
0.49029523, 0.47881782
-0.00275527, 0.10018963, -0.01546627
-0.5741142, -0.59138769, -0.56620991
0.59253633, 0.31948775
-0.00275527, 0.10063308, -0.00711098
-0.6774804, -0.73448896, 0.03897214
0.57903779, 0.33790255
-0.00275528, 0.14495899, -0.01503922
-0.117893, 0.00946074, -0.9929502
0.69973403, 0.33790255
0.0, 0.14275841, 0.04025736
0.0, 0.72252572, 0.69130528
0.54386401, 0.48027939
-0.00379732, 0.1445321, 0.01818743
-0.67378765, 0.73650318, 0.05917539
0.54221863, 0.52446669
-0.00379732, 0.14275841, 0.04025736
-0.58885461, 0.58397168, 0.55873287
0.53903961, 0.48491091
0.0, 0.14037172, 0.01842979
0.0, -0.99462873, -0.10336619
0.52982962, 0.52440453
-0.00379732, 0.14037172, 0.01842979
-0.7408368, -0.66808069, -0.06942961
0.53476208, 0.52403235
0.0, 0.11541398, 0.03877927
0.0, 0.6342662, -0.77309489
0.49467891, 0.49278003
-0.00379732, 0.11364757, 0.0223555
-0.69450974, 0.71532333, -0.07690664
0.48686463, 0.51699626
0.0, 0.11556177, 0.04365693
0.0, -0.24484999, 0.9695425
0.48902875, 0.47140253
0.0, 0.09087777, 0.02606777
0.0, -0.58030945, 0.81438643
0.44146201, 0.50374961
-0.00379732, 0.09087777, 0.02606777
-0.44508195, -0.51963866, 0.72927028
0.44605434, 0.51034278
0.0, 0.01934081, 0.06031923
0.0, 0.49095127, 0.87115085
0.46816123, 0.93360841
-0.01121184, 0.02083512, 0.05721426
-0.63780636, 0.51417583, 0.57338178
0.44856244, 0.92758507
-0.00818036, 0.01934081, 0.06031923
-0.23752555, 0.4552446, 0.85808891
0.31871909, 0.47233701
0.0, 0.31839484, 0.00592773
0.0, 0.41416669, 0.91018403
0.86658764, 0.55397439
-0.00818036, 0.07841462, 0.02873521
-0.38447219, 0.30179754, 0.87237161
0.4249289, 0.53057653
0.0, 0.32988811, -0.00535227
0.0, 0.95880002, -0.28406629
0.89684749, 0.59018672
-0.01328572, 0.3352201, -0.01425409
-0.71727651, -0.63023776, -0.29709768
0.33644438, 0.22275174
-0.01328574, 0.3352201, -0.00903954
-0.71727651, -0.63023776, 0.29709768
0.33644438, 0.2322188
-0.00959846, 0.3352201, -0.01794137
-0.29709768, -0.63023776, -0.71727651
0.33644438, 0.21331072
-0.00959846, 0.3352201, -0.00535227
-0.29709768, -0.63023776, 0.71727651
0.33644438, 0.24170667
-0.00438388, 0.3352201, -0.01794137
0.29709768, -0.63023776, -0.71727651
0.33644438, 0.20413005
-0.00069661, 0.3352201, -0.01425409
0.69240391, -0.20279549, -0.69240391
0.33644438, 0.19497526
-0.00438388, 0.3352201, -0.00535227
0.29709768, -0.63023776, 0.71727651
0.33644438, 0.25120801
-0.00069661, 0.3352201, -0.00903954
0.94692832, -0.2773217, -0.16245003
0.33644438, 0.260728
-0.00069661, 0.3352201, -0.01425409
0.69240391, -0.20279549, -0.69240391
0.33644438, 0.27499777
-0.00438388, 0.3352201, -0.00535227
0.29709768, -0.63023776, 0.71727651
0.7105605, 0.08603513
-0.00959846, 0.3352201, -0.00535227
-0.29709768, -0.63023776, 0.71727651
0.69865841, 0.08603513
-0.01328572, 0.3352201, -0.01425409
-0.71727651, -0.63023776, -0.29709768
0.69024235, 0.06571692
-0.00069661, 0.3352201, -0.01425409
0.69240391, -0.20279549, -0.69240391
0.71897668, 0.06571692
-0.00069661, 0.3352201, -0.00903954
0.94692832, -0.2773217, -0.16245003
0.71897668, 0.07761902
0.0, 0.3352201, -0.00903954
0.0, 0.70708334, -0.70708334
0.33614975, 0.18781203
-0.00069661, 0.31392497, -0.00903954
0.0, 0.0, -0.99996948
0.27973074, 0.18965769
-0.00069661, 0.3352201, -0.00903954
0.94692832, -0.2773217, -0.16245003
0.33614975, 0.18965763
0.00369592, 0.15372361, -0.01960224
-0.41163367, 0.32193977, -0.85256505
0.0169012, 0.20412999
0.0, 0.3352201, -0.01425409
0.0, 0.70708334, -0.70708334
0.3361879, 0.18948895
0.0, 0.1445321, 0.01818743
0.0, 0.99676502, 0.08008057
0.54962748, 0.77813578
0.0, 0.11364757, 0.0223555
0.0, 0.99426252, -0.10690634
0.49254432, 0.78412706
0.0, 0.10063308, -0.00711098
0.0, -0.99856561, 0.05298013
0.57228959, 0.33249515
0.00818036, 0.01934081, 0.06031923
0.23752555, 0.4552446, 0.85808891
0.4824608, 0.93360841
0.00818039, 0.04301955, 0.01111326
0.36252937, 0.47044283, -0.80449843
0.48246086, 0.8381536
0.00438388, 0.3352201, -0.01794137
-0.29709768, -0.63023776, -0.71727651
0.7105605, 0.05730081
0.00959846, 0.3352201, -0.01794137
0.29709768, -0.63023776, -0.71727651
0.69865835, 0.05730081
0.01328574, 0.3352201, -0.00903954
0.71727651, -0.63023776, 0.29709768
0.69024229, 0.07761902
0.00438388, 0.3352201, -0.00535227
-0.29709768, -0.63023776, 0.71727651
0.7105605, 0.08603513
0.0, 0.3352201, -0.01425409
0.0, 0.70708334, -0.70708334
0.72056657, 0.06571692
0.0, 0.31392497, -0.00903954
0.0, 0.0, -1.0
0.27970731, 0.18974853
-0.00069661, 0.24366663, -0.01425409
0.70809048, 0.00543229, -0.70607626
0.17525518, 0.19497526
0.0, 0.1445321, 0.01818743
0.0, 0.99676502, 0.08008057
0.54962748, 0.52347821
0.0, 0.11364757, 0.0223555
0.0, 0.99426252, -0.10690634
0.49254432, 0.51748693
-0.01121184, 0.04207188, 0.01308265
-0.86535233, 0.50108343, -0.00643941
0.44856262, 0.84197412
-0.00818036, 0.01934081, 0.06031923
-0.23752555, 0.4552446, 0.85808891
0.45386165, 0.93360841
-0.00818039, 0.04301955, 0.01111326
-0.36252937, 0.47044283, -0.80449843
0.45386165, 0.83815368
-0.00959846, 0.3352201, -0.01794137
-0.29709768, -0.63023776, -0.71727651
0.69865841, 0.05730081
-0.00438388, 0.3352201, -0.01794137
0.29709768, -0.63023776, -0.71727651
0.7105605, 0.05730081
-0.01328574, 0.3352201, -0.00903954
-0.71727651, -0.63023776, 0.29709768
0.69024229, 0.07761902
0.0, 0.31392497, -0.00903954
0.0, 0.0, -1.0
0.27973074, 0.18781203
# Number of Faces:
288
# Face Data:
0, 1, 2
3, 0, 2
4, 5, 1
6, 1, 7
8, 4, 0
9, 10, 11
12, 13, 14
15, 16, 17
18, 14, 10
19, 20, 16
21, 22, 13
23, 11, 20
22, 24, 25
26, 27, 28
26, 2, 1
27, 29, 3
1, 30, 7
31, 32, 33
34, 35, 36
37, 36, 38
39, 40, 41
42, 43, 35
44, 43, 45
44, 46, 47
35, 43, 48
49, 50, 51
52, 35, 53
54, 55, 38
56, 57, 54
58, 59, 60
48, 36, 35
5, 61, 47
48, 47, 61
58, 62, 31
61, 54, 48
48, 38, 36
63, 38, 55
64, 65, 57
66, 67, 68
68, 69, 66
70, 64, 57
41, 59, 71
72, 73, 74
74, 75, 76
77, 78, 79
80, 81, 75
74, 82, 83
84, 85, 72
77, 86, 78
75, 87, 76
79, 88, 77
76, 89, 90
91, 92, 93
65, 40, 94
95, 32, 8
61, 32, 62
64, 59, 40
70, 60, 59
56, 62, 60
29, 8, 3
10, 96, 97
14, 98, 96
11, 97, 99
13, 100, 98
22, 101, 100
16, 102, 103
17, 103, 104
20, 99, 102
105, 106, 107
108, 109, 106
110, 111, 112
113, 114, 115
113, 116, 117
115, 118, 119
114, 120, 121
115, 122, 113
123, 124, 125
126, 127, 128
129, 15, 130
128, 131, 123
132, 19, 129
133, 134, 126
125, 135, 132
133, 24, 136
137, 138, 139
117, 138, 114
116, 137, 139
114, 140, 118
141, 142, 143
144, 145, 146
146, 147, 148
149, 150, 151
152, 153, 154
153, 155, 154
155, 156, 157
144, 158, 153
159, 160, 161
144, 162, 163
164, 165, 166
167, 166, 168
169, 170, 171
158, 144, 146
118, 156, 119
158, 156, 153
172, 169, 142
119, 164, 167
158, 148, 164
148, 173, 165
174, 166, 175
176, 66, 177
177, 66, 178
168, 166, 174
170, 151, 171
179, 180, 181
182, 181, 180
183, 184, 185
186, 187, 188
189, 181, 190
191, 192, 180
86, 183, 185
193, 188, 182
88, 184, 183
194, 182, 195
196, 92, 197
149, 175, 198
141, 199, 122
141, 119, 172
170, 174, 149
200, 168, 170
172, 167, 200
122, 201, 116
202, 123, 203
204, 128, 202
203, 125, 205
206, 126, 204
207, 133, 206
208, 129, 209
209, 130, 210
205, 132, 208
211, 212, 213
109, 214, 215
216, 217, 218
0, 4, 1
3, 8, 0
4, 61, 5
6, 26, 1
8, 32, 4
9, 18, 10
12, 21, 13
15, 19, 16
18, 12, 14
19, 23, 20
21, 219, 22
23, 9, 11
22, 219, 24
26, 6, 27
26, 28, 2
3, 2, 28
28, 27, 3
1, 5, 30
31, 62, 32
34, 53, 35
37, 34, 36
39, 94, 40
42, 45, 43
44, 47, 43
52, 42, 35
54, 57, 55
56, 70, 57
58, 71, 59
48, 43, 47
58, 60, 62
61, 56, 54
48, 54, 38
63, 37, 38
66, 220, 67
41, 40, 59
72, 85, 73
76, 90, 72
90, 84, 72
83, 80, 74
76, 72, 74
74, 80, 75
80, 221, 81
74, 73, 82
84, 222, 85
77, 88, 86
75, 81, 87
79, 223, 88
76, 87, 89
224, 93, 196
91, 225, 92
92, 196, 93
65, 64, 40
95, 33, 32
61, 4, 32
64, 70, 59
70, 56, 60
56, 61, 62
29, 95, 8
10, 14, 96
14, 13, 98
11, 10, 97
13, 22, 100
22, 25, 101
16, 20, 102
17, 16, 103
20, 11, 99
226, 227, 107
107, 228, 105
105, 229, 106
106, 108, 226
226, 107, 106
108, 230, 109
110, 231, 111
113, 117, 114
113, 122, 116
115, 114, 118
114, 138, 120
115, 141, 122
123, 131, 124
126, 134, 127
129, 19, 15
128, 127, 131
132, 135, 19
133, 136, 134
125, 124, 135
133, 232, 24
137, 120, 138
117, 139, 138
139, 117, 116
116, 201, 137
114, 121, 140
141, 172, 142
144, 163, 145
146, 145, 147
149, 198, 150
152, 144, 153
153, 156, 155
144, 152, 162
164, 148, 165
167, 164, 166
169, 200, 170
158, 119, 156
172, 200, 169
119, 158, 164
158, 146, 148
148, 147, 173
176, 220, 66
170, 149, 151
179, 191, 180
192, 195, 180
188, 187, 181
187, 190, 181
180, 195, 182
188, 181, 182
186, 233, 187
189, 179, 181
191, 234, 192
86, 88, 183
193, 186, 188
88, 223, 184
194, 193, 182
235, 197, 92
236, 196, 197
92, 237, 235
149, 174, 175
141, 143, 199
141, 115, 119
170, 168, 174
200, 167, 168
172, 119, 167
122, 199, 201
202, 128, 123
204, 126, 128
203, 123, 125
206, 133, 126
207, 232, 133
208, 132, 129
209, 129, 130
205, 125, 132
213, 238, 239
239, 214, 215
215, 211, 213
212, 240, 213
213, 239, 215
109, 230, 214
216, 241, 217
