# Project Zomboid Skinned Mesh
# File Version:
1.0
# Model Name:
Cube
# Vertex Stride Element Count:
3
# Vertex Stride Size (in bytes):
76
# Vertex Stride Data:
# (Int)    Offset
# (String) Type
0
VertexArray
12
NormalArray
24
TextureCoordArray
# Vertex Count:
312
# Vertex Buffer:
0.01675005, 0.06508397, -0.01429901
0.85799736, -0.28913236, -0.42451248
0.33794922, 0.83324927
0.01675005, 0.05931775, 0.01826096
0.82943207, -0.55076754, 0.0929899
0.32777125, 0.89072013
0.01675005, 0.05386042, 0.01117096
0.82119203, -0.25199133, 0.51194799
0.31813863, 0.87820578
0.01675012, 0.11869939, 0.0378562
0.85683769, -0.03320414, -0.51448101
0.43258458, 0.92530727
0.01675012, 0.09860246, 0.06144563
0.57734919, -0.57734919, 0.57734919
0.39711189, 0.96694446
0.01675012, 0.09860246, 0.04081907
0.90450758, -0.30146185, 0.30152288
0.39711189, 0.93053699
0.01675005, 0.1108636, -0.06850667
0.63023776, -0.29709768, -0.71727651
0.41875389, 0.7375685
0.01675005, 0.15216666, -0.05757803
0.90450758, 0.30149236, -0.30149236
0.49165702, 0.75685847
0.01675003, 0.09819521, -0.03708845
0.88833278, 0.24872585, 0.38596758
0.39639321, 0.79302418
0.0, -0.01634351, -0.01429901
0.0, 0.70708334, -0.70708334
0.19422331, 0.80674499
0.0, 0.06508397, -0.01429901
0.0, 0.01382488, -0.99987793
0.32933319, 0.81180835
0.01412093, 0.06508397, -0.01429901
-0.21811579, -0.25281534, -0.94259471
0.33794922, 0.83324927
0.01675005, 0.01158849, 0.02275786
0.84081542, 0.53767508, 0.06237983
0.24352559, 0.89865756
0.0, 0.01779473, 0.03679037
0.0, 0.64336067, -0.76552629
0.26997924, 0.9095329
0.01675005, 0.01779473, 0.03679037
0.82067323, 0.36756492, -0.43739128
0.25447989, 0.92342603
0.0, 0.08495715, 0.04081897
0.0, 0.2659688, 0.96395767
0.37147063, 0.95554584
0.01675128, 0.08495715, 0.04081897
0.77217931, 0.1690115, 0.61247599
0.37302697, 0.93053687
0.01675005, 0.08276843, -0.05922533
0.59965819, -0.45045319, -0.66139716
0.36916369, 0.75395089
0.01412093, 0.07461584, -0.03851423
-0.38770714, -0.92120123, -0.03250221
0.35477379, 0.79050756
0.0, 0.08276843, -0.05922533
0.0, -0.56288338, -0.82650226
0.35496825, 0.75395089
0.01675005, 0.05612176, 0.02786046
0.80068362, -0.4578692, -0.38627279
0.32213017, 0.907664
0.0, 0.03254725, 0.04045387
0.0, -0.12329478, -0.99233985
0.28015935, 0.91148591
0.0, 0.05612176, 0.02786046
0.0, -0.76433605, -0.64479506
0.29736027, 0.90282589
0.01675012, 0.04843447, 0.06263592
0.65184486, 0.20169683, 0.73100984
0.30856162, 0.9690454
0.0, 0.04843447, 0.06263592
0.0, 0.2659688, 0.96395767
0.30856162, 0.99429774
0.0, 0.10158238, -0.05922527
0.0, -0.38267159, -0.92385632
0.38721606, 0.75395089
0.01675005, 0.10158238, -0.05922527
0.80416274, -0.22745445, -0.54911953
0.40237159, 0.75395089
0.01675025, 0.03254725, 0.04045387
0.79744864, -0.07437361, -0.59874266
0.28051913, 0.92989242
0.01675012, 0.18316954, 0.03886372
0.58793908, 0.51533556, 0.62346262
0.54637945, 0.92708564
0.0, 0.16528156, 0.03886377
0.0, -0.70708334, 0.70708334
0.51591414, 0.95187545
0.01675012, 0.16528156, 0.03886377
0.57734919, -0.57734919, 0.57734919
0.51480573, 0.9270857
0.0, 0.01216466, 0.06263592
0.0, -0.14334545, 0.98965424
0.24454257, 0.99937212
0.01675012, 0.01216466, 0.06263592
0.6761986, -0.10559404, 0.72908717
0.24454257, 0.96904546
0.0, 0.1108636, -0.06850667
0.0, -0.38267159, -0.92385632
0.40121996, 0.7375685
0.01675005, 0.11265093, 0.01217465
0.8240608, -0.05777154, 0.56349373
0.42190871, 0.87997735
0.0, 0.12742712, 0.02165605
0.0, -0.85274822, 0.52229375
0.43098679, 0.90324712
0.0, 0.11265093, 0.01217465
0.0, -0.10196234, 0.99478132
0.42560413, 0.89991391
0.0167501, 0.18801025, 0.01360337
0.56804103, 0.63432723, -0.52430797
0.55492383, 0.88249916
0.0, 0.18316954, 0.03886372
0.0, 0.63707387, 0.7707755
0.56712872, 0.94974744
0.01675005, -0.03234816, 0.0494634
0.7408368, -0.09628589, 0.66472363
0.1659739, 0.94579494
0.0, -0.03234816, 0.0494634
0.0, -0.14334545, 0.98965424
0.1659739, 0.97884607
0.01675005, 0.1108636, -0.06850667
0.63023776, -0.29709768, -0.71727651
0.41875389, 0.26241928
0.0, 0.15216666, -0.06850667
0.0, 0.70708334, -0.70708334
0.49667221, 0.26241928
0.01675005, 0.15216666, -0.06850667
0.57734919, 0.57734919, -0.57734919
0.49165702, 0.26241928
0.01675012, 0.12829803, 0.03043954
0.83394879, -0.50669879, -0.21845149
0.44952694, 0.91221631
0.01675018, 0.12742712, 0.02165605
0.81945252, -0.4887234, 0.29935607
0.44798982, 0.89671278
0.01675005, 0.17638189, -0.05757803
0.58735925, 0.51863158, -0.62126529
0.53439838, 0.75685847
0.0, 0.1808742, -0.03283511
0.0, 0.99594104, -0.08966338
0.55900276, 0.80053163
0.01675009, 0.1808742, -0.03283511
0.68745995, 0.72325814, -0.0651265
0.54232782, 0.80053163
0.01675005, 0.10021032, 0.0270489
0.87728506, 0.44773704, -0.1727958
0.39995009, 0.90623152
0.0, 0.11869939, 0.0378562
0.0, -0.06439406, -0.99789423
0.42731336, 0.90740103
0.01675005, 0.15216666, -0.06850667
0.57734919, 0.57734919, -0.57734919
0.49165702, 0.7375685
0.0, 0.15216666, -0.05757803
0.0, 0.70708334, -0.70708334
0.49667221, 0.75685847
0.01675003, 0.15953273, -0.02810099
0.88702047, -0.34931487, 0.30185857
0.5046584, 0.80888772
0.0, 0.15953273, -0.01356961
0.0, -0.70708334, -0.70708334
0.48236135, 0.82269293
0.0, 0.15953273, -0.02810099
0.0, -0.75661486, 0.65382856
0.48363581, 0.82184899
0.0, 0.1808742, 0.01360337
0.0, 0.70708334, -0.70708334
0.55840307, 0.87335914
0.01675009, 0.1808742, 0.01360337
0.90450758, 0.30149236, -0.30149236
0.5423277, 0.88249916
0.01675005, 0.15216666, -0.05757803
0.90450758, 0.30149236, -0.30149236
0.49165702, 0.24312931
0.0, 0.17638189, -0.05757803
0.0, 0.64082766, -0.76766258
0.55162644, 0.24312931
0.01675005, 0.17638189, -0.05757803
0.58735925, 0.51863158, -0.62126529
0.53439838, 0.24312931
0.0, 0.09819521, -0.03708845
0.0, -0.10275582, 0.99468976
0.3933298, 0.80537081
0.01412093, 0.09819521, -0.03708845
-0.25141147, 0.17850277, 0.95126194
0.39639321, 0.79302418
0.0, 0.18801025, 0.01360337
0.0, 0.7707755, -0.63707387
0.58460265, 0.88144326
0.0, 0.12829803, 0.03043954
0.0, -0.91827142, -0.39588609
0.43105277, 0.9053725
0.01412093, 0.09142275, -0.01356962
-0.3719596, 0.31678212, -0.87249368
0.38443932, 0.83453667
0.01675015, 0.09142275, -0.01356962
0.93527025, 0.282754, -0.21280557
0.38443932, 0.83453667
0.01675005, 0.10383055, 0.01555693
0.81917781, 0.41770685, 0.39298683
0.40633997, 0.88594735
0.0, 0.10021032, 0.0270489
0.0, 0.93292034, -0.36002687
0.42082116, 0.90318918
0.0, 0.16528156, 0.02585458
0.0, -0.70708334, 0.70708334
0.49837127, 0.93395555
0.01675012, 0.16528156, 0.02585458
0.90450758, -0.30149236, 0.30149236
0.51480573, 0.90412354
0.01675009, 0.15953273, -0.01356961
0.90450758, -0.30149236, -0.30149236
0.50465834, 0.83453673
0.0, 0.10383055, 0.01555693
0.0, 0.72832423, 0.68520159
0.42201462, 0.90016031
0.0, 0.14680889, 0.02585458
0.0, 0.70708334, 0.70708334
0.49292266, 0.92897868
0.01675012, 0.14680889, 0.02585458
0.90450758, 0.30149236, 0.30149236
0.4822, 0.90412354
0.0, -0.12164524, 0.0494634
0.0, -0.70708334, 0.70708334
0.00680584, 0.97428089
0.01675005, -0.12164524, 0.0494634
0.57734919, -0.57734919, 0.57734919
0.00835764, 0.94579494
0.0, 0.05931775, 0.01826096
0.0, -0.98602253, 0.16650899
0.30151457, 0.89700627
0.0, 0.14680889, 0.04200406
0.0, 0.92385632, 0.38267159
0.49504104, 0.94684482
0.01675012, 0.14680889, 0.04200406
0.63023776, 0.71727651, 0.29709768
0.4822, 0.93262863
0.0, -0.12164524, -0.02882442
0.0, -0.70708334, -0.70708334
0.00680584, 0.7826646
0.01675005, -0.12164524, -0.02882442
0.57734919, -0.57734919, -0.57734919
0.00835764, 0.80761081
0.0, 0.05386042, 0.01117096
0.0, -0.44160283, 0.89718312
0.29831171, 0.89381701
0.0, 0.12736742, 0.06144563
0.0, 0.38267159, 0.92385632
0.45774478, 0.99190795
0.01675012, 0.12736742, 0.06144563
0.63023776, 0.29709768, 0.71727651
0.44788423, 0.96694446
0.0, -0.01634351, -0.02882442
0.0, 0.70708334, -0.70708334
0.19422331, 0.7826646
0.01675005, -0.01634351, -0.02882442
0.57734919, 0.57734919, -0.57734919
0.19422331, 0.80761081
0.0, 0.02035143, 0.01117097
0.0, 0.44541764, 0.89529097
0.27479813, 0.89354563
0.01675005, 0.02035143, 0.01117097
0.82232124, 0.25342572, 0.50944549
0.25899282, 0.87820578
0.0, 0.09860246, 0.06144563
0.0, -0.70708334, 0.70708334
0.38994658, 0.98929441
0.01675005, -0.01634351, -0.02882442
0.57734919, 0.57734919, -0.57734919
0.19422331, 0.19237703
0.0, -0.01634351, -0.01429901
0.0, 0.70708334, -0.70708334
0.19422331, 0.19324285
0.01675005, -0.01634351, -0.01429901
0.90450758, 0.30149236, -0.30149236
0.19422331, 0.16673845
0.0, 0.01158849, 0.02275786
0.0, 0.99331647, 0.11526841
0.26726973, 0.90108836
0.0, 0.09860246, 0.04081907
0.0, -0.70708334, 0.70708334
0.38562459, 0.9568156
0.0, 0.09142275, -0.01356962
0.0, 0.01382488, -0.99987793
0.37947211, 0.81564724
0.0, 0.20628217, 0.00608778
0.0, 0.79375589, 0.60817283
0.35647398, 0.66672704
0.00704434, 0.20517033, 0.0019613
0.73180336, 0.65739924, 0.17960143
0.34404019, 0.65944347
0.00704434, 0.20359764, -0.00387442
0.70949429, 0.57835627, -0.40253913
0.34404019, 0.64914295
0.00291786, 0.1808742, 0.00608778
0.38267159, 0.0, 0.92385632
0.58329445, 0.86923361
0.00704434, 0.20517033, 0.0019613
0.73180336, 0.65739924, 0.17960143
0.62617904, 0.86194998
0.00291786, 0.20628217, 0.00608778
0.31196019, 0.72066408, 0.61909848
0.62814176, 0.86923355
0.00291786, 0.1808742, -0.0080009
0.38267159, 0.0, -0.92385632
0.58329445, 0.84436595
0.0, 0.2024858, -0.0080009
0.0, 0.60820335, -0.79375589
0.62144077, 0.8392157
0.00291786, 0.2024858, -0.0080009
0.29023102, 0.5269326, -0.79879147
0.62144077, 0.84436595
0.00704434, 0.1808742, 0.0019613
0.92385632, 0.0, 0.38267159
0.58329451, 0.86195004
0.00704434, 0.20359764, -0.00387442
0.70949429, 0.57835627, -0.40253913
0.62340349, 0.85164952
0.01324359, 0.15953273, -0.02793785
0.70708334, 0.0, -0.70708334
0.4704251, 0.5908061
0.01324359, -0.01634351, -0.01429901
1.0, 0.0, 0.0
0.15999001, 0.6148797
0.01324359, -0.01634351, -0.02793785
0.70708334, 0.0, -0.70708334
0.15999001, 0.5908061
0.0, 0.07461584, -0.03851423
0.0, -0.84313488, 0.53767508
0.33706692, 0.78804284
0.00704434, 0.1808742, -0.00387442
0.92385632, 0.0, -0.38267159
0.58329451, 0.85164952
0.0, -0.01634351, -0.02793785
0.0, 0.0, -1.0
0.15999001, 0.56743005
0.0, 0.20628217, 0.00608778
0.0, 0.79375589, 0.60817283
0.62814176, 0.87438381
0.01380866, 0.24185708, 0.02056483
0.74260688, 0.10080264, 0.66206855
0.74445403, 0.89478672
0.01380866, 0.18316954, 0.03886372
0.56627095, 0.24533829, 0.78682822
0.64086628, 0.92708564
0.01380866, 0.18801025, 0.01360337
1.0, 0.0, 0.0
0.64941067, 0.88249916
0.01380866, 0.31333378, -0.03283511
0.70708334, 0.0, -0.70708334
0.8706165, 0.80053163
0.01380866, 0.24185708, -0.03283511
0.70708334, 0.0, -0.70708334
0.74445403, 0.80053163
0.01380866, 0.31774598, -0.03283511
0.70708334, 0.0, -0.70708334
0.8784042, 0.80053163
0.01380866, 0.31333378, 0.02056483
0.87566757, -0.29874569, 0.37934506
0.8706165, 0.89478672
0.01380866, 0.32987931, -0.03283511
0.57734919, 0.57734919, -0.57734919
0.8998208, 0.80053163
0.01380866, 0.31774598, 0.03886372
0.5908078, -0.49916074, 0.63383895
0.8784042, 0.92708564
0.0, 0.37699553, 0.00608778
0.0, 0.79375589, 0.60817283
0.35647398, 0.66672701
0.00704434, 0.3758837, 0.0019613
0.73180336, 0.65739924, 0.17960143
0.34404019, 0.65944344
0.00704434, 0.37431097, -0.00387442
0.70949429, 0.57835627, -0.40253913
0.34404019, 0.64914295
0.00291786, 0.32987931, 0.00608778
0.38267159, 0.0, 0.92385632
0.91043979, 0.86923361
0.00704434, 0.3758837, 0.0019613
0.73180336, 0.65739924, 0.17960143
0.99164045, 0.86194998
0.00291786, 0.37699553, 0.00608778
0.31196019, 0.72063357, 0.61909848
0.99360317, 0.86923355
0.00291786, 0.32987931, -0.0080009
0.38267159, 0.0, -0.92385632
0.91043979, 0.84436595
0.0, 0.37319911, -0.0080009
0.0, 0.60817283, -0.79375589
0.98690212, 0.8392157
0.00291786, 0.37319911, -0.0080009
0.29023102, 0.5269326, -0.79879147
0.98690212, 0.84436595
0.00704434, 0.32987931, 0.0019613
0.92385632, 0.0, 0.38267159
0.91043979, 0.86195004
0.00704434, 0.37431097, -0.00387442
0.70949429, 0.57835627, -0.40253913
0.98886478, 0.85164952
0.00704434, 0.32987931, -0.00387442
0.92385632, 0.0, -0.38267159
0.91043979, 0.85164952
0.0, 0.37699553, 0.00608778
0.0, 0.79375589, 0.60817283
0.99360317, 0.87438381
0.0, 0.31333378, 0.02056483
0.0, -0.61870176, 0.78560746
0.84817147, 0.91871834
0.01380866, 0.1808742, -0.03283511
0.70708334, 0.0, -0.70708334
0.63681465, 0.80053163
0.0, 0.24185708, -0.03283511
0.0, 0.0, -0.99996948
0.74445403, 0.77748299
0.0, 0.24185708, 0.02056483
0.0, 0.1505478, 0.98858607
0.74684775, 0.91540712
0.0, 0.32987931, -0.03283511
0.0, 0.70708334, -0.70708334
0.90365189, 0.77761763
0.0, 0.31774598, -0.03283511
0.0, 0.0, -0.99996948
0.8784042, 0.77761763
0.0, 0.31333378, -0.03283511
0.0, 0.0, -1.0
0.8706165, 0.77748299
0.0, 0.32987931, 0.03886372
0.0, 0.70708334, 0.70708334
0.90365189, 0.95817763
0.01380866, 0.32987931, 0.03886372
0.57734919, 0.57734919, 0.57734919
0.8998208, 0.92708564
0.0, 0.18316954, 0.03886372
0.0, 0.29764703, 0.95464951
0.64810032, 0.94829625
0.0, 0.31774598, 0.03886372
0.0, -0.61870176, 0.78560746
0.87559694, 0.96776491
-0.01675005, 0.05386042, 0.01117096
-0.82119203, -0.25199133, 0.51194799
0.31813863, 0.121782
-0.01675005, 0.05931775, 0.01826096
-0.82943207, -0.55076754, 0.0929899
0.32777125, 0.10926765
-0.01675005, 0.06508397, -0.01429901
-0.85799736, -0.28913236, -0.42451248
0.33794922, 0.16673857
-0.01675012, 0.09860246, 0.06144563
-0.57734919, -0.57734919, 0.57734919
0.39711189, 0.03304332
-0.01675012, 0.12736742, 0.06144563
-0.63023776, 0.29709768, 0.71727651
0.44788423, 0.03304332
-0.01675012, 0.11869939, 0.0378562
-0.85683769, -0.03320414, -0.51448101
0.43258458, 0.07468051
-0.01675003, 0.09819521, -0.03708845
-0.88833278, 0.24872585, 0.38596758
0.39639321, 0.2069636
-0.01675005, 0.1108636, -0.06850667
-0.63023776, -0.29709768, -0.71727651
0.41875389, 0.26241928
-0.01675005, 0.10158238, -0.05922527
-0.80416274, -0.22745445, -0.54911953
0.40237159, 0.24603695
-0.01412093, 0.06508397, -0.01429901
0.21811579, -0.25281534, -0.94259471
0.33794922, 0.16673857
-0.01675005, -0.01634351, -0.01429901
-0.90450758, 0.30149236, -0.30149236
0.19422331, 0.16673845
0.0, 0.01779473, 0.03679037
0.0, 0.64336067, -0.76552629
0.26997924, 0.09045488
-0.01675005, 0.01158849, 0.02275786
-0.84081542, 0.53767508, 0.06237983
0.24352559, 0.10133022
-0.01675005, 0.01779473, 0.03679037
-0.82067323, 0.36756492, -0.43739128
0.25447989, 0.07656175
0.0, 0.08495715, 0.04081897
0.0, 0.2659688, 0.96395767
0.37147063, 0.044442
-0.01675012, 0.09860246, 0.04081907
-0.90450758, -0.30146185, 0.30152288
0.39711189, 0.0694508
-0.01675128, 0.08495715, 0.04081897
-0.77217931, 0.1690115, 0.61247599
0.37302697, 0.06945091
-0.01675005, 0.08276843, -0.05922533
-0.59965819, -0.45045319, -0.66139716
0.36916369, 0.24603695
-0.01412093, 0.07461584, -0.03851423
0.38770714, -0.92120123, -0.03250221
0.35477379, 0.20948023
-0.01675005, 0.05612176, 0.02786046
-0.80068362, -0.4578692, -0.38627279
0.32213017, 0.09232384
0.0, 0.03254725, 0.04045387
0.0, -0.12329478, -0.99233985
0.28015935, 0.08850187
-0.01675025, 0.03254725, 0.04045387
-0.79744864, -0.07437361, -0.59874266
0.28051913, 0.07009536
-0.01675012, 0.04843447, 0.06263592
-0.65184486, 0.20169683, 0.73100984
0.30856162, 0.03094238
0.0, 0.10158238, -0.05922527
0.0, -0.38267159, -0.92385632
0.38721606, 0.24603695
0.0, 0.16528156, 0.03886377
0.0, -0.70708334, 0.70708334
0.51591414, 0.04811233
-0.01675012, 0.18316954, 0.03886372
-0.58793908, 0.51533556, 0.62346262
0.54637945, 0.07290214
-0.01675012, 0.16528156, 0.03886377
-0.57734919, -0.57734919, 0.57734919
0.51480573, 0.07290214
0.0, 0.01216466, 0.06263592
0.0, -0.14334545, 0.98965424
0.24454257, 0.00061566
-0.01675012, 0.01216466, 0.06263592
-0.6761986, -0.10559404, 0.72908717
0.24454257, 0.03094238
0.0, 0.1108636, -0.06850667
0.0, -0.38267159, -0.92385632
0.40121996, 0.26241928
-0.01675005, 0.11265093, 0.01217465
-0.8240608, -0.05777154, 0.56349373
0.42190871, 0.12001044
0.0, 0.12742712, 0.02165605
0.0, -0.85274822, 0.52229375
0.43098679, 0.09674066
-0.01675018, 0.12742712, 0.02165605
-0.81945252, -0.4887234, 0.29935607
0.44798982, 0.103275
0.0, 0.18316954, 0.03886372
0.0, 0.63707387, 0.7707755
0.56712872, 0.05024034
-0.0167501, 0.18801025, 0.01360337
-0.56804103, 0.63432723, -0.52430797
0.55492383, 0.11748868
-0.01675005, -0.03234816, 0.0494634
-0.7408368, -0.09628589, 0.66472363
0.1659739, 0.05419284
0.0, 0.15216666, -0.06850667
0.0, 0.70708334, -0.70708334
0.49667221, 0.7375685
-0.01675005, 0.1108636, -0.06850667
-0.63023776, -0.29709768, -0.71727651
0.41875389, 0.7375685
-0.01675005, 0.15216666, -0.06850667
-0.57734919, 0.57734919, -0.57734919
0.49165702, 0.7375685
-0.01675012, 0.12829803, 0.03043954
-0.83394879, -0.50669879, -0.21845149
0.44952694, 0.08777148
0.0, 0.1808742, -0.03283511
0.0, 0.99594104, -0.08966338
0.55900276, 0.19945616
-0.01675005, 0.17638189, -0.05757803
-0.58735925, 0.51863158, -0.62126529
0.53439838, 0.24312931
-0.01675009, 0.1808742, -0.03283511
-0.68745995, 0.72325814, -0.0651265
0.54232782, 0.19945616
0.0, 0.11869939, 0.0378562
0.0, -0.06439406, -0.99789423
0.42731336, 0.09258682
-0.01675005, 0.10021032, 0.0270489
-0.87728506, 0.44773704, -0.1727958
0.39995009, 0.09375626
0.0, 0.15216666, -0.05757803
0.0, 0.70708334, -0.70708334
0.49667221, 0.24312931
-0.01675005, 0.15216666, -0.06850667
-0.57734919, 0.57734919, -0.57734919
0.49165702, 0.26241928
-0.01675005, 0.15216666, -0.05757803
-0.90450758, 0.30149236, -0.30149236
0.49165702, 0.24312931
-0.01675003, 0.15953273, -0.02810099
-0.88702047, -0.34931487, 0.30185857
0.5046584, 0.19110006
0.0, 0.15953273, -0.01356961
0.0, -0.70708334, -0.70708334
0.48236135, 0.17729491
-0.01675009, 0.15953273, -0.01356961
-0.90450758, -0.30149236, -0.30149236
0.50465834, 0.16545111
0.0, 0.1808742, 0.01360337
0.0, 0.70708334, -0.70708334
0.55840307, 0.1266287
-0.01675009, 0.1808742, 0.01360337
-0.90450758, 0.30149236, -0.30149236
0.5423277, 0.11748868
-0.01412093, 0.09819521, -0.03708845
0.25141147, 0.17850277, 0.95126194
0.39639321, 0.2069636
0.0, 0.15953273, -0.02810099
0.0, -0.75661486, 0.65382856
0.48363581, 0.17813879
0.0, 0.18801025, 0.01360337
0.0, 0.7707755, -0.63707387
0.58460265, 0.11854452
0.0, 0.12829803, 0.03043954
0.0, -0.91827142, -0.39588609
0.43105277, 0.09461528
-0.01412093, 0.09142275, -0.01356962
0.3719596, 0.31678212, -0.87249368
0.38443932, 0.16545111
-0.01675015, 0.09142275, -0.01356962
-0.93527025, 0.282754, -0.21280557
0.38443932, 0.16545111
0.0, 0.10021032, 0.0270489
0.0, 0.93292034, -0.36002687
0.42082116, 0.0967986
-0.01675005, 0.10383055, 0.01555693
-0.81917781, 0.41770685, 0.39298683
0.40633997, 0.11404043
0.0, 0.16528156, 0.02585458
0.0, -0.70708334, 0.70708334
0.49837127, 0.06603223
-0.01675012, 0.16528156, 0.02585458
-0.90450758, -0.30149236, 0.30149236
0.51480573, 0.09586424
0.0, 0.10383055, 0.01555693
0.0, 0.72832423, 0.68520159
0.42201462, 0.09982747
0.0, 0.14680889, 0.02585458
0.0, 0.70708334, 0.70708334
0.49292266, 0.0710091
-0.01675012, 0.14680889, 0.02585458
-0.90450758, 0.30149236, 0.30149236
0.4822, 0.09586424
0.0, -0.12164524, 0.0494634
0.0, -0.70708334, 0.70708334
0.00680584, 0.02570695
-0.01675005, -0.12164524, 0.0494634
-0.57734919, -0.57734919, 0.57734919
0.00835764, 0.05419284
0.0, 0.05931775, 0.01826096
0.0, -0.98602253, 0.16650899
0.30151457, 0.10298151
0.0, 0.14680889, 0.04200406
0.0, 0.92385632, 0.38267159
0.49504104, 0.05314296
-0.01675012, 0.14680889, 0.04200406
-0.63023776, 0.71727651, 0.29709768
0.4822, 0.06735915
0.0, -0.12164524, -0.02882442
0.0, -0.70708334, -0.70708334
0.00680584, 0.21732324
-0.01675005, -0.12164524, -0.02882442
-0.57734919, -0.57734919, -0.57734919
0.00835764, 0.19237703
0.0, 0.05386042, 0.01117096
0.0, -0.44160283, 0.89718312
0.29831171, 0.10617083
0.0, 0.12736742, 0.06144563
0.0, 0.38267159, 0.92385632
0.45774478, 0.00807983
0.0, -0.01634351, -0.02882442
0.0, 0.70708334, -0.70708334
0.19422331, 0.21732324
-0.01675005, -0.01634351, -0.02882442
-0.57734919, 0.57734919, -0.57734919
0.19422331, 0.19237703
0.0, 0.02035143, 0.01117097
0.0, 0.44541764, 0.89529097
0.27479813, 0.10644215
-0.01675005, 0.02035143, 0.01117097
-0.82232124, 0.25342572, 0.50944549
0.25899282, 0.121782
0.0, 0.09860246, 0.06144563
0.0, -0.70708334, 0.70708334
0.38994658, 0.01069337
0.0, 0.01158849, 0.02275786
0.0, 0.99331647, 0.11526841
0.26726973, 0.09889942
0.0, 0.09860246, 0.04081907
0.0, -0.70708334, 0.70708334
0.38562459, 0.04317218
0.0, 0.09142275, -0.01356962
0.0, 0.01382488, -0.99987793
0.37947211, 0.18434054
0.0, 0.06508397, -0.01429901
0.0, 0.01382488, -0.99987793
0.32933319, 0.18817943
-0.00704434, 0.20359764, -0.00387442
-0.70949429, 0.57835627, -0.40253913
0.34404019, 0.64914295
0.0, 0.2024858, -0.0080009
0.0, 0.60820335, -0.79375589
0.35647398, 0.64185941
-0.00704434, 0.20517033, 0.0019613
-0.73180336, 0.65739924, 0.17960143
0.62617904, 0.13803786
-0.00291786, 0.1808742, 0.00608778
-0.38267159, 0.0, 0.92385632
0.58329445, 0.13075417
-0.00291786, 0.20628217, 0.00608778
-0.31196019, 0.72066408, 0.61909848
0.62814176, 0.13075429
0.0, 0.2024858, -0.0080009
0.0, 0.60820335, -0.79375589
0.62144077, 0.16077214
-0.00291786, 0.1808742, -0.0080009
-0.38267159, 0.0, -0.92385632
0.58329445, 0.15562183
-0.00291786, 0.2024858, -0.0080009
-0.29023102, 0.5269326, -0.79879147
0.62144077, 0.15562183
-0.00704434, 0.20359764, -0.00387442
-0.70949429, 0.57835627, -0.40253913
0.62340349, 0.14833826
-0.00704434, 0.1808742, 0.0019613
-0.92385632, 0.0, 0.38267159
0.58329451, 0.13803774
-0.01324359, -0.01634351, -0.01429901
-1.0, 0.0, 0.0
0.15999001, 0.6148797
-0.01324359, 0.15953273, -0.02793785
-0.70708334, 0.0, -0.70708334
0.4704251, 0.5908061
-0.01324359, -0.01634351, -0.02793785
-0.70708334, 0.0, -0.70708334
0.15999001, 0.5908061
0.0, 0.07461584, -0.03851423
0.0, -0.84313488, 0.53767508
0.33706692, 0.211945
-0.00704434, 0.1808742, -0.00387442
-0.92385632, 0.0, -0.38267159
0.58329451, 0.14833826
0.0, 0.20628217, 0.00608778
0.0, 0.79375589, 0.60817283
0.62814176, 0.12560397
-0.01380866, 0.18801025, 0.01360337
-1.0, 0.0, 0.0
0.64941067, 0.11748868
-0.01380866, 0.24185708, 0.02056483
-0.74260688, 0.10080264, 0.66206855
0.74445403, 0.10520107
-0.01380866, 0.24185708, -0.03283511
-0.70708334, 0.0, -0.70708334
0.74445403, 0.19945616
-0.01380866, 0.31333378, -0.03283511
-0.70708334, 0.0, -0.70708334
0.8706165, 0.19945616
-0.01380866, 0.31333378, 0.02056483
-0.87566757, -0.29874569, 0.37934506
0.8706165, 0.10520107
-0.01380866, 0.31774598, -0.03283511
-0.70708334, 0.0, -0.70708334
0.8784042, 0.19945616
-0.01380866, 0.31774598, 0.03886372
-0.5908078, -0.49916074, 0.63383895
0.8784042, 0.07290214
-0.01380866, 0.32987931, -0.03283511
-0.57734919, 0.57734919, -0.57734919
0.8998208, 0.19945616
-0.00704434, 0.37431097, -0.00387442
-0.70949429, 0.57835627, -0.40253913
0.34404019, 0.64914295
0.0, 0.37319911, -0.0080009
0.0, 0.60817283, -0.79375589
0.35647398, 0.64185941
-0.00704434, 0.3758837, 0.0019613
-0.73180336, 0.65739924, 0.17960143
0.99164045, 0.13803786
-0.00291786, 0.32987931, 0.00608778
-0.38267159, 0.0, 0.92385632
0.91043979, 0.13075417
-0.00291786, 0.37699553, 0.00608778
-0.31196019, 0.72063357, 0.61909848
0.99360317, 0.13075429
0.0, 0.37319911, -0.0080009
0.0, 0.60817283, -0.79375589
0.98690212, 0.16077214
-0.00291786, 0.32987931, -0.0080009
-0.38267159, 0.0, -0.92385632
0.91043979, 0.15562183
-0.00291786, 0.37319911, -0.0080009
-0.29023102, 0.5269326, -0.79879147
0.98690212, 0.15562183
-0.00704434, 0.37431097, -0.00387442
-0.70949429, 0.57835627, -0.40253913
0.98886478, 0.14833826
-0.00704434, 0.32987931, 0.0019613
-0.92385632, 0.0, 0.38267159
0.91043979, 0.13803774
-0.00704434, 0.32987931, -0.00387442
-0.92385632, 0.0, -0.38267159
0.91043979, 0.14833826
0.0, 0.37699553, 0.00608778
0.0, 0.79375589, 0.60817283
0.99360317, 0.12560397
0.0, 0.31333378, 0.02056483
0.0, -0.61870176, 0.78560746
0.84817147, 0.08126944
0.0, 0.24185708, -0.03283511
0.0, 0.0, -0.99996948
0.74445403, 0.22250479
-0.01380866, 0.1808742, -0.03283511
-0.70708334, 0.0, -0.70708334
0.63681465, 0.19945616
0.0, 0.24185708, 0.02056483
0.0, 0.1505478, 0.98858607
0.74684775, 0.08458072
0.0, 0.32987931, -0.03283511
0.0, 0.70708334, -0.70708334
0.90365189, 0.22237021
0.0, 0.31774598, -0.03283511
0.0, 0.0, -0.99996948
0.8784042, 0.22237021
0.0, 0.31333378, -0.03283511
0.0, 0.0, -1.0
0.8706165, 0.22250479
0.0, 0.32987931, 0.03886372
0.0, 0.70708334, 0.70708334
0.90365189, 0.04181021
-0.01380866, 0.32987931, 0.03886372
-0.57734919, 0.57734919, 0.57734919
0.8998208, 0.07290214
0.0, 0.18316954, 0.03886372
0.0, 0.29764703, 0.95464951
0.64810032, 0.05169159
-0.01380866, 0.18316954, 0.03886372
-0.56627095, 0.24533829, 0.78682822
0.64086628, 0.07290214
0.0, 0.31774598, 0.03886372
0.0, -0.61870176, 0.78560746
0.87559694, 0.03222293
0.01675005, -0.01634351, -0.01429901
0.90450758, 0.30149236, -0.30149236
0.19422331, 0.83324933
0.0, 0.17638189, -0.05757803
0.0, 0.64082766, -0.76766258
0.55162644, 0.75685847
0.00291786, 0.2024858, -0.0080009
0.29023102, 0.5269326, -0.79879147
0.35132372, 0.64185941
0.00291786, 0.20628217, 0.00608778
0.31196019, 0.72066408, 0.61909848
0.35132372, 0.66672704
0.0, 0.1808742, -0.0080009
0.0, 0.0, -1.0
0.58329445, 0.83921576
0.01324359, 0.15953273, -0.01429901
1.0, 0.0, 0.0
0.4704251, 0.6148797
0.0, 0.15953273, -0.02793785
0.0, 0.0, -1.0
0.4704251, 0.56743014
0.0, 0.1808742, 0.00608778
0.0, 0.0, 1.0
0.58329445, 0.87438381
0.01380866, 0.1808742, 0.01360337
1.0, 0.0, 0.0
0.63681465, 0.88249916
0.00291786, 0.37319911, -0.0080009
0.29023102, 0.5269326, -0.79879147
0.35132372, 0.64185941
0.00291786, 0.37699553, 0.00608778
0.31196019, 0.72063357, 0.61909848
0.35132372, 0.66672701
0.0, 0.32987931, -0.0080009
0.0, 0.0, -1.0
0.91043979, 0.8392157
0.0, 0.32987931, 0.00608778
0.0, 0.0, 1.0
0.91043979, 0.87438381
0.0, 0.1808742, -0.03283511
0.0, 0.0, -1.0
0.63681465, 0.77748299
0.0, 0.08276843, -0.05922533
0.0, -0.56288338, -0.82650226
0.35496825, 0.24603695
0.0, 0.05612176, 0.02786046
0.0, -0.76433605, -0.64479506
0.29736027, 0.09716195
0.0, 0.04843447, 0.06263592
0.0, 0.2659688, 0.96395767
0.30856162, 0.00569004
0.0, 0.11265093, 0.01217465
0.0, -0.10196234, 0.99478132
0.42560413, 0.10007387
0.0, -0.03234816, 0.0494634
0.0, -0.14334545, 0.98965424
0.1659739, 0.02114171
0.0, 0.09819521, -0.03708845
0.0, -0.10275582, 0.99468976
0.3933298, 0.19461697
-0.00291786, 0.2024858, -0.0080009
-0.29023102, 0.5269326, -0.79879147
0.35132372, 0.64185941
-0.00704434, 0.20517033, 0.0019613
-0.73180336, 0.65739924, 0.17960143
0.34404019, 0.65944347
-0.00291786, 0.20628217, 0.00608778
-0.31196019, 0.72066408, 0.61909848
0.35132372, 0.66672704
0.0, 0.1808742, -0.0080009
0.0, 0.0, -1.0
0.58329445, 0.16077203
-0.01324359, 0.15953273, -0.01429901
-1.0, 0.0, 0.0
0.4704251, 0.6148797
0.0, 0.1808742, 0.00608778
0.0, 0.0, 1.0
0.58329445, 0.12560397
-0.01380866, 0.1808742, 0.01360337
-1.0, 0.0, 0.0
0.63681465, 0.11748868
-0.00291786, 0.37319911, -0.0080009
-0.29023102, 0.5269326, -0.79879147
0.35132372, 0.64185941
-0.00704434, 0.3758837, 0.0019613
-0.73180336, 0.65739924, 0.17960143
0.34404019, 0.65944344
-0.00291786, 0.37699553, 0.00608778
-0.31196019, 0.72063357, 0.61909848
0.35132372, 0.66672701
0.0, 0.32987931, -0.0080009
0.0, 0.0, -1.0
0.91043979, 0.16077214
0.0, 0.32987931, 0.00608778
0.0, 0.0, 1.0
0.91043979, 0.12560397
0.0, 0.1808742, -0.03283511
0.0, 0.0, -1.0
0.63681465, 0.22250479
# Number of Faces:
408
# Face Data:
0, 1, 2
3, 4, 5
6, 7, 8
9, 10, 11
12, 13, 14
5, 15, 16
17, 18, 19
20, 21, 22
23, 15, 24
17, 25, 26
14, 21, 27
28, 29, 30
23, 31, 32
26, 33, 6
34, 35, 36
37, 38, 28
39, 31, 40
41, 42, 43
44, 35, 45
46, 47, 48
49, 50, 3
51, 52, 7
53, 54, 55
48, 56, 57
58, 59, 60
55, 61, 62
57, 63, 37
3, 64, 44
8, 65, 66
67, 68, 49
30, 69, 70
66, 65, 71
34, 72, 67
70, 73, 74
39, 75, 76
20, 77, 1
74, 78, 79
76, 80, 81
1, 82, 2
79, 83, 84
81, 85, 86
2, 87, 88
84, 89, 4
90, 91, 92
88, 93, 12
4, 94, 5
65, 18, 11
95, 11, 10
96, 97, 98
99, 100, 101
102, 103, 104
105, 106, 100
107, 108, 109
62, 110, 18
111, 104, 106
112, 107, 109
113, 99, 101
114, 115, 116
117, 114, 118
119, 120, 117
121, 122, 119
123, 124, 125
126, 127, 128
129, 130, 131
132, 133, 127
134, 131, 133
135, 126, 128
122, 136, 120
137, 138, 118
120, 139, 114
119, 140, 121
117, 141, 119
118, 142, 117
121, 143, 144
114, 145, 115
144, 146, 122
147, 148, 149
150, 151, 152
153, 154, 155
156, 91, 157
158, 159, 160
161, 162, 163
164, 165, 149
166, 167, 168
169, 161, 163
170, 164, 155
167, 160, 168
171, 172, 173
174, 169, 175
176, 155, 154
177, 178, 179
180, 181, 172
182, 174, 175
183, 184, 185
178, 186, 179
187, 188, 189
190, 191, 152
192, 193, 194
195, 196, 197
198, 189, 199
59, 194, 188
200, 201, 195
202, 199, 181
203, 152, 186
204, 153, 205
206, 207, 191
208, 173, 209
196, 204, 197
210, 177, 207
211, 209, 212
213, 182, 214
215, 166, 148
216, 212, 217
218, 214, 219
220, 148, 147
221, 217, 151
222, 219, 223
224, 147, 225
226, 151, 150
91, 223, 157
227, 225, 159
228, 150, 162
204, 165, 200
156, 229, 230
231, 96, 232
233, 234, 235
236, 237, 238
239, 240, 233
241, 242, 243
244, 200, 165
238, 245, 239
242, 112, 243
234, 246, 235
247, 248, 249
248, 250, 249
251, 252, 250
253, 254, 252
255, 123, 256
257, 258, 259
260, 261, 262
263, 264, 257
262, 265, 263
258, 266, 259
267, 253, 251
268, 269, 249
270, 251, 248
271, 252, 254
272, 250, 252
273, 249, 250
274, 254, 275
276, 248, 277
278, 275, 253
14, 76, 12
81, 86, 279
279, 0, 88
71, 53, 48
71, 48, 57
57, 37, 28
28, 30, 70
74, 44, 45
57, 28, 70
70, 74, 71
74, 45, 71
71, 57, 70
66, 71, 34
71, 45, 34
76, 81, 279
0, 66, 1
67, 49, 1
66, 34, 67
12, 76, 279
88, 12, 279
49, 20, 1
2, 88, 0
67, 1, 66
39, 76, 14
27, 20, 23
39, 14, 32
23, 32, 27
16, 23, 20
20, 49, 16
32, 14, 27
84, 4, 3
5, 16, 49
3, 44, 79
5, 49, 3
79, 84, 3
44, 74, 79
66, 0, 8
26, 6, 8
0, 17, 8
48, 53, 46
8, 17, 26
6, 51, 7
7, 46, 53
53, 8, 7
11, 0, 279
279, 9, 11
12, 93, 13
5, 94, 15
17, 0, 18
18, 110, 19
0, 11, 18
20, 27, 21
23, 16, 15
17, 19, 25
14, 13, 21
28, 38, 29
23, 24, 31
26, 25, 33
34, 45, 35
37, 63, 38
39, 32, 31
41, 176, 42
44, 64, 35
46, 280, 47
49, 68, 50
51, 183, 52
53, 71, 54
48, 47, 56
58, 192, 59
62, 8, 53
53, 55, 62
57, 56, 63
3, 50, 64
8, 62, 65
67, 72, 68
30, 29, 69
54, 71, 65
65, 95, 54
34, 36, 72
70, 69, 73
39, 40, 75
20, 22, 77
74, 73, 78
76, 75, 80
1, 77, 82
79, 78, 83
81, 80, 85
2, 82, 87
84, 83, 89
90, 222, 91
88, 87, 93
4, 89, 94
65, 62, 18
95, 65, 11
98, 281, 232
232, 96, 98
282, 97, 96
99, 105, 100
102, 283, 103
105, 111, 106
107, 284, 108
62, 61, 110
111, 102, 104
112, 285, 107
113, 286, 99
287, 137, 116
118, 114, 116
116, 137, 118
117, 120, 114
119, 122, 120
121, 144, 122
125, 288, 256
256, 123, 125
289, 124, 123
126, 132, 127
129, 290, 130
132, 134, 133
134, 129, 131
135, 291, 126
122, 146, 136
137, 292, 138
120, 136, 139
119, 141, 140
117, 142, 141
118, 138, 142
121, 140, 143
114, 139, 145
144, 143, 146
219, 214, 157
214, 160, 159
157, 223, 219
205, 207, 177
189, 195, 197
199, 189, 197
172, 181, 199
209, 173, 172
179, 186, 212
209, 172, 199
179, 212, 197
177, 179, 197
209, 199, 197
209, 197, 212
177, 197, 205
157, 214, 159
205, 148, 207
166, 191, 148
205, 149, 148
157, 159, 225
157, 225, 149
148, 191, 207
149, 225, 147
182, 175, 160
175, 169, 168
160, 214, 182
191, 166, 163
168, 160, 175
168, 169, 166
152, 191, 162
212, 186, 217
151, 217, 152
162, 150, 152
169, 163, 166
217, 186, 152
191, 163, 162
164, 149, 153
153, 195, 194
149, 205, 153
193, 154, 194
155, 164, 153
195, 189, 188
194, 154, 153
195, 188, 194
157, 149, 156
156, 230, 91
158, 227, 159
161, 228, 162
164, 293, 165
165, 156, 149
293, 244, 165
166, 294, 167
169, 295, 161
170, 293, 164
167, 158, 160
171, 180, 172
174, 295, 169
176, 170, 155
177, 296, 178
180, 202, 181
182, 297, 174
183, 33, 184
178, 203, 186
187, 59, 188
190, 206, 191
192, 42, 193
195, 201, 196
198, 187, 189
59, 192, 194
195, 153, 200
200, 298, 201
202, 198, 199
203, 190, 152
204, 200, 153
206, 210, 207
208, 171, 173
205, 197, 204
196, 229, 204
210, 296, 177
211, 208, 209
213, 297, 182
215, 294, 166
216, 211, 212
218, 213, 214
220, 215, 148
221, 216, 217
222, 218, 219
224, 220, 147
226, 221, 151
91, 222, 223
227, 224, 225
228, 226, 150
204, 156, 165
156, 204, 229
232, 299, 231
231, 300, 96
301, 96, 300
233, 240, 234
236, 302, 237
239, 245, 240
241, 303, 242
244, 298, 200
238, 237, 245
242, 285, 112
234, 304, 246
249, 269, 247
247, 277, 248
269, 305, 247
248, 251, 250
251, 253, 252
253, 275, 254
256, 306, 255
255, 307, 123
308, 123, 307
257, 264, 258
260, 309, 261
263, 265, 264
262, 261, 265
258, 310, 266
267, 278, 253
268, 311, 269
270, 267, 251
271, 272, 252
272, 273, 250
273, 268, 249
274, 271, 254
276, 270, 248
278, 274, 275
