# Project Zomboid Skinned Mesh
# File Version:
1.0
# Model Name:
Cube
# Vertex Stride Element Count:
3
# Vertex Stride Size (in bytes):
76
# Vertex Stride Data:
# (Int)    Offset
# (String) Type
0
VertexArray
12
NormalArray
24
TextureCoordArray
# Vertex Count:
101
# Vertex Buffer:
0.00878424, 0.02676196, -0.02386551
0.70708334, -0.70708334, 0.0
0.09635857, 0.67956093
0.00878426, 0.13876024, -0.0370784
0.57734919, 0.57734919, -0.57734919
0.59559381, 0.62066418
0.00878424, 0.13876024, -0.02386551
0.70708334, 0.70708334, 0.0
0.59559381, 0.67956093
-0.0, 0.13876024, -0.0370784
0.0, 0.70708334, -0.70708334
0.63624895, 0.62066418
-0.0, 0.02676196, -0.02386551
0.0, -1.0, 0.0
0.04702653, 0.67956093
0.00878424, 0.02676196, -0.0370784
0.57734919, -0.57734919, -0.57734919
0.0963585, 0.62066418
-0.0, 0.13876024, -0.0370784
0.0, 0.70708334, -0.70708334
0.59559381, 0.56661335
0.00449968, 0.09367269, -0.00152962
0.90450758, -0.30149236, -0.30149236
0.39461455, 0.77912368
-0.0, 0.09367269, -0.01370601
0.0, -0.68495744, 0.72853786
0.38285604, 0.72487569
0.00449968, 0.09367269, -0.01370601
0.31406599, -0.28357798, 0.90603352
0.39461455, 0.72484723
-0.0, 0.13876024, -0.01648896
0.0, 0.72853786, 0.68495744
0.59559381, 0.75129455
0.00878424, 0.09895108, -0.0140318
0.70708334, 0.04354991, 0.70574051
0.41814324, 0.7233949
0.00878424, 0.13876024, -0.01648896
0.58064514, 0.59312725, 0.55766475
0.59559381, 0.71244204
0.00878424, 0.06506779, 0.00276847
0.70708334, 0.6590777, 0.25608081
0.26710752, 0.79828249
0.00878424, 0.05140013, 0.03794386
0.59935302, 0.45200965, 0.66060364
0.20618364, 0.95507758
0.00878424, 0.03618573, -0.01292216
0.87557602, -0.46293527, 0.1378521
0.13836502, 0.72834122
-0.0, 0.09367269, -0.01370601
0.0, -0.68495744, 0.72853786
0.39461455, 0.72484723
0.00878424, 0.07092346, -0.01230181
0.85055083, 0.31019014, 0.42460403
0.29320928, 0.73110628
0.00878424, 0.09367269, -0.01370601
0.70708334, 0.04354991, 0.70574051
0.39461455, 0.72484723
0.00449968, 0.09895108, -0.0140318
0.28916287, 0.31949827, 0.90237129
0.41814324, 0.7233949
-0.0, 0.09895108, 0.00276847
0.0, 0.70708334, 0.70708334
0.43262312, 0.81203648
0.00449969, 0.09895108, 0.00276847
0.57734919, 0.57734919, 0.57734919
0.41814324, 0.79828249
-0.0, 0.06506779, 0.00276847
0.0, 0.0, 1.0
0.29279539, 0.81774566
0.00449968, 0.06506779, 0.00276847
0.42005676, 0.51246679, 0.7489242
0.26710752, 0.79828249
-0.0, 0.0160254, 0.03794386
0.0, -0.82717371, 0.56190681
0.00939551, 0.98138096
0.00878424, 0.0160254, 0.03794386
0.56004518, -0.68526262, 0.46552935
0.0485, 0.95507758
-0.0, 0.07092346, -0.01230181
0.0, 0.58986175, 0.8074587
0.31616306, 0.75463323
0.00878424, 0.06673785, -0.00152962
0.70708334, 0.6590777, 0.25608081
0.27455178, 0.77912368
0.00878424, 0.02676196, -0.01957315
0.61671805, -0.6989044, 0.36216316
0.09635857, 0.69869414
-0.0, 0.03618573, -0.01292216
0.0, -0.95840329, 0.28537858
0.09205656, 0.74340442
-0.0, 0.02676196, -0.01957315
0.0, -0.8878445, 0.46009704
0.04702653, 0.69869414
0.00449968, 0.06673785, -0.00152962
0.73818171, 0.55671865, -0.38093203
0.27455178, 0.77912368
-0.0, 0.09367269, -0.00152962
0.0, -0.70708334, -0.70708334
0.38237959, 0.76518279
-0.0, 0.13876024, -0.02386551
0.0, 1.0, 0.0
0.63624895, 0.67956093
-0.0, 0.05140013, 0.03794386
0.0, 0.56471449, 0.82525104
0.23003162, 0.98138096
0.00530727, 0.03220928, -0.0370784
0.59083831, -0.73650318, -0.32923368
0.8777805, 0.12694514
0.00530727, 0.03548825, -0.03985836
0.60271007, 0.43409526, -0.66951507
0.89239627, 0.11455315
0.00530727, 0.03673098, -0.0370784
0.59083831, 0.73650318, -0.32923368
0.89793581, 0.12694514
0.00193582, 0.1368354, -0.0370784
0.4221015, 0.44050416, -0.79229105
0.97089577, 0.11571151
-0.0, 0.13285382, -0.0394012
0.0, -0.20456557, -0.97882015
0.95314765, 0.10535753
-0.0, 0.13451268, -0.0394012
0.0, 0.20459609, -0.97882015
0.96054161, 0.10535753
0.00193582, 0.13053094, -0.0370784
0.4221015, -0.44050416, -0.79229105
0.94279349, 0.11571151
-0.0, 0.13053094, -0.0370784
0.0, -0.70708334, -0.70711386
0.94093359, 0.10851383
0.00530727, 0.03345201, -0.03985845
0.60271007, -0.43406475, -0.66951507
0.88331991, 0.11455315
-0.0, 0.03548825, -0.03985836
0.0, 0.54402298, -0.83904541
0.89335585, 0.09206367
-0.0, 0.1368354, -0.0370784
0.0, 0.70711386, -0.70708334
0.97275579, 0.10851383
-0.0, 0.03673098, -0.0370784
0.0, 0.91293067, -0.40809351
0.91256291, 0.09743923
-0.0, 0.03345201, -0.03985845
0.0, -0.54399246, -0.83907592
0.87976569, 0.09320271
-0.00878426, 0.13876024, -0.0370784
-0.57734919, 0.57734919, -0.57734919
0.59559381, 0.37933671
-0.00878424, 0.02676196, -0.02386551
-0.70708334, -0.70708334, 0.0
0.09635857, 0.32043993
-0.00878424, 0.13876024, -0.02386551
-0.70708334, 0.70708334, 0.0
0.59559381, 0.32043999
-0.0, 0.13876024, -0.0370784
0.0, 0.70708334, -0.70708334
0.63419867, 0.37933671
-0.00878424, 0.02676196, -0.0370784
-0.57734919, -0.57734919, -0.57734919
0.09635851, 0.37933671
-0.0, 0.02676196, -0.02386551
0.0, -1.0, 0.0
0.04699792, 0.32043993
-0.0, 0.13876024, -0.0370784
0.0, 0.70708334, -0.70708334
0.59559381, 0.43239152
-0.0, 0.09367269, -0.01370601
0.0, -0.68495744, 0.72853786
0.38285604, 0.27512521
-0.00449968, 0.09367269, -0.00152962
-0.90450758, -0.30149236, -0.30149236
0.39461455, 0.22087723
-0.00449968, 0.09367269, -0.01370601
-0.31406599, -0.28357798, 0.90603352
0.39461455, 0.2751537
-0.00878424, 0.09895108, -0.0140318
-0.70708334, 0.04354991, 0.70574051
0.41814324, 0.27660602
-0.0, 0.13876024, -0.01648896
0.0, 0.72853786, 0.68495744
0.59559381, 0.24960595
-0.00878424, 0.13876024, -0.01648896
-0.58064514, 0.59312725, 0.55766475
0.59559381, 0.28755885
-0.00878424, 0.03618573, -0.01292216
-0.87557602, -0.46293527, 0.1378521
0.13836503, 0.27165967
-0.00878424, 0.07092346, -0.01230181
-0.85055083, 0.31019014, 0.42460403
0.29320928, 0.26889461
-0.0, 0.09367269, -0.01370601
0.0, -0.68495744, 0.72853786
0.39461455, 0.2751537
-0.00878424, 0.09367269, -0.01370601
-0.70708334, 0.04354991, 0.70574051
0.39461455, 0.2751537
-0.0, 0.09895108, 0.00276847
0.0, 0.70708334, 0.70708334
0.43262312, 0.18796438
-0.00449968, 0.09895108, -0.0140318
-0.28916287, 0.31949827, 0.90237129
0.41814324, 0.27660602
-0.00449969, 0.09895108, 0.00276847
-0.57734919, 0.57734919, 0.57734919
0.41814324, 0.20171839
-0.0, 0.06506779, 0.00276847
0.0, 0.0, 1.0
0.29279539, 0.18225533
-0.00449968, 0.06506779, 0.00276847
-0.42005676, 0.51246679, 0.7489242
0.26710752, 0.20171839
-0.0, 0.0160254, 0.03794386
0.0, -0.82717371, 0.56190681
0.00939552, 0.01861924
-0.00878424, 0.0160254, 0.03794386
-0.56004518, -0.68526262, 0.46552935
0.0485, 0.04492331
-0.00878424, 0.06673785, -0.00152962
-0.70708334, 0.6590777, 0.25608081
0.27455178, 0.22087723
-0.0, 0.07092346, -0.01230181
0.0, 0.58986175, 0.8074587
0.30975938, 0.24997103
-0.0, 0.03618573, -0.01292216
0.0, -0.95840329, 0.28537858
0.09205884, 0.25659549
-0.00878424, 0.02676196, -0.01957315
-0.61671805, -0.6989044, 0.36216316
0.09635857, 0.30130678
-0.0, 0.02676196, -0.01957315
0.0, -0.8878445, 0.46009704
0.04699792, 0.30130678
-0.0, 0.09367269, -0.00152962
0.0, -0.70708334, -0.70708334
0.38237959, 0.2348181
-0.00449968, 0.06673785, -0.00152962
-0.73818171, 0.55671865, -0.38093203
0.27455178, 0.22087723
-0.0, 0.13876024, -0.02386551
0.0, 1.0, 0.0
0.63419867, 0.32043999
-0.00878424, 0.05140013, 0.03794386
-0.59935302, 0.45200965, 0.66060364
0.20618364, 0.04492331
-0.0, 0.05140013, 0.03794386
0.0, 0.56471449, 0.82525104
0.23003182, 0.01861924
-0.00530727, 0.03548825, -0.03985836
-0.60271007, 0.43409526, -0.66951507
0.89239627, 0.11455297
-0.00530727, 0.03220928, -0.0370784
-0.59083831, -0.73650318, -0.32923368
0.8777805, 0.12694502
-0.00530727, 0.03673098, -0.0370784
-0.59083831, 0.73650318, -0.32923368
0.89793581, 0.12694502
-0.00193582, 0.1368354, -0.0370784
-0.4221015, 0.44050416, -0.79229105
0.97089577, 0.11571145
-0.00193582, 0.13053094, -0.0370784
-0.4221015, -0.44050416, -0.79229105
0.94279349, 0.11571145
-0.00530727, 0.03345201, -0.03985845
-0.60271007, -0.43406475, -0.66951507
0.88331991, 0.11455297
-0.00878424, 0.06506779, 0.00276847
-0.70708334, 0.6590777, 0.25608081
0.26710752, 0.20171839
-0.0, 0.02676196, -0.0370784
0.0, -0.70708334, -0.70708334
0.04702653, 0.62066418
-0.0, 0.02676196, -0.0370784
0.0, -0.70708334, -0.70708334
0.0963585, 0.56661335
-0.0, 0.09895108, -0.0140318
0.0, 0.72853786, 0.68495744
0.44498506, 0.76477432
-0.0, 0.06673785, -0.00152962
0.0, 0.9320963, 0.36216316
0.30868033, 0.77106392
-0.0, 0.13876024, -0.01648896
0.0, 0.72853786, 0.68495744
0.63624895, 0.71244204
-0.0, 0.03220928, -0.0370784
0.0, -0.91293067, -0.40809351
0.86470866, 0.10070294
-0.0, 0.02676196, -0.0370784
0.0, -0.70708334, -0.70708334
0.04699792, 0.37933671
-0.0, 0.02676196, -0.0370784
0.0, -0.70708334, -0.70708334
0.0963585, 0.43239152
-0.0, 0.09895108, -0.0140318
0.0, 0.72853786, 0.68495744
0.44393873, 0.24370003
-0.0, 0.06673785, -0.00152962
0.0, 0.9320963, 0.36216316
0.30646366, 0.23331141
-0.0, 0.09895108, -0.0140318
0.0, 0.72853786, 0.68495744
0.41814324, 0.27660602
-0.0, 0.13876024, -0.01648896
0.0, 0.72853786, 0.68495744
0.63419867, 0.28755885
# Number of Faces:
132
# Face Data:
0, 1, 2
3, 2, 1
4, 5, 0
5, 6, 1
7, 8, 9
10, 11, 12
13, 14, 15
16, 17, 18
19, 20, 21
21, 22, 23
24, 15, 25
26, 27, 17
28, 29, 30
11, 9, 18
31, 32, 7
33, 12, 2
0, 30, 4
19, 7, 9
23, 7, 21
14, 22, 34
34, 25, 14
35, 36, 37
38, 39, 40
41, 42, 39
43, 44, 36
40, 45, 38
36, 46, 37
35, 47, 43
31, 13, 27
48, 49, 50
50, 51, 48
52, 53, 49
54, 52, 48
55, 56, 57
58, 59, 60
61, 62, 49
62, 63, 64
65, 66, 67
68, 67, 69
61, 70, 71
72, 73, 62
74, 75, 76
58, 64, 66
77, 78, 56
60, 79, 50
76, 49, 53
56, 66, 57
69, 56, 78
68, 80, 81
71, 81, 80
82, 83, 84
85, 39, 86
86, 39, 42
44, 87, 82
40, 85, 45
46, 82, 84
47, 83, 87
88, 78, 72
0, 5, 1
3, 33, 2
4, 89, 5
5, 90, 6
7, 32, 8
10, 91, 11
0, 2, 18
12, 11, 2
17, 27, 15
2, 11, 18
27, 13, 15
0, 18, 17
15, 28, 0
14, 25, 15
15, 0, 17
16, 26, 17
19, 91, 20
21, 20, 22
24, 29, 15
26, 92, 27
28, 15, 29
11, 91, 19
9, 16, 18
11, 19, 9
31, 92, 32
33, 93, 12
0, 28, 30
19, 21, 7
23, 31, 7
14, 13, 22
34, 24, 25
35, 43, 36
38, 41, 39
43, 47, 44
36, 44, 46
35, 94, 47
31, 23, 13
48, 52, 49
50, 79, 51
52, 95, 53
54, 96, 52
55, 77, 56
58, 97, 59
60, 50, 58
49, 75, 61
61, 71, 80
88, 72, 61
61, 80, 88
50, 49, 64
64, 58, 50
61, 72, 62
64, 49, 62
62, 73, 63
65, 97, 66
68, 65, 67
61, 74, 70
72, 98, 73
74, 61, 75
64, 63, 57
66, 99, 58
64, 57, 66
77, 98, 78
60, 100, 79
76, 75, 49
56, 67, 66
69, 67, 56
68, 88, 80
71, 70, 81
82, 87, 83
85, 40, 39
44, 47, 87
46, 44, 82
47, 94, 83
88, 69, 78
