# Project Zomboid Skinned Mesh
# File Version:
1.0
# Model Name:
Cube
# Vertex Stride Element Count:
3
# Vertex Stride Size (in bytes):
76
# Vertex Stride Data:
# (Int)    Offset
# (String) Type
0
VertexArray
12
NormalArray
24
TextureCoordArray
# Vertex Count:
207
# Vertex Buffer:
-0.0, 0.10156928, -0.01867506
0.0, 0.58919036, 0.80794704
0.41768223, 0.78013003
0.00587057, 0.09831319, -0.01416256
0.32877591, 0.36658832, 0.87032688
0.40526727, 0.77709866
0.00970124, 0.10156928, -0.01867506
0.76860869, 0.26822719, 0.5807367
0.41768223, 0.75989252
0.00970124, 0.03371887, -0.01489355
0.90826136, -0.3625904, 0.20868556
0.15896684, 0.77431154
0.00970124, 0.07383157, -0.02507566
1.0, 0.0, 0.0
0.31191778, 0.73548663
0.00970124, 0.07261322, -0.01867506
0.88174075, 0.30072939, 0.36338389
0.3072722, 0.75989252
-0.0, 0.01676114, 0.04426294
0.0, -0.79860836, 0.601825
0.0548231, 0.9998771
0.00970124, 0.06063307, 0.04426294
0.58787805, 0.51573229, 0.62318796
0.26159161, 0.9998771
-0.0, 0.06063307, 0.04426294
0.0, 0.63756216, 0.77037871
0.29365221, 0.9998771
0.00970124, 0.0074478, -0.02151887
0.54039127, -0.84127325, -0.01449629
0.0587945, 0.74904895
-0.0, 0.02392947, -0.02507566
0.0, -0.21094394, -0.97747731
0.08494878, 0.73548663
0.00970124, 0.02392947, -0.02507566
0.88125247, -0.09967345, -0.46195868
0.12163961, 0.73548663
-0.0, 0.03371887, -0.01489355
0.0, -0.86666465, 0.49885556
0.11923692, 0.77431154
-0.0, 0.04867784, -0.05001969
0.0, -0.12161626, -0.99255347
0.2160058, 0.61027682
0.00733079, 0.05651536, -0.05192938
0.57698292, -0.08008057, -0.81279945
0.24589047, 0.62414432
0.00785761, 0.04867784, -0.05001969
0.63725698, -0.06949065, -0.76747948
0.2160058, 0.63142622
-0.0, 0.07261322, -0.01867506
0.0, 0.63756216, 0.77037871
0.33212814, 0.78013003
0.00454698, 0.18456845, -0.04990981
0.47859126, 0.59456158, -0.64607686
0.49979776, 0.53992295
0.00830818, 0.16451356, -0.03756765
0.95654166, 0.0, -0.29148227
0.42332792, 0.5869841
0.00454001, 0.08131568, -0.04993272
0.59312725, 0.0, -0.80507827
0.1060918, 0.53983593
-0.0, 0.18456845, -0.04990981
0.0, 0.7071749, -0.70702231
0.49979776, 0.52229166
0.00454698, 0.18456845, -0.04990981
0.47859126, 0.59456158, -0.64607686
0.87629533, 0.53992298
-0.0, 0.18456845, -0.03789824
0.0, 0.98263496, 0.18539995
0.85895526, 0.58572969
0.00820744, 0.18456845, -0.03789824
0.6639607, 0.74694049, -0.0344554
0.89025462, 0.58572969
-0.0, 0.18265028, -0.0329964
0.0, 0.93121129, 0.364391
0.85895526, 0.60442302
0.00970124, 0.17955065, -0.02507566
0.59953612, 0.45115513, 0.66103089
0.89595139, 0.63462904
0.00970124, 0.18265028, -0.0329964
0.74663532, 0.65462202, 0.11819819
0.89595139, 0.60442302
-0.0, 0.08131568, -0.05192938
0.0, 0.70232248, -0.71181369
0.34045494, 0.60093987
-0.00052682, 0.05651536, -0.05192938
0.0, -0.11749626, -0.99307227
0.24556848, 0.60093987
0.00830818, 0.16451356, -0.03756765
0.95608389, 0.0, -0.29297769
0.657691, 0.6789062
0.00970124, 0.08593042, -0.03302188
0.99203467, 0.03469954, -0.12094485
0.358051, 0.69623935
0.00830816, 0.08309688, -0.03756765
0.28873563, 0.84411144, -0.45176551
0.34724689, 0.6789062
0.00970124, 0.02392947, -0.02507566
0.64342171, -0.7415998, -0.18967253
0.12163961, 0.72653842
0.00970122, 0.08309688, -0.03756743
0.73723561, 0.61452073, -0.28067872
0.34724686, 0.67890704
0.00454001, 0.08131568, -0.04993272
0.0, 1.0, 0.0
0.34045494, 0.63175797
0.00733079, 0.08131568, -0.05192938
0.48786891, 0.59282207, -0.64070559
0.34045494, 0.62414432
0.00970123, 0.08131568, -0.04333671
0.75518054, 0.62532425, -0.19660024
0.34045497, 0.65690851
-0.0, 0.0286005, -0.04333671
0.0, -0.87130344, -0.4907071
0.1394504, 0.63748139
0.00785762, 0.03515102, -0.05001969
0.52369761, -0.29419842, -0.79946285
0.1644277, 0.63142622
0.00970124, 0.0286005, -0.04333671
0.66130561, -0.63567001, -0.39820552
0.1394504, 0.65690863
0.00970124, 0.16202964, -0.0232608
0.68874174, 0.06060976, 0.72243416
0.64821935, 0.7424069
-0.0, 0.11566952, -0.0232608
0.0, 0.15655996, 0.98764002
0.47144729, 0.76281762
0.00970124, 0.11566952, -0.0232608
0.7441023, 0.10458693, 0.65981019
0.47144729, 0.7424069
0.00970124, 0.17276451, -0.02507566
0.89440596, 0.0, 0.44718772
0.45478931, 0.63461632
0.00970125, 0.16451356, -0.0329964
0.98907435, 0.0, -0.14734337
0.42332792, 0.60441446
0.00970124, 0.18265028, -0.0329964
0.74663532, 0.65462202, 0.11819819
0.49248359, 0.60441446
0.00970124, 0.11566952, -0.02507566
1.0, 0.0, 0.0
0.47144729, 0.73548663
0.00970124, 0.09065372, -0.01867506
0.79467148, -0.1536607, 0.58720666
0.37606114, 0.75989252
-0.0, 0.09467266, -0.01416256
0.0, -0.40919217, 0.91241187
0.39117301, 0.79397237
0.00587057, 0.09467266, -0.01416256
0.3332316, -0.3216956, 0.88622701
0.39138576, 0.77709866
-0.0, 0.09065372, -0.01867506
0.0, -0.40919217, 0.91241187
0.37606114, 0.78013003
0.00970124, 0.01676114, 0.04426294
0.5640431, -0.65941346, 0.49693289
0.09430647, 0.9998771
-0.0, 0.17276451, -0.02507566
0.0, 0.0, 1.0
0.45478931, 0.66194731
0.00970124, 0.17955065, -0.02507566
0.59953612, 0.45115513, 0.66103089
0.48066485, 0.63461632
-0.0, 0.17955065, -0.02507566
0.0, 0.56370741, 0.82595295
0.48066485, 0.66194731
0.00267216, 0.0289203, -0.02533955
0.53975034, 0.81044954, 0.22763756
0.78680652, 0.10464597
0.00267215, 0.0154845, -0.02624593
0.76396984, 0.10901211, 0.63591421
0.73557538, 0.10118979
0.00267215, 0.01018996, -0.03509892
0.56810206, -0.31949827, -0.75835443
0.71538711, 0.06743306
0.00267215, 0.00632941, -0.02230057
0.54918057, -0.5562914, 0.62358469
0.70066673, 0.11623365
-0.0, 0.0289203, -0.02533955
0.0, 0.96270639, 0.27042452
0.8190704, 0.10549796
-0.0, 0.00632941, -0.02230057
0.0, -0.66570026, 0.74620807
0.68752539, 0.13060498
-0.0, 0.01018996, -0.03509892
0.0, -0.38825649, -0.92153692
0.70472455, 0.04955328
-0.0, 0.0154845, -0.02624593
0.0, 0.16895047, 0.98559529
0.73859119, 0.11858058
-0.0, 0.02392947, -0.02507566
0.0, -0.96877956, -0.2478103
0.12163961, 0.70612705
0.00587057, 0.09475709, -0.00172619
0.90450758, -0.30149236, -0.30149236
0.44013137, 0.82451904
-0.0, 0.06938702, -0.00172619
0.0, 0.0, -1.0
0.3440578, 0.81853759
-0.0, 0.09475709, -0.00172619
0.0, -0.70708334, -0.70708334
0.43208781, 0.81853759
0.00587062, 0.06880302, 0.00134199
0.66072571, 0.0, 0.75060272
0.34116772, 0.83621812
0.00587062, 0.06938702, -0.00172619
0.74584186, 0.0, -0.66609699
0.34339449, 0.82451904
0.00587062, 0.09831319, -0.01416256
0.70708334, 0.70708334, 0.0
0.45369112, 0.77709866
-0.0, 0.09831319, 0.00134199
0.0, 0.70708334, 0.70708334
0.46151012, 0.84438521
0.00587062, 0.09831319, 0.00134199
0.57734919, 0.57731867, 0.57731867
0.45369112, 0.83621812
-0.0, 0.06880302, 0.00134199
0.0, 0.0, 1.0
0.34335607, 0.84438521
-0.0, 0.09475709, -0.01416256
0.0, -1.0, 0.0
0.43208781, 0.77709866
0.00587057, 0.09475709, -0.01416256
0.70708334, -0.70708334, 0.0
0.44013137, 0.77709866
0.00785762, 0.03992183, -0.0552123
0.63481551, 0.27607045, -0.72164065
0.82045388, 0.04738003
0.00785762, 0.03687531, -0.05001969
0.70708334, -0.70708334, 0.0
0.80883753, 0.06717962
0.00785762, 0.03687531, -0.0552123
0.57734919, -0.57734919, -0.57734919
0.80883753, 0.04738003
0.00173777, 0.18040764, -0.04990981
0.70708334, 0.70708334, 0.0
0.89547247, 0.12332326
0.00173777, 0.17280963, -0.04990981
0.70708334, -0.70708334, 0.0
0.86650074, 0.12332326
0.00173777, 0.17280963, -0.05176138
0.61412394, -0.69432658, -0.375103
0.86650074, 0.11626327
0.00655008, 0.08131568, -0.04333679
0.0, 0.99255347, -0.12170781
0.34045494, 0.65690836
-0.0, 0.03515102, -0.05001969
0.0, -0.3872799, -0.92193365
0.1644277, 0.61027682
-0.0, 0.03992183, -0.0552123
0.0, 0.35731071, -0.93395793
0.82045388, 0.02284104
-0.0, 0.04571471, -0.05001969
0.0, 0.66747034, -0.7446211
0.84254241, 0.0424462
0.00785762, 0.04571471, -0.05001969
0.42182684, 0.60518205, -0.67513049
0.84254241, 0.06717962
-0.0, 0.03687531, -0.0552123
0.0, -0.70708334, -0.70708334
0.80883753, 0.02284104
0.00173777, 0.1777468, -0.05499692
0.64803004, -0.2178106, -0.72978914
0.8853268, 0.10392612
-0.0, 0.18040764, -0.05499692
0.0, 0.70708334, -0.70708334
0.90022457, 0.09720814
0.00173777, 0.18040764, -0.05499692
0.57734919, 0.57734919, -0.57734919
0.89547247, 0.10392612
-0.0, 0.1777468, -0.05499692
0.0, -0.28598896, -0.95822018
0.88328403, 0.09491825
-0.0, 0.18040764, -0.04990981
0.0, 1.0, 0.0
0.9055478, 0.12248486
-0.0, 0.17280963, -0.05176138
0.0, -0.87978756, -0.47532579
0.85967654, 0.11289144
-0.0, 0.17276451, -0.02507566
0.0, 0.16669209, 0.98599201
0.68915242, 0.75227624
-0.0, 0.16202964, -0.0232608
0.0, 0.08362071, 0.99649036
0.64821935, 0.76281762
-0.0, 0.10156928, -0.01867506
0.0, 0.58919036, 0.80794704
0.41768223, 0.21987575
-0.00587057, 0.09831319, -0.01416256
-0.32877591, 0.36658832, 0.87032688
0.40526727, 0.22290713
-0.0, 0.09831319, -0.01416256
0.0, 0.45542771, 0.89025545
0.40502954, 0.20603341
-0.00970124, 0.07383157, -0.02507566
-1.0, 0.0, 0.0
0.31191778, 0.26451916
-0.00970124, 0.02392947, -0.02507566
-0.88125247, -0.09967345, -0.46195868
0.12163961, 0.26451916
-0.00970124, 0.03371887, -0.01489355
-0.90826136, -0.3625904, 0.20868556
0.15896684, 0.22569424
-0.00970124, 0.06063307, 0.04426294
-0.58787805, 0.51573229, 0.62318796
0.26159161, 0.00012869
-0.0, 0.01676114, 0.04426294
0.0, -0.79860836, 0.601825
0.0548231, 0.00012869
-0.0, 0.06063307, 0.04426294
0.0, 0.63756216, 0.77037871
0.29365221, 0.00012869
-0.0, 0.02392947, -0.02507566
0.0, -0.21094394, -0.97747731
0.08494878, 0.26451916
-0.00970124, 0.0074478, -0.02151887
-0.54039127, -0.84127325, -0.01449629
0.0587945, 0.25095683
-0.0, 0.03371887, -0.01489355
0.0, -0.86666465, 0.49885556
0.11923692, 0.22569424
-0.00733079, 0.05651536, -0.05192938
-0.57698292, -0.08008057, -0.81279945
0.24589047, 0.37586147
-0.0, 0.04867784, -0.05001969
0.0, -0.12161626, -0.99255347
0.2160058, 0.38972896
-0.00785761, 0.04867784, -0.05001969
-0.63725698, -0.06949065, -0.76747948
0.2160058, 0.36857957
-0.0, 0.07261322, -0.01867506
0.0, 0.63756216, 0.77037871
0.33212814, 0.21987575
-0.00830818, 0.16451356, -0.03756765
-0.95654166, 0.0, -0.29148227
0.42332792, 0.41302168
-0.00820744, 0.18456845, -0.03789824
-0.6639607, 0.74694049, -0.0344554
0.49979776, 0.41428214
-0.00454698, 0.18456845, -0.04990981
-0.47859126, 0.59456158, -0.64607686
0.49979776, 0.46008283
-0.00454001, 0.08131568, -0.04993272
-0.59312725, 0.0, -0.80507827
0.1060918, 0.46016985
-0.0, 0.18456845, -0.04990981
0.0, 0.7071749, -0.70702231
0.49979776, 0.47771412
-0.0, 0.08131568, -0.04990981
0.0, 0.0, -1.0
0.10610497, 0.47801363
-0.00454698, 0.18456845, -0.04990981
-0.47859126, 0.59456158, -0.64607686
0.8416152, 0.53992298
-0.00820744, 0.18456845, -0.03789824
-0.6639607, 0.74694049, -0.0344554
0.82765591, 0.58572969
-0.00970124, 0.17955065, -0.02507566
-0.59953612, 0.45115513, 0.66103089
0.82195914, 0.63462904
-0.00970124, 0.18265028, -0.0329964
-0.74663532, 0.65462202, 0.11819819
0.82195914, 0.60442302
-0.0, 0.08131568, -0.05192938
0.0, 0.70232248, -0.71181369
0.34045494, 0.39906591
-0.00733079, 0.08131568, -0.05192938
-0.48786891, 0.59282207, -0.64070559
0.34045494, 0.37586147
-0.00970124, 0.08593042, -0.03302188
-0.99203467, 0.03469954, -0.12094485
0.358051, 0.30376643
-0.00830818, 0.16451356, -0.03756765
-0.95608389, 0.0, -0.29297769
0.657691, 0.32109958
-0.00830816, 0.08309688, -0.03756765
-0.28873563, 0.84411144, -0.45176551
0.34724689, 0.32109958
-0.00970124, 0.0286005, -0.04333671
-0.66130561, -0.63567001, -0.39820552
0.1394504, 0.34309715
-0.00970124, 0.02392947, -0.02507566
-0.64342171, -0.7415998, -0.18967253
0.12163961, 0.27346736
-0.00970122, 0.08309688, -0.03756743
-0.73723561, 0.61452073, -0.28067872
0.34724686, 0.32109874
-0.00454001, 0.08131568, -0.04993272
0.0, 1.0, 0.0
0.34045494, 0.63175797
-0.0, 0.08131568, -0.04990981
0.0, 1.0, 0.0
0.34045494, 0.60924768
-0.00970123, 0.08131568, -0.04333671
-0.75518054, 0.62532425, -0.19660024
0.34045497, 0.34309727
-0.00655008, 0.08131568, -0.04333679
0.0, 0.99255347, -0.12170781
0.34045494, 0.34309739
-0.00785762, 0.03515102, -0.05001969
-0.52369761, -0.29419842, -0.79946285
0.1644277, 0.36857957
-0.0, 0.0286005, -0.04333671
0.0, -0.87130344, -0.4907071
0.1394504, 0.36252439
-0.0, 0.11566952, -0.0232608
0.0, 0.15655996, 0.98764002
0.47144729, 0.23718816
-0.00970124, 0.16202964, -0.0232608
-0.68874174, 0.06060976, 0.72243416
0.64821935, 0.25759888
-0.00970124, 0.11566952, -0.0232608
-0.7441023, 0.10458693, 0.65981019
0.47144729, 0.25759888
-0.00970125, 0.16451356, -0.0329964
-0.98907435, 0.0, -0.14734337
0.42332792, 0.39559132
-0.00970124, 0.16451356, -0.02507566
-1.0, 0.0, 0.0
0.42332792, 0.36538947
-0.00970124, 0.17276451, -0.02507566
-0.89440596, 0.0, 0.44718772
0.45478931, 0.36538947
-0.00970124, 0.10156928, -0.01867506
-0.76860869, 0.26822719, 0.5807367
0.41768223, 0.24011326
-0.00970124, 0.11566952, -0.02507566
-0.99996948, 0.0, 0.0
0.47144729, 0.26451916
-0.00970124, 0.09065372, -0.01867506
-0.79467148, -0.1536607, 0.58720666
0.37606114, 0.24011326
-0.00970124, 0.07261322, -0.01867506
-0.88174075, 0.30072939, 0.36338389
0.3072722, 0.24011326
-0.0, 0.09467266, -0.01416256
0.0, -0.40919217, 0.91241187
0.39117301, 0.20603341
-0.00587057, 0.09467266, -0.01416256
-0.3332316, -0.3216956, 0.88622701
0.39138576, 0.22290713
-0.0, 0.09065372, -0.01867506
0.0, -0.40919217, 0.91241187
0.37606114, 0.21987575
-0.00970124, 0.01676114, 0.04426294
-0.5640431, -0.65941346, 0.49693289
0.09430647, 0.00012869
-0.00970124, 0.17955065, -0.02507566
-0.59953612, 0.45115513, 0.66103089
0.48066485, 0.36538947
-0.0, 0.17276451, -0.02507566
0.0, 0.0, 1.0
0.45478931, 0.33805847
-0.0, 0.17955065, -0.02507566
0.0, 0.56370741, 0.82595295
0.48066485, 0.33805847
-0.00267216, 0.0289203, -0.02533955
-0.53975034, 0.81044954, 0.22763756
0.78680652, 0.10464597
-0.00267215, 0.01018996, -0.03509892
-0.56810206, -0.31949827, -0.75835443
0.71538711, 0.06743306
-0.00267215, 0.0154845, -0.02624593
-0.76396984, 0.10901211, 0.63591421
0.73557538, 0.10118979
-0.00267215, 0.00632941, -0.02230057
-0.54918057, -0.5562914, 0.62358469
0.70066673, 0.11623365
-0.0, 0.02392947, -0.02507566
0.0, -0.96877956, -0.2478103
0.12163961, 0.29387873
-0.00587057, 0.09475709, -0.00172619
-0.90450758, -0.30149236, -0.30149236
0.44013137, 0.17548674
-0.0, 0.06938702, -0.00172619
0.0, 0.0, -1.0
0.3440578, 0.18146819
-0.00587062, 0.06938702, -0.00172619
-0.74584186, 0.0, -0.66609699
0.34339449, 0.17548674
-0.00587062, 0.06880302, 0.00134199
-0.66072571, 0.0, 0.75060272
0.34116772, 0.16378766
-0.00587062, 0.09831319, 0.00134199
-0.57734919, 0.57731867, 0.57731867
0.45369112, 0.16378766
-0.0, 0.09831319, 0.00134199
0.0, 0.70708334, 0.70708334
0.46151012, 0.15562057
-0.00587062, 0.09831319, -0.01416256
-0.70708334, 0.70708334, 0.0
0.45369112, 0.22290713
-0.0, 0.06880302, 0.00134199
0.0, 0.0, 1.0
0.34335607, 0.15562057
-0.0, 0.09475709, -0.01416256
0.0, -1.0, 0.0
0.43208781, 0.22290713
-0.00587057, 0.09475709, -0.01416256
-0.70708334, -0.70708334, 0.0
0.44013137, 0.22290713
-0.00785762, 0.03687531, -0.05001969
-0.70708334, -0.70708334, 0.0
0.80883753, 0.06717962
-0.00785762, 0.03992183, -0.0552123
-0.63481551, 0.27607045, -0.72164065
0.82045388, 0.04738003
-0.00785762, 0.03687531, -0.0552123
-0.57734919, -0.57734919, -0.57734919
0.80883753, 0.04738003
-0.00173777, 0.17280963, -0.05176138
-0.61412394, -0.69432658, -0.375103
0.86650074, 0.11626327
-0.00173777, 0.18040764, -0.04990981
-0.70708334, 0.70708334, 0.0
0.89547247, 0.12332326
-0.00173777, 0.1777468, -0.05499692
-0.64803004, -0.2178106, -0.72978914
0.8853268, 0.10392612
-0.00970123, 0.08131568, -0.04333671
-0.75518054, 0.62532425, -0.19660024
0.34045497, 0.65690851
-0.00655008, 0.08131568, -0.04333679
0.0, 0.99255347, -0.12170781
0.34045494, 0.65690839
-0.0, 0.03515102, -0.05001969
0.0, -0.3872799, -0.92193365
0.1644277, 0.38972896
-0.00785762, 0.04571471, -0.05001969
-0.42182684, 0.60518205, -0.67513049
0.84254241, 0.06717962
-0.00173777, 0.18040764, -0.05499692
-0.57734919, 0.57734919, -0.57734919
0.89547247, 0.10392612
-0.00173777, 0.17280963, -0.04990981
-0.70708334, -0.70708334, 0.0
0.86650074, 0.12332326
-0.0, 0.17276451, -0.02507566
0.0, 0.16669209, 0.98599201
0.68915242, 0.24772954
-0.0, 0.16202964, -0.0232608
0.0, 0.08362071, 0.99649036
0.64821935, 0.23718816
-0.00970124, 0.17276451, -0.02507566
-0.10599078, 0.16574602, 0.98043764
0.68915242, 0.26451916
-0.0, 0.09831319, -0.01416256
0.0, 0.45542771, 0.89025545
0.40502954, 0.79397237
-0.0, 0.0074478, -0.02151887
0.0, -0.99984741, -0.01724296
0.02298012, 0.74904895
0.00655008, 0.08131568, -0.04333679
0.95654166, 0.0, -0.29148227
0.1060918, 0.56498623
0.00830818, 0.08309688, -0.03756765
0.95654166, 0.0, -0.29148227
0.11288375, 0.5869841
0.00820744, 0.18456845, -0.03789824
0.6639607, 0.74694049, -0.0344554
0.49979776, 0.58572364
-0.0, 0.08131568, -0.04990981
0.0, 0.0, -1.0
0.10610497, 0.52199215
-0.0, 0.18456845, -0.04990981
0.0, 0.7071749, -0.70702231
0.85895526, 0.53992298
-0.0, 0.17955065, -0.02507566
0.0, 0.56370741, 0.82595295
0.85895526, 0.63462904
0.00970124, 0.16451356, -0.03302188
0.98895228, 0.0, -0.14810632
0.657691, 0.69623935
0.00970124, 0.16451356, -0.02507566
1.0, 0.0, 0.0
0.657691, 0.72653842
0.00970124, 0.16451356, -0.02507566
1.0, 0.0, 0.0
0.42332792, 0.63461632
-0.0, 0.09831319, -0.01416256
0.0, 1.0, 0.0
0.46151012, 0.78529793
-0.0, 0.03687531, -0.05001969
0.0, -1.0, 0.0
0.80514443, 0.0411399
-0.0, 0.17280963, -0.04990981
0.0, -1.0, 0.0
0.85809922, 0.12184292
0.00970124, 0.17276451, -0.02507566
0.10599078, 0.16574602, 0.98043764
0.68915242, 0.73548663
-0.0, 0.0074478, -0.02151887
0.0, -0.99984741, -0.01724296
0.02298012, 0.25095683
0.00052682, 0.05651536, -0.05192938
0.0, -0.11749626, -0.99307227
0.24556848, 0.39906591
-0.00655008, 0.08131568, -0.04333679
-0.95654166, 0.0, -0.29148227
0.1060918, 0.43501955
-0.00830818, 0.08309688, -0.03756765
-0.95654166, 0.0, -0.29148227
0.11288375, 0.41302168
-0.00970124, 0.18265028, -0.0329964
-0.74663532, 0.65462202, 0.11819819
0.49248359, 0.39559132
-0.00970124, 0.16451356, -0.03302188
-0.98895228, 0.0, -0.14810632
0.657691, 0.30376643
-0.00970124, 0.16451356, -0.02507566
-1.0, 0.0, 0.0
0.657691, 0.27346736
-0.00733079, 0.08131568, -0.05192938
-0.48786891, 0.59282207, -0.64070559
0.34045494, 0.62414432
-0.0, 0.09475709, -0.00172619
0.0, -0.70708334, -0.70708334
0.43208781, 0.18146819
-0.0, 0.09831319, -0.01416256
0.0, 1.0, 0.0
0.46151012, 0.21470785
# Number of Faces:
250
# Face Data:
0, 1, 2
3, 4, 5
6, 7, 8
9, 10, 11
12, 9, 3
13, 14, 15
7, 16, 8
17, 18, 19
19, 20, 17
21, 22, 23
24, 25, 26
27, 14, 28
29, 30, 31
30, 32, 33
33, 31, 30
27, 34, 35
36, 31, 33
37, 38, 39
40, 41, 42
23, 24, 26
43, 44, 45
46, 2, 47
47, 16, 5
1, 48, 49
49, 50, 47
2, 49, 47
6, 3, 51
52, 53, 54
55, 56, 57
56, 58, 57
57, 59, 55
56, 60, 58
58, 61, 57
55, 62, 56
63, 39, 32
64, 65, 66
67, 68, 64
69, 70, 71
71, 72, 67
64, 73, 74
75, 76, 77
78, 79, 80
36, 34, 81
36, 39, 15
15, 82, 13
77, 83, 75
75, 84, 85
76, 86, 77
87, 88, 89
80, 90, 87
89, 91, 78
79, 92, 80
2, 41, 0
40, 93, 94
46, 40, 42
95, 96, 97
98, 99, 100
101, 102, 103
104, 105, 99
105, 106, 100
107, 108, 109
110, 101, 103
111, 112, 113
114, 115, 116
22, 117, 118
119, 24, 120
121, 107, 122
123, 124, 125
126, 127, 128
128, 123, 125
27, 129, 130
131, 125, 132
133, 134, 126
135, 136, 137
118, 24, 22
138, 139, 140
141, 137, 142
110, 143, 144
145, 96, 146
147, 146, 143
141, 146, 96
100, 102, 148
149, 150, 151
152, 153, 154
154, 153, 155
59, 153, 152
60, 154, 155
61, 155, 153
154, 59, 152
126, 156, 127
157, 158, 159
157, 160, 161
162, 163, 161
164, 161, 160
165, 157, 166
167, 168, 169
170, 171, 172
129, 173, 174
109, 131, 107
175, 109, 108
83, 169, 168
84, 168, 176
86, 167, 169
88, 172, 177
90, 170, 172
91, 177, 171
92, 178, 170
135, 141, 95
179, 136, 180
142, 136, 181
0, 182, 1
5, 7, 3
3, 9, 11
7, 51, 3
11, 4, 3
6, 51, 7
9, 183, 10
12, 183, 9
13, 28, 14
7, 5, 16
184, 19, 185
17, 186, 18
45, 44, 18
18, 185, 19
186, 45, 18
19, 187, 20
21, 188, 22
24, 189, 25
27, 35, 14
29, 190, 30
39, 36, 33
30, 190, 191
39, 33, 32
30, 191, 32
27, 130, 34
36, 81, 31
37, 82, 38
40, 94, 41
23, 22, 24
45, 53, 43
43, 192, 44
5, 4, 47
46, 42, 2
47, 4, 46
47, 50, 16
1, 182, 48
49, 48, 50
2, 1, 49
6, 12, 3
52, 43, 53
57, 61, 59
56, 62, 60
58, 60, 61
55, 59, 62
63, 37, 39
64, 68, 65
74, 69, 64
71, 67, 64
64, 69, 71
69, 193, 70
71, 70, 72
64, 66, 73
75, 85, 76
80, 87, 78
89, 78, 87
36, 35, 34
15, 14, 36
35, 36, 14
39, 38, 15
15, 38, 82
77, 86, 83
75, 83, 84
76, 194, 86
87, 90, 88
80, 92, 90
89, 88, 91
79, 195, 92
2, 42, 41
40, 196, 93
46, 196, 40
95, 141, 96
148, 101, 100
144, 98, 100
99, 105, 100
100, 101, 144
101, 148, 102
104, 197, 105
105, 197, 106
107, 198, 108
110, 144, 101
113, 114, 111
199, 200, 114
111, 138, 201
201, 112, 111
114, 200, 111
114, 113, 115
22, 188, 117
119, 189, 24
121, 198, 107
123, 202, 124
128, 131, 126
127, 203, 123
123, 128, 127
203, 202, 123
27, 204, 129
131, 128, 125
133, 175, 134
135, 180, 136
118, 120, 24
140, 149, 201
201, 138, 140
142, 98, 143
143, 141, 142
98, 144, 143
110, 147, 143
145, 97, 96
147, 145, 146
141, 143, 146
100, 106, 102
149, 140, 150
59, 61, 153
60, 62, 154
61, 60, 155
154, 62, 59
126, 134, 156
157, 205, 158
161, 163, 157
157, 159, 160
163, 166, 157
162, 206, 163
164, 162, 161
165, 205, 157
167, 176, 168
177, 172, 171
170, 178, 171
129, 204, 173
122, 107, 131
109, 133, 126
126, 131, 109
175, 133, 109
83, 86, 169
84, 83, 168
86, 194, 167
88, 90, 172
90, 92, 170
91, 88, 177
92, 195, 178
135, 137, 141
179, 181, 136
142, 137, 136
