# Project Zomboid Skinned Mesh
# File Version:
1.0
# Model Name:
Cube.002
# Vertex Stride Element Count:
3
# Vertex Stride Size (in bytes):
76
# Vertex Stride Data:
# (Int)    Offset
# (String) Type
0
VertexArray
12
NormalArray
24
TextureCoordArray
# Vertex Count:
265
# Vertex Buffer:
0.00938241, 0.13284144, 0.04278241
0.87957394, 0.0044557, 0.47572252
0.41302264, 0.47023982
0.00938241, 0.09834355, 0.04278241
0.84499651, 0.27857295, 0.45643482
0.35258389, 0.47023982
0.00938238, 0.10349011, 0.04079701
0.90450758, 0.30149236, -0.30149236
0.36160052, 0.46676141
3e-08, 0.17820595, 0.00613878
0.0, 0.70708334, 0.70708334
0.50891173, 0.40668064
0.00831956, 0.17820595, 0.033444
0.60533464, 0.65703297, 0.44923246
0.49249911, 0.4538793
0.00938242, 0.17820595, 0.00613878
0.90322578, 0.29902035, 0.30774865
0.49249911, 0.4060418
0.0093824, 0.07493556, 0.08831214
0.58580279, 0.3058565, 0.75048065
0.31157422, 0.55000573
0.0093824, 0.07487926, 0.03264198
0.77291179, -0.61110264, -0.17059846
0.31147563, 0.45247418
0.00744476, 0.13440205, 0.04246114
0.0, 0.20160528, 0.97946101
0.41575676, 0.75582762
3e-08, 0.13284144, 0.04278241
0.0, 0.10132145, 0.99484235
0.40929061, 0.74267346
0.00938241, 0.13284144, 0.04278241
0.0, 0.20160528, 0.97946101
0.4130227, 0.75526471
0.00938244, 0.18157527, -0.02783549
0.70708334, 0.70708334, 0.0
0.49840188, 0.34652072
0.00938243, 0.18157527, 0.00613878
0.70708334, 0.70708334, 0.0
0.49840188, 0.4060418
3e-08, 0.09834355, 0.04278241
0.0, 0.88933986, 0.4572283
0.36720252, 0.47775561
3e-08, 0.07493556, 0.08831214
0.0, -0.31632435, 0.94863737
0.30637425, 0.56559902
0.0093824, 0.04684113, 0.07894346
0.56651509, -0.77343059, 0.2842494
0.26235425, 0.53359205
3e-08, 0.07487926, 0.03264198
0.0, -0.85537279, -0.51796013
0.29741526, 0.44395983
3e-08, 0.04684113, 0.07894346
0.0, -0.85537279, -0.51796013
0.24829388, 0.5250777
3e-08, 0.07487926, 0.02103437
0.0, -0.87194431, 0.4895474
0.29976213, 0.4409833
0.00938239, 0.06287518, 0.01371393
0.57075715, -0.8089236, 0.1408124
0.29044497, 0.41931319
0.0093824, 0.07487926, 0.02103437
0.83544421, -0.47917113, 0.26902065
0.31147552, 0.4321382
3e-08, 0.07487926, 0.03264198
0.0, -0.99996948, 0.0
0.30171216, 0.45371562
0.00938241, 0.13284138, -0.02783549
0.70708334, 0.0, -0.70708334
0.41302252, 0.34652072
4e-08, 0.09636968, -0.02783549
0.0, 0.0, -1.0
0.36792207, 0.3378765
4e-08, 0.13284144, -0.02783549
0.0, 0.0, -1.0
0.41415119, 0.33826309
0.00938244, 0.17526552, -0.02783549
0.70708334, 0.0, -0.70708334
0.4873476, 0.34652072
4e-08, 0.17526552, -0.02783549
0.0, 0.0, -1.0
0.4720701, 0.33808213
0.00409677, 0.2139767, 0.00452172
0.29709768, 0.63023776, 0.71727651
0.95430404, 0.90972857
3e-08, 0.18157527, 0.00452172
0.0, 0.0, 1.0
0.9446736, 0.9270054
0.00409677, 0.18157527, 0.00452172
0.38267159, 0.0, 0.92385632
0.9446736, 0.90972857
0.00409677, 0.2139767, -0.01525914
0.29709768, 0.63023776, -0.71727651
0.95430404, 0.81527899
0.00989045, 0.18157527, -0.00946547
0.92385632, 0.0, -0.38267159
0.9446736, 0.8463562
0.00409677, 0.18157527, -0.01525914
0.38267159, 0.0, -0.92385632
0.9446736, 0.81527899
0.00989045, 0.2139767, -0.00127196
0.71727651, 0.63023776, 0.29709768
0.95430404, 0.87633763
0.00989045, 0.18157527, -0.00127196
0.92385632, 0.0, 0.38267159
0.9446736, 0.87633763
4e-08, 0.2139767, -0.01525914
0.0, 0.70708334, -0.70708334
0.95430404, 0.8009517
4e-08, 0.18157527, -0.01525914
0.0, 0.0, -1.0
0.9446736, 0.8009517
0.00989045, 0.2139767, -0.00946547
0.71727651, 0.63023776, -0.29709768
0.95430404, 0.8463562
0.00197457, 0.2139767, -0.0006017
0.0, 1.0, 0.0
0.96774733, 0.90972857
3e-08, 0.2139767, 0.00452172
0.0, 0.70708334, 0.70708334
0.95430404, 0.9270054
0.00476701, 0.2139767, -0.00734327
0.0, 1.0, 0.0
0.96774733, 0.8463562
0.00476701, 0.2139767, -0.00339415
0.0, 1.0, 0.0
0.96774733, 0.87633763
0.00197457, 0.2139767, -0.01013572
0.0, 1.0, 0.0
0.96774733, 0.81527899
0.00288528, 0.31553364, 0.00125387
0.22745445, -0.80416274, 0.54911953
0.54379517, 0.203026
3e-08, 0.18707234, 0.00125387
0.0, 0.0, 1.0
0.34064871, 0.20808077
0.00288528, 0.18707234, 0.00125387
0.38267159, 0.0, 0.92385632
0.34064871, 0.203026
0.00288528, 0.31553364, -0.01267748
0.22745445, -0.80416274, -0.54911953
0.54379517, 0.17269677
0.00696567, 0.18707234, -0.00859708
0.92385632, 0.0, -0.38267159
0.34064871, 0.18280655
0.00288528, 0.18707234, -0.01267748
0.38267159, 0.0, -0.92385632
0.34064871, 0.17269677
0.00696567, 0.31553364, -0.00282653
0.54911953, -0.80416274, 0.22745445
0.54379517, 0.19291621
0.00696567, 0.18707234, -0.00282653
0.92385632, 0.0, 0.38267159
0.34064871, 0.19291621
4e-08, 0.31553364, -0.01267748
0.0, -0.70708334, -0.70708334
0.54379517, 0.16764218
4e-08, 0.18707234, -0.01267748
0.0, 0.0, -1.0
0.34064871, 0.16764206
3e-08, 0.31553364, 0.00246525
0.0, -0.70708334, 0.70708334
0.54379517, 0.20808059
3e-08, 0.31553364, 0.00125387
0.0, -0.70708334, 0.70708334
0.54379517, 0.20808059
0.00817705, 0.31553364, -0.00909886
0.71727651, -0.63023776, -0.29709768
0.54379517, 0.18280655
0.00696567, 0.31553364, -0.00859708
0.54911953, -0.80416274, -0.22745445
0.54379517, 0.18280655
0.00817705, 0.31553364, -0.00232476
0.71727651, -0.63023776, 0.29709768
0.54379517, 0.19291621
4e-08, 0.31553364, -0.01388884
0.0, -0.70708334, -0.70708334
0.54379517, 0.16764218
0.00338704, 0.34798425, 0.00246525
0.38267159, 0.0, 0.92385632
0.60064739, 0.203026
0.00338704, 0.31553364, 0.00246525
0.29709768, -0.63023776, 0.71727651
0.54379517, 0.203026
0.00338704, 0.34798425, -0.01388884
0.38267159, 0.0, -0.92385632
0.60064739, 0.17269677
0.00338704, 0.31553364, -0.01388884
0.29709768, -0.63023776, -0.71727651
0.54379517, 0.17269677
0.00817705, 0.34798425, -0.00232476
0.92385632, 0.0, 0.38267159
0.60064739, 0.19291621
4e-08, 0.34798425, -0.01388884
0.0, 0.0, -1.0
0.60064739, 0.16764218
0.00817705, 0.34798425, -0.00909886
0.92385632, 0.0, -0.38267159
0.60064739, 0.18280655
0.00744476, 0.17543282, 0.03401487
0.0, 0.20160528, 0.97946101
0.48764068, 0.7706251
0.00831956, 0.17820595, 0.033444
0.0, 0.20160528, 0.97946101
0.49249917, 0.77162527
3e-08, 0.17820595, 0.033444
0.0, 0.20160528, 0.97946101
0.50179899, 0.45924282
0.00744476, 0.17543282, 0.03401487
0.5055086, 0.65782648, 0.55824459
0.48764062, 0.4548794
0.00744476, 0.13687216, 0.06788472
0.68559831, -0.71410263, 0.14133121
0.42008424, 0.51421773
3e-08, 0.13440205, 0.04246114
0.0, -0.59352398, 0.80477309
0.40770829, 0.48037726
0.00744476, 0.13440205, 0.04246114
0.72981966, -0.68041015, 0.06610309
0.4157567, 0.46967691
0.00744476, 0.17891879, 0.06283394
0.72713399, 0.67177343, -0.14117862
0.49374795, 0.50536901
3e-08, 0.17891879, 0.06283394
0.0, 0.97860652, -0.20569475
0.50580347, 0.50315326
3e-08, 0.17543282, 0.03401487
0.0, 0.81170082, 0.58403271
0.50074422, 0.4616943
0.00744476, 0.14924042, 0.10873739
0.57881403, -0.39478743, 0.7134617
0.44175279, 0.58578962
3e-08, 0.13687225, 0.06788472
0.0, -0.98095644, 0.19415876
0.40613329, 0.51737809
3e-08, 0.18949579, 0.09777003
0.0, 0.87496567, 0.48414564
0.52729475, 0.57368857
3e-08, 0.10349011, 0.04079701
0.0, 0.70708334, -0.70708334
0.37494099, 0.45777208
0.00938238, 0.12816641, 0.04079701
0.90450758, -0.30149236, -0.30149236
0.40483212, 0.46676141
0.00938238, 0.12816641, 0.02257664
0.90450758, -0.30149236, 0.30149236
0.40483212, 0.4348402
3e-08, 0.10349011, 0.02257664
0.0, 0.70708334, 0.70708334
0.37287641, 0.44403321
0.0093825, 0.10349011, 0.02257664
0.90450758, 0.30149236, 0.30149236
0.36160052, 0.4348402
3e-08, 0.12816641, 0.04079701
0.0, -0.70708334, -0.70708334
0.39174497, 0.45577568
3e-08, 0.13284144, 0.04278241
0.0, 0.10132145, 0.99484235
0.40929055, 0.482831
2e-08, 0.14924042, 0.10873739
0.0, -0.48414564, 0.87496567
0.43477201, 0.60239547
0.00744476, 0.18949579, 0.09777003
0.57588428, 0.71529281, 0.39579454
0.5122782, 0.56657529
3e-08, 0.30140352, 0.00382247
0.0, 0.0, 1.0
0.25582951, 0.20296174
0.0059863, 0.31401083, 0.00382247
0.57734919, 0.57734919, 0.57734919
0.26580828, 0.19071203
3e-08, 0.31401083, 0.00382247
0.0, 0.70708334, 0.70708334
0.27234977, 0.19734472
-0.00938232, 0.07007835, 0.00477853
-0.70708334, -0.55049288, -0.44376963
0.30306467, 0.82184574
-0.00938233, 0.06287518, 0.01371393
-0.57075715, -0.8089236, 0.1408124
0.29044509, 0.80619134
-0.00938233, 0.07487926, 0.02103437
-0.83544421, -0.47917113, 0.26902065
0.31147563, 0.79336633
0.00598625, 0.31401083, -0.04205556
0.54670858, 0.31763664, -0.77468187
0.26580828, 0.15078789
4e-08, 0.31401083, -0.04205556
0.0, 0.37937558, -0.92522967
0.27458376, 0.15928513
4e-08, 0.18157527, -0.02783549
0.0, 1.0, 0.0
0.51735282, 0.3451454
3e-08, 0.18157527, 0.00613878
0.0, 0.0, 1.0
0.50914121, 0.40078676
0.00938243, 0.18157527, 0.00613878
0.0, 0.0, 1.0
0.49272847, 0.40014786
-0.00938244, 0.10349011, 0.02257664
-0.90450758, 0.30149236, 0.30149236
0.36160058, 0.79066433
-0.00938234, 0.07487926, 0.03264198
-0.77291179, -0.61110264, -0.17059846
0.31147569, 0.7730303
-0.00938235, 0.09834355, 0.04278241
-0.84499651, 0.27857295, 0.45643482
0.35258394, 0.75526471
-0.0083195, 0.17820595, 0.033444
-0.60533464, 0.65703297, 0.44923246
0.49249917, 0.77162527
3e-08, 0.17820595, 0.00613878
0.0, 0.70708334, 0.70708334
0.50891179, 0.81882392
-0.00938236, 0.17820595, 0.00613878
-0.90322578, 0.29902035, 0.30774865
0.49249917, 0.81946276
-0.00938235, 0.07493556, 0.08831214
-0.58580279, 0.3058565, 0.75048065
0.31157434, 0.67549878
-0.00744471, 0.13440205, 0.04246114
0.0, 0.20160528, 0.97946101
0.4157567, 0.46967691
-0.00938235, 0.13284144, 0.04278241
0.0, 0.20160528, 0.97946101
0.41302264, 0.47023982
-0.00938237, 0.17526552, -0.02783549
-0.70708334, 0.0, -0.70708334
0.48734766, 0.8789839
-0.00938234, 0.13284138, -0.02783549
-0.70708334, 0.0, -0.70708334
0.41302258, 0.87898387
3e-08, 0.09834355, 0.04278241
0.0, 0.88933986, 0.4572283
0.36720258, 0.74774891
-0.00938234, 0.04684113, 0.07894346
-0.56651509, -0.77343059, 0.2842494
0.26235431, 0.69191241
3e-08, 0.07493556, 0.08831214
0.0, -0.31632435, 0.94863737
0.30637437, 0.65990549
3e-08, 0.07487926, 0.03264198
0.0, -0.85537279, -0.51796013
0.29741532, 0.7815447
3e-08, 0.04684113, 0.07894346
0.0, -0.85537279, -0.51796013
0.24829394, 0.70042682
4e-08, 0.07007834, 0.00477852
0.0, -0.7785272, -0.62758261
0.30306455, 0.40365875
0.00938239, 0.07007834, 0.00477852
0.70708334, -0.55049288, -0.44376963
0.30306455, 0.40365875
3e-08, 0.07487926, 0.02103437
0.0, -0.87194431, 0.4895474
0.29976231, 0.78452118
3e-08, 0.07487926, 0.03264198
0.0, -1.0, 0.0
0.30171233, 0.77178891
4e-08, 0.09636968, -0.02783549
0.0, 0.0, -1.0
0.36792213, 0.88762803
-0.00938233, 0.09636968, -0.02783549
-0.6216315, -0.33799249, -0.70659506
0.3491258, 0.87898387
4e-08, 0.13284144, -0.02783549
0.0, 0.0, -1.0
0.41415131, 0.88724138
3e-08, 0.18157527, 0.00452172
0.0, 0.0, 1.0
0.9446736, 0.66264504
-0.00409671, 0.2139767, 0.00452172
-0.29709768, 0.63023776, 0.71727651
0.95430404, 0.68240643
-0.00409671, 0.18157527, 0.00452172
-0.38267159, 0.0, 0.92385632
0.9446736, 0.68240643
-0.00989039, 0.18157527, -0.00946547
-0.92385632, 0.0, -0.38267159
0.9446736, 0.75165318
-0.00409671, 0.2139767, -0.01525914
-0.29709768, 0.63023776, -0.71727651
0.95430404, 0.78530143
-0.00409671, 0.18157527, -0.01525914
-0.38267159, 0.0, -0.92385632
0.9446736, 0.78530143
-0.00989039, 0.2139767, -0.00127196
-0.71727651, 0.63023776, 0.29709768
0.95430404, 0.71860301
-0.00989039, 0.18157527, -0.00127196
-0.92385632, 0.0, 0.38267159
0.9446736, 0.71860301
-0.00989039, 0.2139767, -0.00946547
-0.71727651, 0.63023776, -0.29709768
0.95430404, 0.75165318
3e-08, 0.2139767, 0.00452172
0.0, 0.70708334, 0.70708334
0.95430404, 0.66264504
-0.0019745, 0.2139767, -0.0006017
0.0, 1.0, 0.0
0.96774733, 0.68240643
-0.00476694, 0.2139767, -0.00734327
0.0, 1.0, 0.0
0.96774733, 0.75165318
-0.0019745, 0.2139767, -0.01013572
0.0, 1.0, 0.0
0.96774733, 0.78530143
-0.00476695, 0.2139767, -0.00339415
0.0, 1.0, 0.0
0.96774733, 0.71860301
4e-08, 0.2139767, -0.01013572
0.0, 1.0, 0.0
0.96774733, 0.8009517
3e-08, 0.18707234, 0.00125387
0.0, 0.0, 1.0
0.34064871, 0.12720352
-0.00288521, 0.31553364, 0.00125387
-0.22745445, -0.80416274, 0.54911953
0.54379517, 0.13225812
-0.00288521, 0.18707234, 0.00125387
-0.38267159, 0.0, 0.92385632
0.34064871, 0.13225812
-0.0069656, 0.18707234, -0.00859708
-0.92385632, 0.0, -0.38267159
0.34064871, 0.15247756
-0.00288521, 0.31553364, -0.01267748
-0.22745445, -0.80416274, -0.54911953
0.54379517, 0.16258734
-0.00288521, 0.18707234, -0.01267748
-0.38267159, 0.0, -0.92385632
0.34064871, 0.16258734
-0.00696561, 0.31553364, -0.00282653
-0.54911953, -0.80416274, 0.22745445
0.54379517, 0.1423679
-0.00696561, 0.18707234, -0.00282653
-0.92385632, 0.0, 0.38267159
0.34064871, 0.1423679
3e-08, 0.31553364, 0.00246525
0.0, -0.70708334, 0.70708334
0.54379517, 0.1272034
-0.00338698, 0.31553364, 0.00246525
-0.29709768, -0.63023776, 0.71727651
0.54379517, 0.13225812
-0.00817697, 0.31553364, -0.00909886
-0.71727651, -0.63023776, -0.29709768
0.54379517, 0.15247768
-0.00338698, 0.31553364, -0.01388884
-0.29709768, -0.63023776, -0.71727651
0.54379517, 0.16258734
-0.00817697, 0.31553364, -0.00232476
-0.71727651, -0.63023776, 0.29709768
0.54379517, 0.1423679
-0.0069656, 0.31553364, -0.00859708
-0.54911953, -0.80416274, -0.22745445
0.54379517, 0.15247768
-0.00338698, 0.34798425, 0.00246525
-0.38267159, 0.0, 0.92385632
0.60064739, 0.13225812
-0.00338698, 0.34798425, -0.01388884
-0.38267159, 0.0, -0.92385632
0.60064739, 0.16258734
-0.00817697, 0.34798425, -0.00232476
-0.92385632, 0.0, 0.38267159
0.60064739, 0.1423679
-0.00817697, 0.34798425, -0.00909886
-0.92385632, 0.0, -0.38267159
0.60064739, 0.15247768
-0.00744471, 0.17543282, 0.03401487
0.0, 0.20160528, 0.97946101
0.48764062, 0.4548794
-0.0083195, 0.17820595, 0.033444
0.0, 0.20160528, 0.97946101
0.49249911, 0.4538793
3e-08, 0.17820595, 0.033444
0.0, 0.20160528, 0.97946101
0.50179964, 0.76626144
-0.00744471, 0.17543282, 0.03401487
-0.5055086, 0.65782648, 0.55824459
0.48764068, 0.7706251
3e-08, 0.17543282, 0.03401487
0.0, 0.81170082, 0.58403271
0.50074488, 0.76380973
3e-08, 0.13440205, 0.04246114
0.0, -0.59352398, 0.80477309
0.40770835, 0.74512714
-0.00744471, 0.13687216, 0.06788472
-0.68559831, -0.71410263, 0.14133121
0.4200843, 0.71128678
-0.00744471, 0.13440205, 0.04246114
-0.72981966, -0.68041015, 0.06610309
0.41575676, 0.75582762
-0.00744471, 0.17891879, 0.06283394
-0.72713399, 0.67177343, -0.14117862
0.49374801, 0.72013545
3e-08, 0.17891879, 0.06283394
0.0, 0.97860652, -0.20569475
0.50580364, 0.72235119
3e-08, 0.13687225, 0.06788472
0.0, -0.98095644, 0.19415876
0.40613341, 0.70812637
-0.00744471, 0.14924042, 0.10873739
-0.57881403, -0.39478743, 0.7134617
0.44175285, 0.6397149
-0.00744471, 0.18949579, 0.09777003
-0.57588428, 0.71529281, 0.39579454
0.51227826, 0.65892917
3e-08, 0.18949579, 0.09777003
0.0, 0.87496567, 0.48414564
0.52729499, 0.65181595
-0.00938232, 0.12816641, 0.04079701
-0.90450758, -0.30149236, -0.30149236
0.40483218, 0.75874312
3e-08, 0.10349011, 0.04079701
0.0, 0.70708334, -0.70708334
0.37494105, 0.76773246
-0.00938232, 0.10349011, 0.04079701
-0.90450758, 0.30149236, -0.30149236
0.36160058, 0.75874312
-0.00938232, 0.12816641, 0.02257664
-0.90450758, -0.30149236, 0.30149236
0.40483218, 0.79066433
3e-08, 0.10349011, 0.02257664
0.0, 0.70708334, 0.70708334
0.37287647, 0.78147133
3e-08, 0.12816641, 0.02257664
0.0, -0.70708334, 0.70708334
0.39003211, 0.78036536
3e-08, 0.12816641, 0.04079701
0.0, -0.70708334, -0.70708334
0.39174503, 0.76972885
-0.00938235, 0.13284144, 0.04278241
-0.87957394, 0.0044557, 0.47572252
0.4130227, 0.75526471
2e-08, 0.14924042, 0.10873739
0.0, -0.48414564, 0.87496567
0.43477201, 0.62310898
-0.00598624, 0.31401083, 0.00382247
-0.57734919, 0.57734919, 0.57734919
0.26580828, 0.19071203
5e-08, 0.07473584, -0.00099903
0.0, -0.7785272, -0.62758261
0.3112244, 0.83196774
-0.00938232, 0.07473584, -0.00099903
-0.70708334, -0.55049288, -0.44376963
0.3112244, 0.83196774
0.00938239, 0.07473584, -0.00099903
0.70708334, -0.55049288, -0.44376963
0.31122431, 0.39353681
-0.00598618, 0.31401083, -0.04205556
-0.54670858, 0.31763664, -0.77468187
0.26580828, 0.15078789
-0.00938236, 0.18157527, 0.00613878
-0.70708334, 0.70708334, 0.0
0.49840194, 0.81946276
4e-08, 0.18157527, -0.02783549
0.0, 1.0, 0.0
0.51735288, 0.88035916
-0.00938237, 0.18157527, -0.02783549
-0.70708334, 0.70708334, 0.0
0.49840194, 0.8789839
3e-08, 0.18157527, 0.00613878
0.0, 0.0, 1.0
0.50914127, 0.8247178
-0.00938236, 0.18157527, 0.00613878
0.0, 0.0, 1.0
0.49272853, 0.82535671
0.00817705, 0.34798425, -0.00232476
0.0, 1.0, 0.0
0.60087413, 0.18229395
0.00817705, 0.34798425, -0.00909886
0.0, 1.0, 0.0
0.60892266, 0.1742453
4e-08, 0.34798425, -0.01388884
0.0, 1.0, 0.0
0.62432939, 0.17826957
3e-08, 0.17820595, 0.033444
0.0, 1.0, 0.0
0.50705242, 0.45444578
3e-08, 0.07493556, 0.08831214
0.0, 0.88933986, 0.4572283
0.32619286, 0.55752152
3e-08, 0.04684113, 0.07894346
0.0, -0.31632435, 0.94863737
0.25715429, 0.54918528
3e-08, 0.06287518, 0.01371393
0.0, -0.5206458, 0.8537553
0.28759861, 0.43409801
0.00938239, 0.09636968, -0.02783549
0.6216315, -0.33799249, -0.70659506
0.34912574, 0.34652072
3e-08, 0.2139767, -0.0006017
0.0, 1.0, 0.0
0.96774733, 0.9270054
3e-08, 0.34798425, 0.00246525
0.0, 0.0, 1.0
0.60064739, 0.20808059
0.0059863, 0.30140352, 0.00382247
0.70708334, 0.0, 0.70708334
0.25166446, 0.19071203
0.0059863, 0.30140352, -0.02926715
1.0, 0.0, 0.0
0.25166446, 0.14007312
3e-08, 0.12816641, 0.02257664
0.0, -0.70708334, 0.70708334
0.39003205, 0.44513917
3e-08, 0.09834355, 0.04278241
0.0, 0.0, 1.0
0.35330093, 0.48546726
4e-08, 0.06287518, 0.01371393
0.0, -0.7785272, -0.62758261
0.29044509, 0.80619134
-0.00598618, 0.30140352, -0.02926715
0.0, -0.71211892, -0.70201725
0.26580828, 0.15078789
3e-08, 0.18157527, 0.00613878
0.0, 1.0, 0.0
0.51537025, 0.40658927
3e-08, 0.17820595, 0.033444
0.0, 1.0, 0.0
0.50705248, 0.77105878
3e-08, 0.07493556, 0.08831214
0.0, 0.88933986, 0.4572283
0.32619292, 0.667983
3e-08, 0.04684113, 0.07894346
0.0, -0.31632435, 0.94863737
0.25715441, 0.67631918
4e-08, 0.07473584, -0.00099903
0.0, -0.7785272, -0.62758261
0.31122431, 0.39353681
3e-08, 0.06287518, 0.01371393
0.0, -0.5206458, 0.8537553
0.28759873, 0.79140629
4e-08, 0.17526552, -0.02783549
0.0, 0.0, -1.0
0.47207016, 0.88742234
3e-08, 0.2139767, -0.0006017
0.0, 1.0, 0.0
0.96774733, 0.66264504
3e-08, 0.31553364, 0.00125387
0.0, -0.70708334, 0.70708334
0.54379517, 0.1272034
3e-08, 0.34798425, 0.00246525
0.0, 0.0, 1.0
0.60064739, 0.1272034
4e-08, 0.30140352, -0.02926715
0.0, -0.71211892, -0.70201725
0.27458376, 0.15928513
-0.00598624, 0.30140352, 0.00382247
-0.70708334, 0.0, 0.70708334
0.25166446, 0.19071203
-0.00598623, 0.30140352, -0.02926715
-1.0, 0.0, 0.0
0.25166446, 0.14007312
5e-08, 0.07007835, 0.00477853
0.0, -0.7785272, -0.62758261
0.30306467, 0.82184574
4e-08, 0.09636968, -0.02783549
0.0, -0.7785272, -0.62758261
0.34912574, 0.34652072
3e-08, 0.09834355, 0.04278241
0.0, 0.0, 1.0
0.35330093, 0.74003726
3e-08, 0.18157527, 0.00613878
0.0, 1.0, 0.0
0.51537031, 0.81891529
-0.00817697, 0.34798425, -0.00909886
0.0, 1.0, 0.0
0.62835354, 0.19367629
-0.00817697, 0.34798425, -0.00232476
0.0, 1.0, 0.0
0.620305, 0.20172483
3e-08, 0.34798425, 0.00246525
0.0, 1.0, 0.0
0.60489827, 0.19770056
0.00338704, 0.34798425, 0.00246525
0.0, 1.0, 0.0
0.60087413, 0.19367629
-0.00338698, 0.34798425, 0.00246525
0.0, 1.0, 0.0
0.60892266, 0.20172483
-0.00338698, 0.34798425, -0.01388884
0.0, 0.99996948, 0.0
0.62835354, 0.18229383
0.00338704, 0.34798425, -0.01388884
0.0, 0.99996948, 0.0
0.620305, 0.1742453
0.00220552, 0.31450939, -0.01677585
0.29709768, 0.63023776, 0.71727651
0.54379517, 0.203026
3e-08, 0.18157527, -0.01677585
0.0, 0.0, 1.0
0.34064871, 0.20808077
0.00220552, 0.18157527, -0.01677585
0.38267159, 0.0, 0.92385632
0.34064871, 0.203026
0.00220552, 0.31450939, -0.02742501
0.29709768, 0.63023776, -0.71727651
0.54379517, 0.17269677
0.00532459, 0.18157527, -0.02430594
0.92385632, 0.0, -0.38267159
0.34064871, 0.18280655
0.00220552, 0.18157527, -0.02742501
0.38267159, 0.0, -0.92385632
0.34064871, 0.17269677
0.00532459, 0.31450939, -0.01989492
0.71727651, 0.63023776, 0.29709768
0.54379517, 0.19291621
0.00532459, 0.18157527, -0.01989492
0.92385632, 0.0, 0.38267159
0.34064871, 0.19291621
4e-08, 0.31450939, -0.02742501
0.0, 0.0, -1.0
0.54379517, 0.16764218
4e-08, 0.18157527, -0.02742501
0.0, 0.0, -1.0
0.34064871, 0.16764206
3e-08, 0.18157527, -0.01677585
0.0, 0.0, 0.99996948
0.34064871, 0.12720352
-0.00220545, 0.31450939, -0.01677585
-0.29709768, 0.63023776, 0.71727651
0.54379517, 0.13225812
-0.00220545, 0.18157527, -0.01677585
-0.38267159, 0.0, 0.92385632
0.34064871, 0.13225812
-0.00532452, 0.18157527, -0.02430594
-0.92385632, 0.0, -0.38267159
0.34064871, 0.15247756
-0.00220545, 0.31450939, -0.02742501
-0.29709768, 0.63023776, -0.71727651
0.54379517, 0.16258734
-0.00220545, 0.18157527, -0.02742501
-0.38267159, 0.0, -0.92385632
0.34064871, 0.16258734
-0.00532452, 0.31450939, -0.01989492
-0.71727651, 0.63023776, 0.29709768
0.54379517, 0.1423679
-0.00532452, 0.18157527, -0.01989492
-0.92385632, 0.0, 0.38267159
0.34064871, 0.1423679
3e-08, 0.31450939, -0.01677585
0.0, 0.0, 1.0
0.54379517, 0.20808059
0.00532459, 0.31450939, -0.02430594
0.71727651, 0.63023776, -0.29709768
0.54379517, 0.18280655
3e-08, 0.31450939, -0.01677585
0.0, 0.0, 1.0
0.54379517, 0.1272034
-0.00532452, 0.31450939, -0.02430594
-0.71727651, 0.63023776, -0.29709768
0.54379517, 0.15247768
3e-08, 0.31450939, -0.01989492
0.0, 1.0, 0.0
0.54379517, 0.19291621
3e-08, 0.31450939, -0.01677585
0.0, 1.0, 0.0
0.54379517, 0.203026
3e-08, 0.31450939, -0.02430594
0.0, 1.0, 0.0
0.54379517, 0.18280655
3e-08, 0.31450939, -0.01989492
0.0, 1.0, 0.0
0.54379517, 0.1423679
3e-08, 0.31450939, -0.02430594
0.0, 1.0, 0.0
0.54379517, 0.15247768
3e-08, 0.31450939, -0.02742501
0.0, 1.0, 0.0
0.54379517, 0.16258734
0.00938244, 0.18157527, -0.02783549
0.0, 0.0, -1.0
0.4873476, 0.34652072
4e-08, 0.18157527, -0.02783549
0.0, 0.0, -1.0
0.47207016, 0.88742234
4e-08, 0.06287518, 0.01371393
0.0, -0.7785272, -0.62758261
0.29044497, 0.41931319
4e-08, 0.09636968, -0.02783549
0.0, -0.7785272, -0.62758261
0.3491258, 0.87898387
0.00598625, 0.30140352, -0.02926715
0.0, -0.71211892, -0.70201725
0.26580828, 0.15078789
3e-08, 0.31450939, -0.02742501
0.0, 1.0, 0.0
0.54379517, 0.17269677
3e-08, 0.31450939, -0.01677585
0.0, 1.0, 0.0
0.54379517, 0.13225812
4e-08, 0.18157527, -0.02783549
0.0, 0.0, -1.0
0.4720701, 0.33808213
-0.00938237, 0.18157527, -0.02783549
0.0, 0.0, -1.0
0.48734766, 0.8789839
# Number of Faces:
312
# Face Data:
0, 1, 2
3, 4, 5
6, 7, 1
8, 9, 10
11, 12, 5
13, 6, 1
14, 15, 6
16, 15, 17
18, 19, 20
21, 20, 7
22, 23, 24
25, 24, 26
27, 28, 29
30, 31, 32
33, 29, 34
35, 32, 36
37, 34, 31
38, 39, 27
30, 40, 37
41, 27, 33
35, 42, 30
40, 33, 37
43, 44, 45
46, 47, 48
49, 45, 50
51, 48, 52
47, 49, 50
43, 53, 54
46, 55, 56
57, 43, 49
58, 46, 51
56, 57, 49
59, 53, 60
61, 55, 62
63, 60, 57
64, 62, 58
65, 57, 55
66, 10, 67
68, 69, 4
70, 71, 72
73, 72, 69
74, 69, 75
76, 77, 70
73, 76, 70
78, 73, 74
79, 80, 2
81, 82, 83
84, 81, 80
82, 2, 83
85, 1, 0
86, 87, 78
88, 89, 90
91, 92, 93
90, 94, 95
96, 12, 11
97, 5, 98
99, 100, 101
102, 103, 104
100, 105, 101
85, 106, 107
104, 108, 109
105, 110, 101
111, 112, 105
111, 113, 114
19, 115, 116
92, 117, 93
93, 118, 100
109, 119, 120
108, 121, 109
122, 123, 124
125, 126, 127
124, 128, 129
127, 35, 36
129, 130, 125
131, 132, 123
126, 133, 134
123, 135, 128
35, 134, 136
128, 133, 130
137, 138, 139
140, 141, 142
139, 143, 144
142, 51, 52
143, 140, 144
138, 145, 146
141, 147, 148
138, 149, 143
141, 58, 51
150, 149, 147
145, 151, 146
147, 152, 148
146, 153, 149
148, 64, 58
149, 154, 147
107, 155, 156
157, 158, 159
160, 161, 162
162, 163, 158
158, 164, 159
165, 166, 161
163, 166, 167
163, 168, 164
169, 170, 171
109, 120, 99
172, 173, 174
172, 175, 169
171, 173, 99
101, 9, 176
167, 177, 168
178, 88, 90
120, 179, 180
116, 181, 20
90, 182, 178
183, 184, 185
104, 186, 187
188, 189, 190
1, 7, 83
20, 83, 7
80, 81, 0
1, 83, 2
2, 80, 0
3, 191, 4
6, 15, 7
8, 160, 9
5, 4, 0
0, 22, 5
25, 11, 5
5, 22, 25
13, 192, 6
14, 193, 15
16, 7, 15
18, 194, 19
21, 18, 20
22, 195, 23
25, 22, 24
27, 39, 28
30, 37, 31
33, 27, 29
35, 30, 32
37, 33, 34
38, 196, 39
30, 42, 40
41, 38, 27
35, 136, 42
40, 41, 33
43, 54, 44
46, 56, 47
49, 43, 45
51, 46, 48
47, 56, 49
43, 60, 53
46, 62, 55
57, 60, 43
58, 62, 46
56, 55, 57
59, 197, 53
61, 65, 55
63, 59, 60
64, 61, 62
65, 63, 57
66, 8, 10
68, 75, 69
70, 77, 71
73, 70, 72
74, 73, 69
76, 86, 77
73, 87, 76
78, 87, 73
198, 199, 94
94, 89, 198
79, 84, 80
83, 20, 195
20, 19, 116
22, 0, 81
81, 83, 22
195, 22, 83
81, 200, 82
84, 200, 81
82, 79, 2
85, 201, 1
86, 76, 87
88, 198, 89
91, 202, 92
95, 203, 182
90, 89, 94
96, 204, 12
97, 3, 5
176, 172, 169
171, 99, 101
176, 169, 171
93, 100, 99
101, 176, 171
102, 205, 103
100, 111, 105
85, 71, 106
176, 102, 104
104, 183, 185
185, 108, 104
109, 176, 104
105, 206, 110
111, 207, 112
111, 100, 113
181, 115, 208
92, 209, 117
93, 117, 118
109, 121, 119
108, 210, 121
122, 131, 123
125, 130, 126
124, 123, 128
127, 126, 35
129, 128, 130
131, 211, 132
126, 130, 133
123, 132, 135
35, 126, 134
128, 135, 133
137, 212, 138
140, 150, 141
139, 138, 143
142, 141, 51
143, 150, 140
138, 212, 145
141, 150, 147
138, 146, 149
141, 148, 58
150, 143, 149
145, 213, 151
147, 154, 152
146, 151, 153
148, 152, 64
149, 153, 154
107, 106, 155
157, 102, 158
160, 165, 161
162, 161, 163
158, 163, 164
165, 177, 166
163, 161, 166
163, 167, 168
94, 214, 95
215, 178, 182
216, 215, 182
169, 175, 170
180, 217, 91
172, 176, 109
93, 180, 91
181, 218, 195
93, 99, 120
172, 109, 99
120, 180, 93
172, 99, 173
172, 174, 175
171, 170, 173
101, 219, 9
167, 166, 177
178, 215, 88
181, 195, 20
90, 95, 182
183, 220, 184
104, 103, 186
221, 222, 223
223, 224, 188
222, 225, 223
190, 226, 221
189, 227, 190
223, 188, 190
190, 221, 223
228, 229, 230
231, 232, 233
234, 230, 235
236, 233, 237
232, 234, 235
238, 239, 240
241, 242, 243
240, 244, 245
243, 236, 237
244, 241, 245
228, 246, 229
231, 247, 232
234, 228, 230
236, 231, 233
232, 247, 234
238, 248, 239
241, 249, 242
240, 239, 244
243, 242, 236
244, 249, 241
228, 250, 251
231, 252, 247
247, 250, 234
239, 253, 244
242, 254, 255
249, 253, 254
26, 256, 25
108, 257, 210
19, 258, 115
120, 259, 179
91, 217, 202
95, 214, 203
181, 116, 115
94, 260, 214
180, 179, 217
181, 208, 218
228, 234, 250
231, 261, 252
247, 252, 250
239, 262, 253
242, 249, 254
249, 244, 253
26, 263, 256
108, 264, 257
