# Project Zomboid Skinned Mesh
# File Version:
1.0
# Model Name:
Cube
# Vertex Stride Element Count:
3
# Vertex Stride Size (in bytes):
76
# Vertex Stride Data:
# (Int)    Offset
# (String) Type
0
VertexArray
12
NormalArray
24
TextureCoordArray
# Vertex Count:
226
# Vertex Buffer:
0.01032047, 0.20083666, 0.01018653
0.57921082, 0.58653522, 0.56608784
0.61450505, 0.85626629
0.0, 0.20083666, -0.01682536
0.0, 0.70708334, -0.70708334
0.61450505, 0.78248307
0.0, 0.20083666, 0.01018653
0.0, 0.71953487, 0.69444871
0.61450505, 0.87377076
0.01032047, 0.15750548, 0.01172439
0.72118288, 0.06704917, 0.68944365
0.53184676, 0.85919993
0.01032047, 0.20083666, -0.01682536
0.57734919, 0.57734919, -0.57734919
0.61450505, 0.80473852
0.0, 0.15750548, 0.01172439
0.0, 0.09680471, 0.99530017
0.53407311, 0.88326705
0.01032047, 0.11982778, -0.01682536
0.63634145, -0.26911223, -0.72289193
0.45997292, 0.80473852
0.01032047, 0.10848602, -0.00702146
0.75386822, -0.32416761, -0.57145911
0.43833742, 0.82344043
0.0, 0.11982778, -0.01682536
0.0, -0.34888759, -0.93713188
0.45997292, 0.78401271
0.01032047, -0.10922441, 0.02568301
0.57631153, -0.65190589, -0.49278238
0.0230338, 0.76429197
0.0, 0.03035737, 0.00766988
0.0, 0.21723075, -0.97610402
0.28929952, 0.71153891
0.01032047, 0.03035737, 0.00766988
0.63789791, 0.16730247, -0.75170141
0.28929952, 0.72993022
0.0, 0.11540645, 0.01845256
0.0, 0.25083163, 0.96801662
0.45340833, 0.89101534
0.0, -0.09870539, 0.09627806
0.0, -0.51164281, 0.85915709
0.04486436, 0.92107619
0.01032047, -0.09870539, 0.09627806
0.56752223, -0.42127749, 0.70738852
0.04309987, 0.89895875
0.01032047, 0.11540645, 0.01845256
0.72908717, 0.17166662, 0.66249579
0.45153868, 0.87203455
0.00271886, 0.20083666, -0.00577605
0.38267159, 0.0, 0.92385632
0.19302639, 0.5160839
0.0, 0.5115785, -0.00577605
0.0, 0.70708334, 0.70708334
0.78572887, 0.52642953
0.0, 0.20083666, -0.00577605
0.0, 0.0, 1.0
0.19295874, 0.52642953
0.00656391, 0.20083666, -0.00962111
0.92385632, 0.0, 0.38267159
0.19302639, 0.50874907
0.00271886, 0.5115785, -0.00577605
0.29709768, 0.63023776, 0.71727651
0.78579646, 0.5160839
0.00656391, 0.20083666, -0.01505883
1.0, 0.0, 0.0
0.19302639, 0.49837613
0.00656391, 0.5115785, -0.00962111
0.71727651, 0.63023776, 0.29709768
0.78579646, 0.50874907
0.00271886, 0.18754956, -0.01890389
0.29538864, -0.34827724, -0.88961452
0.16767982, 0.4910413
0.00656391, 0.5115785, -0.01505883
0.71727651, 0.63023776, -0.29709768
0.78579646, 0.49837613
0.00656391, 0.18445936, -0.01505883
0.70708334, 0.0, -0.70708334
0.1617851, 0.49837613
0.0, 0.18754956, -0.01890389
0.0, -0.43217263, -0.90176094
0.16775218, 0.48025328
0.00271886, 0.5115785, -0.01890389
0.29709768, 0.63023776, -0.71727651
0.78579646, 0.4910413
0.00656391, 0.5115785, -0.00962111
0.71727651, 0.63023776, 0.29709768
0.79614717, 0.50909787
0.0, 0.5115785, -0.01890389
0.0, 0.70708334, -0.70708334
0.80866843, 0.49139011
0.0, 0.5115785, -0.00577605
0.0, 0.70708334, 0.70708334
0.80866843, 0.5164327
0.0, 0.18445936, -0.01505883
0.0, -0.77944273, -0.62642294
0.1481792, 0.48012203
0.00656391, 0.18445936, -0.01505883
0.0, -0.77944273, -0.62642294
0.14800456, 0.50616658
0.00428113, 0.50965625, 0.00027838
0.71727651, 0.63023776, 0.29709768
0.78212923, 0.55553684
0.0, 0.50965625, -0.00577605
0.0, 0.70708334, -0.70708334
0.78212923, 0.53730783
0.0, 0.50965625, 0.00278622
0.0, 0.70708334, 0.70708334
0.78212923, 0.56725302
0.01032047, 0.04187853, 0.01499546
0.81734669, 0.07098605, -0.57170326
0.31127715, 0.74390447
0.0017733, 0.50965625, 0.00278622
0.29709768, 0.63026828, 0.717246
0.78212923, 0.56236055
0.00428113, 0.36571175, 0.00027838
0.92385632, 0.0, 0.38267159
0.5075416, 0.55553684
0.0017733, 0.50965625, -0.00577605
0.29709768, 0.63023776, -0.71727651
0.78212923, 0.54189268
0.0, 0.36571175, -0.00577605
0.0, 0.0, -0.99996948
0.50759155, 0.5352433
0.00428113, 0.36571175, -0.00326822
0.92385632, 0.0, -0.38267159
0.5075416, 0.54877135
0.00428113, 0.50965625, -0.00326822
0.71727651, 0.63023776, -0.29709768
0.78212923, 0.54877135
0.0017733, 0.36571175, 0.00278622
0.38267159, 0.0, 0.92385632
0.50756198, 0.5634639
0.0017733, 0.36571175, -0.00577605
0.38267159, 0.0, -0.92385632
0.50754684, 0.54085031
0.01032047, 0.11540645, 0.01845256
0.72908717, 0.17166662, 0.66249579
0.45153868, 0.75049919
0.0, 0.11540645, 0.01845256
0.0, 0.25083163, 0.96801662
0.45153868, 0.77031684
0.0, 0.04187853, 0.01499546
0.0, 0.12323374, -0.99237037
0.31127715, 0.72572958
0.0, 0.10848602, -0.00702146
0.0, -0.49339274, -0.8697775
0.43833742, 0.68120044
0.01032047, 0.10848602, -0.00702146
0.75386822, -0.32416761, -0.57145911
0.43833742, 0.70190504
0.00794189, 0.31939813, -0.01365789
0.70708334, 0.0, -0.70708334
0.8876788, 0.81078079
0.00794189, 0.3528876, 0.00658165
0.69374675, 0.06952117, 0.71684927
0.95156306, 0.84938967
0.00794189, 0.26076704, 0.00991954
0.70354319, 0.01443525, 0.71047091
0.77583426, 0.85575701
0.00794189, 0.20083666, -0.01365789
0.57734919, -0.57734919, -0.57734919
0.66151118, 0.81078079
0.00794189, 0.20083666, 0.01018653
0.57710499, -0.57615894, 0.57872248
0.66151118, 0.85626629
0.00794189, 0.36280707, -0.0120855
0.66597492, 0.25733209, -0.70015562
0.97048533, 0.81378026
0.00794189, 0.3528876, -0.01365789
0.68984038, 0.05682547, -0.72170174
0.95156306, 0.81078079
0.00794189, 0.36929652, -0.00813146
0.61171299, 0.68971831, -0.38740197
0.98286438, 0.82132301
0.00794189, 0.36280707, 0.00500927
0.66597492, 0.25733209, 0.70015562
0.97048533, 0.8463902
0.00426491, 0.11680677, 0.03956635
0.87624747, 0.18759727, -0.44376963
0.45420995, 0.94393514
0.00426492, 0.14067575, 0.04004693
0.60795921, 0.58955657, 0.53175449
0.4997423, 0.94485192
0.00426498, 0.11152037, 0.04325082
0.92410046, -0.35462508, -0.1423078
0.44412565, 0.95096363
0.00794189, 0.36929652, 0.00105523
0.61171299, 0.68971831, 0.38740197
0.98286438, 0.83884747
0.0, 0.36929652, -0.00813146
0.0, 0.87185276, -0.48973051
0.98286438, 0.81210637
0.0, 0.36929652, 0.00105523
0.0, 0.87185276, 0.48973051
0.98286438, 0.84541203
0.0, 0.31939813, -0.01365789
0.0, 0.0, -1.0
0.88755298, 0.79231969
0.0, 0.3528876, -0.01365789
0.0, 0.07849361, -0.99688709
0.95093584, 0.7934747
0.0, 0.36280707, 0.00500927
0.0, 0.34498122, 0.93859679
0.97239983, 0.86336415
0.0, 0.20083666, -0.01365789
0.0, -0.70708334, -0.70708334
0.66151118, 0.79589707
0.0, 0.3528876, 0.00658165
0.0, 0.09656057, 0.99530017
0.95156306, 0.86770189
0.0, 0.20083666, 0.01018653
0.0, -0.70552689, 0.70867032
0.66151118, 0.87269172
0.0, 0.26076704, 0.00991954
0.0, 0.02032533, 0.99978638
0.77644563, 0.87216774
0.0, 0.36280707, -0.0120855
0.0, 0.34498122, -0.93859679
0.97048533, 0.79711309
0.00426492, 0.06009793, 0.03988674
0.57890558, -0.73155922, -0.36002687
0.34603244, 0.94454632
0.00426498, 0.06723001, 0.04222435
0.89852595, 0.39146093, 0.19837031
0.35963759, 0.94900557
0.00426498, 0.07147173, 0.05638676
0.90752894, 0.19443342, -0.37217322
0.36772907, 0.97602173
0.00426491, 0.10950605, -0.00671871
0.45457318, -0.89013338, -0.03085421
0.07195657, 0.51499116
0.00426491, 0.11006223, -0.02275668
0.55049288, -0.34287545, -0.76116216
0.07301754, 0.48439723
0.00426491, 0.11905471, -0.01534028
0.67165136, 0.47135839, -0.57155067
0.09017152, 0.49854463
0.0, 0.13362718, 0.03492071
0.0, -0.72124392, -0.69264811
0.48077154, 0.93011149
0.00426491, 0.13859317, 0.01361486
0.77504808, -0.61537522, -0.14340648
0.49576968, 0.89443018
0.00426491, 0.13362718, 0.03492071
0.84191412, -0.38917202, -0.37372968
0.48629647, 0.93507314
0.0, 0.11905471, -0.01534028
0.0, 0.6362499, -0.77144688
0.09559274, 0.48915893
0.0, 0.14612234, 0.01265369
0.0, 0.98077333, 0.19498275
0.52033848, 0.89470182
0.00426491, 0.14612234, 0.01265369
0.62190616, 0.7680288, 0.15268411
0.51013225, 0.89259665
0.0, 0.10950605, -0.00671871
0.0, -0.99938965, -0.03463851
0.05822903, 0.51286075
0.0, 0.10399122, 0.02915372
0.0, -0.36097294, 0.93255407
0.42096534, 0.93023881
0.00426498, 0.10399122, 0.02915372
0.88659322, -0.16693625, 0.43128759
0.42976308, 0.92407205
0.0, 0.14067575, 0.04004693
0.0, 0.74254584, 0.66975921
0.50628173, 0.9517264
0.00426491, 0.06746686, 0.06263434
0.57808161, -0.37614062, 0.72408217
0.36008939, 0.98793959
0.0, 0.11152037, 0.04325082
0.0, -0.92803735, -0.37244788
0.43300387, 0.94894784
0.0, 0.06009793, 0.03988674
0.0, -0.89721364, -0.44157231
0.3343823, 0.93824083
0.0, 0.07147173, 0.05638676
0.0, 0.46302682, -0.88631856
0.37511295, 0.96916439
0.00426491, 0.10767568, 0.02290613
0.58613849, 0.28791162, -0.75731683
0.43679154, 0.91215416
0.0, 0.06723001, 0.04222435
0.0, 0.8919645, 0.45207068
0.36891693, 0.95175059
0.0, 0.10767568, 0.02290613
0.0, 0.35535753, -0.93472093
0.43980971, 0.90431229
0.0, 0.11680677, 0.03956635
0.0, 0.38938567, -0.92104864
0.45750415, 0.93663167
0.0, 0.50158823, -0.02325958
0.0, 0.55711538, -0.83040863
0.76673883, 0.46788853
0.00271886, 0.49133277, -0.01890389
0.7129429, -0.54185611, -0.44502091
0.74717563, 0.47619754
0.0, 0.49133277, -0.02325958
0.0, -0.55711538, -0.83040863
0.74717563, 0.46788853
0.00433033, 0.24024719, -0.02658745
0.57625049, 0.55729848, -0.59776604
0.26820561, 0.46154034
0.00271886, 0.23713908, -0.01890389
0.64806056, -0.74932098, 0.13589892
0.26227662, 0.47619754
0.00433033, 0.23713908, -0.02658745
0.57625049, -0.55729848, -0.59776604
0.26227662, 0.46154034
0.0, 0.24024719, -0.02551212
0.0, 0.76555681, -0.64333016
0.27719179, 0.44788146
0.00271886, 0.24024719, -0.01890389
0.64806056, 0.74932098, 0.13589892
0.26820561, 0.47619754
0.0, 0.23713908, -0.02551212
0.0, -0.76555681, -0.64333016
0.25447711, 0.44451982
0.0, 0.49133277, -0.01890389
0.0, -1.0, 0.0
0.74344331, 0.47386777
0.0, 0.50158823, -0.01890389
0.0, 1.0, 0.0
0.77047116, 0.47386777
0.00271886, 0.50158823, -0.01890389
0.7129429, 0.54185611, -0.44502091
0.76673883, 0.47619754
-0.01032047, 0.20083666, 0.01018653
-0.57921082, 0.58653522, 0.56608784
0.61450505, 0.85626629
-0.01032047, 0.20083666, -0.01682536
-0.57734919, 0.57734919, -0.57734919
0.61450505, 0.19526362
-0.01032047, 0.15750548, 0.01172439
-0.72118288, 0.06704917, 0.68944365
0.53184676, 0.14080215
-0.01032047, 0.20083666, 0.01018653
-0.57921082, 0.58653522, 0.56608784
0.61450505, 0.14373589
0.0, 0.15750548, 0.01172439
0.0, 0.09680471, 0.99530017
0.53407311, 0.1167351
0.0, 0.20083666, 0.01018653
0.0, 0.71953487, 0.69444871
0.61450505, 0.12623131
0.0, 0.20083666, -0.01682536
0.0, 0.70708334, -0.70708334
0.61450505, 0.21751904
-0.01032047, 0.11982778, -0.01682536
-0.63634145, -0.26911223, -0.72289193
0.45997292, 0.19526362
0.0, 0.11982778, -0.01682536
0.0, -0.34888759, -0.93713188
0.45997292, 0.21598947
-0.01032047, 0.10848602, -0.00702146
-0.75386822, -0.32416761, -0.57145911
0.43833742, 0.17656171
0.0, 0.03035737, 0.00766988
0.0, 0.21723075, -0.97610402
0.28929952, 0.28846323
-0.01032047, -0.10922441, 0.02568301
-0.57631153, -0.65190589, -0.49278238
0.0230338, 0.23571014
-0.01032047, 0.03035737, 0.00766988
-0.63789791, 0.16730247, -0.75170141
0.28929952, 0.27007186
0.0, 0.11540645, 0.01845256
0.0, 0.25083163, 0.96801662
0.45340833, 0.10898674
0.0, -0.09870539, 0.09627806
0.0, -0.51164281, 0.85915709
0.04486436, 0.07892597
-0.01032047, -0.09870539, 0.09627806
-0.56752223, -0.42127749, 0.70738852
0.04309988, 0.10104334
-0.01032047, 0.11540645, 0.01845256
-0.72908717, 0.17166662, 0.66249579
0.45153868, 0.1279676
-0.00271886, 0.20083666, -0.00577605
-0.38267159, 0.0, 0.92385632
0.19302639, 0.5160839
-0.00271886, 0.5115785, -0.00577605
-0.29709768, 0.63023776, 0.71727651
0.78579646, 0.5160839
-0.00656391, 0.20083666, -0.00962111
-0.92385632, 0.0, 0.38267159
0.19302639, 0.50874907
-0.00656391, 0.5115785, -0.00962111
-0.71727651, 0.63023776, 0.29709768
0.78579646, 0.50874907
-0.00656391, 0.20083666, -0.01505883
-1.0, 0.0, 0.0
0.19302639, 0.49837613
-0.00656391, 0.5115785, -0.01505883
-0.71727651, 0.63023776, -0.29709768
0.78579646, 0.49837613
-0.00271886, 0.18754956, -0.01890389
-0.29538864, -0.34827724, -0.88961452
0.16767982, 0.4910413
-0.00656391, 0.18445936, -0.01505883
-0.70708334, 0.0, -0.70708334
0.1617851, 0.49837613
-0.00271886, 0.5115785, -0.01890389
-0.29709768, 0.63023776, -0.71727651
0.78579646, 0.4910413
-0.00656391, 0.5115785, -0.01505883
-0.71727651, 0.63023776, -0.29709768
0.79614717, 0.49872494
-0.00656391, 0.5115785, -0.00962111
-0.71727651, 0.63023776, 0.29709768
0.79614717, 0.50909787
-0.00428113, 0.50965625, -0.00326822
-0.71727651, 0.63023776, -0.29709768
0.78212923, 0.54877135
-0.00428113, 0.50965625, 0.00027838
-0.71727651, 0.63023776, 0.29709768
0.78212923, 0.55553684
-0.00428113, 0.36571175, 0.00027838
-0.92385632, 0.0, 0.38267159
0.5075416, 0.55553684
-0.0017733, 0.50965625, 0.00278622
-0.29709768, 0.63026828, 0.717246
0.78212923, 0.56236055
-0.0017733, 0.50965625, -0.00577605
-0.29709768, 0.63023776, -0.71727651
0.78212923, 0.54189268
-0.00428113, 0.36571175, -0.00326822
-0.92385632, 0.0, -0.38267159
0.5075416, 0.54877135
-0.0017733, 0.36571175, 0.00278622
-0.38267159, 0.0, 0.92385632
0.50756198, 0.5634639
-0.0017733, 0.36571175, -0.00577605
-0.38267159, 0.0, -0.92385632
0.50754684, 0.54085031
-0.01032047, 0.11540645, 0.01845256
-0.72908717, 0.17166662, 0.66249579
0.45153868, 0.2495029
0.0, 0.11540645, 0.01845256
0.0, 0.25083163, 0.96801662
0.45153868, 0.22968531
0.0, 0.04187853, 0.01499546
0.0, 0.12323374, -0.99237037
0.31127715, 0.27427256
-0.01032047, 0.04187853, 0.01499546
-0.81734669, 0.07098605, -0.57170326
0.31127715, 0.25609767
0.0, 0.10848602, -0.00702146
0.0, -0.49339274, -0.8697775
0.43833742, 0.31880164
-0.01032047, 0.10848602, -0.00702146
-0.75386822, -0.32416761, -0.57145911
0.43833742, 0.29809713
-0.00794189, 0.31939813, -0.01365789
-0.70708334, 0.0, -0.70708334
0.8876788, 0.18922138
-0.00794189, 0.3528876, 0.00658165
-0.69374675, 0.06952117, 0.71684927
0.95156306, 0.15061247
-0.00794189, 0.3528876, -0.01365789
-0.68984038, 0.05682547, -0.72170174
0.95156306, 0.18922138
-0.00794189, 0.20083666, -0.01365789
-0.57734919, -0.57734919, -0.57734919
0.66151118, 0.18922138
-0.00794189, 0.26076704, 0.00991954
-0.70354319, 0.01443525, 0.71047091
0.77583426, 0.14424515
-0.00794189, 0.36280707, -0.0120855
-0.66597492, 0.25733209, -0.70015562
0.97048533, 0.18622184
-0.00794189, 0.36280707, 0.00500927
-0.66597492, 0.25733209, 0.70015562
0.97048533, 0.1536119
-0.00794189, 0.36929652, -0.00813146
-0.61171299, 0.68971831, -0.38740197
0.98286438, 0.17867911
-0.00426498, 0.11152037, 0.04325082
-0.92410046, -0.35462508, -0.1423078
0.44412565, 0.04903853
-0.00426492, 0.14067575, 0.04004693
-0.60795921, 0.58955657, 0.53175449
0.4997423, 0.05515027
-0.00426491, 0.11680677, 0.03956635
-0.87624747, 0.18759727, -0.44376963
0.45420995, 0.05606699
-0.00794189, 0.36929652, 0.00105523
-0.61171299, 0.68971831, 0.38740197
0.98286438, 0.83884747
-0.00794189, 0.36929652, -0.00813146
-0.61171299, 0.68971831, -0.38740197
0.98286438, 0.82132301
0.0, 0.31939813, -0.01365789
0.0, 0.0, -1.0
0.88755298, 0.20768249
0.0, 0.3528876, -0.01365789
0.0, 0.07849361, -0.99688709
0.95093584, 0.20652747
0.0, 0.36280707, 0.00500927
0.0, 0.34498122, 0.93859679
0.97239983, 0.13663793
-0.00794189, 0.36929652, 0.00105523
-0.61171299, 0.68971831, 0.38740197
0.98286438, 0.16115463
-0.00794189, 0.20083666, 0.01018653
-0.57710499, -0.57615894, 0.57872248
0.66151118, 0.85626629
-0.00794189, 0.20083666, -0.01365789
-0.57734919, -0.57734919, -0.57734919
0.66151118, 0.81078079
0.0, 0.3528876, 0.00658165
0.0, 0.09656057, 0.99530017
0.95156306, 0.13230026
0.0, 0.20083666, 0.01018653
0.0, -0.70552689, 0.70867032
0.66151118, 0.1273104
-0.00794189, 0.20083666, 0.01018653
-0.57710499, -0.57615894, 0.57872248
0.66151118, 0.14373589
0.0, 0.36929652, -0.00813146
0.0, 0.87185276, -0.48973051
0.98286438, 0.18789577
0.0, 0.26076704, 0.00991954
0.0, 0.02032533, 0.99978638
0.77644563, 0.12783444
0.0, 0.36280707, -0.0120855
0.0, 0.34498122, -0.93859679
0.97048533, 0.20288908
-0.00426498, 0.07147173, 0.05638676
-0.90752894, 0.19443342, -0.37217322
0.36772907, 0.0239805
-0.00426492, 0.06009793, 0.03988674
-0.57890558, -0.73155922, -0.36002687
0.34603244, 0.0554558
-0.00426491, 0.06746686, 0.06263434
-0.57808161, -0.37614062, 0.72408217
0.36008939, 0.01206255
-0.00426491, 0.10950605, -0.00671871
-0.45457318, -0.89013338, -0.03085421
0.07195657, 0.51499116
-0.00426491, 0.11905471, -0.01534028
-0.67165136, 0.47135839, -0.57155067
0.09017152, 0.49854463
-0.00426491, 0.11006223, -0.02275668
-0.55049288, -0.34287545, -0.76116216
0.07301754, 0.48439723
-0.00426491, 0.13859317, 0.01361486
-0.77504808, -0.61537522, -0.14340648
0.49576968, 0.10557199
0.0, 0.13362718, 0.03492071
0.0, -0.72124392, -0.69264811
0.48077154, 0.06989062
-0.00426491, 0.13362718, 0.03492071
-0.84191412, -0.38917202, -0.37372968
0.48629647, 0.06492901
0.0, 0.11006223, -0.02275668
0.0, -0.41071811, -0.91174048
0.06994128, 0.47434241
0.0, 0.14612234, 0.01265369
0.0, 0.98077333, 0.19498275
0.52033848, 0.10530031
-0.00426491, 0.14612234, 0.01265369
-0.62190616, 0.7680288, 0.15268411
0.51013225, 0.10740542
-0.00426498, 0.06723001, 0.04222435
-0.89852595, 0.39146093, 0.19837031
0.35963759, 0.05099654
0.0, 0.10399122, 0.02915372
0.0, -0.36097294, 0.93255407
0.42096534, 0.0697633
-0.00426498, 0.10399122, 0.02915372
-0.88659322, -0.16693625, 0.43128759
0.42976308, 0.07593012
0.0, 0.14067575, 0.04004693
0.0, 0.74254584, 0.66975921
0.50628173, 0.04827571
0.0, 0.11152037, 0.04325082
0.0, -0.92803735, -0.37244788
0.43300387, 0.05105436
0.0, 0.06009793, 0.03988674
0.0, -0.89721364, -0.44157231
0.3343823, 0.06176126
0.0, 0.06746686, 0.06263434
0.0, -0.46098208, 0.88738668
0.35169572, 7.03e-06
0.0, 0.07147173, 0.05638676
0.0, 0.46302682, -0.88631856
0.37511295, 0.03083777
-0.00426491, 0.10767568, 0.02290613
-0.58613849, 0.28791162, -0.75731683
0.43679154, 0.08784795
0.0, 0.06723001, 0.04222435
0.0, 0.8919645, 0.45207068
0.36891693, 0.04825151
0.0, 0.10767568, 0.02290613
0.0, 0.35535753, -0.93472093
0.43980971, 0.09568989
0.0, 0.11680677, 0.03956635
0.0, 0.38938567, -0.92104864
0.45750415, 0.06337047
-0.00271886, 0.49133277, -0.01890389
-0.7129429, -0.54185611, -0.44502091
0.74717563, 0.47619754
-0.00271886, 0.23713908, -0.01890389
-0.64806056, -0.74932098, 0.13589892
0.26227662, 0.47619754
-0.00433033, 0.24024719, -0.02658745
-0.57625049, 0.55729848, -0.59776604
0.26820561, 0.46154034
-0.00433033, 0.23713908, -0.02658745
-0.57625049, -0.55729848, -0.59776604
0.26227662, 0.46154034
-0.00271886, 0.24024719, -0.01890389
-0.64806056, 0.74932098, 0.13589892
0.26820561, 0.47619754
0.0, 0.23713908, -0.01890389
0.0, -1.0, 0.0
0.25000098, 0.47435588
-0.00271886, 0.50158823, -0.01890389
-0.7129429, 0.54185611, -0.44502091
0.76673883, 0.47619754
0.0, 0.10848602, -0.00702146
0.0, -0.49339274, -0.8697775
0.43833742, 0.80402544
0.0, -0.10922441, 0.02568301
0.0, -0.79772329, -0.60298473
0.01810564, 0.74000341
0.0, 0.5115785, -0.01890389
0.0, 0.70708334, -0.70708334
0.78586882, 0.48025328
0.00271886, 0.5115785, -0.00577605
0.29709768, 0.63023776, 0.71727651
0.803482, 0.5164327
0.00656391, 0.5115785, -0.01505883
0.71727651, 0.63023776, -0.29709768
0.79614717, 0.49872494
0.00271886, 0.5115785, -0.01890389
0.29709768, 0.63023776, -0.71727651
0.803482, 0.49139011
0.0, 0.36571175, 0.00278622
0.0, 0.0, 1.0
0.50756925, 0.56840131
0.0, 0.13859317, 0.01361486
0.0, -0.97387618, -0.22699668
0.48851916, 0.89291979
0.0, 0.06746686, 0.06263434
0.0, -0.46098208, 0.88738668
0.35169572, 0.99999505
0.0, 0.24024719, -0.01890389
0.0, 1.0, 0.0
0.27947018, 0.47526014
-0.01032047, 0.20083666, -0.01682536
-0.57734919, 0.57734919, -0.57734919
0.61450505, 0.80473852
0.0, 0.10848602, -0.00702146
0.0, -0.49339274, -0.8697775
0.43833742, 0.19597673
0.0, -0.10922441, 0.02568301
0.0, -0.79772329, -0.60298473
0.01810563, 0.25999868
-0.00271886, 0.5115785, -0.00577605
-0.29709768, 0.63023776, 0.71727651
0.803482, 0.5164327
-0.00271886, 0.5115785, -0.01890389
-0.29709768, 0.63023776, -0.71727651
0.803482, 0.49139011
-0.00656391, 0.18445936, -0.01505883
0.0, -0.77944273, -0.62642294
0.14800456, 0.50616658
0.0, 0.20083666, -0.01365789
0.0, -0.70708334, -0.70708334
0.66151118, 0.20410502
0.0, 0.36929652, 0.00105523
0.0, 0.87185276, 0.48973051
0.98286438, 0.15459013
0.0, 0.13859317, 0.01361486
0.0, -0.97387618, -0.22699668
0.48851916, 0.10708237
# Number of Faces:
274
# Face Data:
0, 1, 2
3, 4, 0
5, 0, 2
6, 1, 4
7, 8, 6
9, 10, 11
12, 3, 5
13, 9, 14
15, 6, 3
16, 17, 18
19, 20, 16
21, 22, 19
23, 24, 25
26, 27, 23
28, 29, 30
31, 23, 32
33, 34, 35
14, 11, 36
37, 38, 33
39, 40, 34
33, 41, 42
35, 43, 37
42, 44, 39
13, 45, 46
11, 47, 36
36, 48, 49
50, 51, 52
53, 52, 54
55, 51, 56
57, 58, 55
59, 60, 61
62, 63, 64
53, 65, 50
50, 66, 56
62, 67, 58
54, 68, 53
58, 69, 51
52, 70, 54
55, 63, 57
51, 71, 52
56, 72, 55
73, 74, 75
76, 77, 78
79, 80, 81
77, 82, 78
83, 60, 84
85, 77, 76
86, 74, 87
88, 89, 60
90, 87, 61
89, 91, 73
92, 61, 75
91, 93, 73
94, 75, 74
95, 59, 93
96, 81, 59
97, 98, 99
100, 101, 102
103, 104, 100
101, 105, 102
105, 100, 102
98, 106, 99
97, 107, 108
1, 109, 2
110, 111, 112
112, 113, 114
115, 116, 110
117, 118, 116
119, 120, 121
111, 122, 113
120, 123, 124
116, 125, 111
17, 126, 18
127, 128, 126
129, 130, 128
131, 132, 133
134, 26, 132
29, 135, 136
31, 132, 26
34, 137, 138
121, 120, 124
139, 140, 138
40, 141, 34
142, 138, 137
143, 35, 140
144, 137, 141
145, 123, 146
147, 121, 148
149, 148, 150
151, 152, 153
154, 155, 151
152, 156, 153
157, 158, 156
159, 160, 161
162, 63, 163
164, 154, 151
165, 151, 153
166, 167, 157
68, 168, 169
170, 157, 152
171, 155, 172
173, 156, 158
174, 152, 155
175, 153, 156
176, 177, 178
179, 180, 181
182, 183, 184
181, 82, 185
160, 186, 187
181, 85, 179
188, 189, 190
178, 191, 160
190, 192, 159
178, 193, 194
159, 195, 176
196, 193, 177
176, 197, 188
161, 198, 196
184, 199, 161
200, 97, 99
201, 202, 203
204, 103, 202
201, 105, 205
202, 105, 203
200, 99, 106
97, 206, 107
0, 4, 1
3, 6, 4
5, 3, 0
6, 8, 1
7, 207, 8
9, 208, 10
12, 15, 3
13, 208, 9
15, 7, 6
16, 20, 17
19, 22, 20
21, 24, 22
23, 27, 24
26, 209, 27
30, 210, 28
28, 211, 29
212, 29, 211
31, 26, 23
35, 37, 33
33, 42, 34
39, 34, 42
49, 45, 36
14, 9, 11
36, 45, 14
37, 43, 38
39, 44, 40
33, 38, 41
35, 213, 43
42, 41, 44
13, 14, 45
11, 10, 47
36, 47, 48
50, 56, 51
53, 50, 52
55, 58, 51
57, 62, 58
74, 73, 93
87, 74, 93
80, 84, 81
81, 84, 60
61, 87, 59
59, 81, 60
87, 93, 59
62, 57, 63
53, 68, 65
50, 65, 66
62, 64, 67
54, 70, 68
58, 67, 69
52, 71, 70
55, 72, 63
51, 69, 71
56, 66, 72
61, 60, 89
89, 73, 75
75, 61, 89
79, 214, 80
77, 185, 82
83, 88, 60
85, 185, 77
86, 94, 74
88, 215, 89
90, 86, 87
89, 215, 91
92, 90, 61
91, 95, 93
94, 92, 75
95, 96, 59
96, 79, 81
97, 108, 98
100, 104, 101
103, 216, 104
101, 205, 105
105, 103, 100
1, 217, 109
110, 116, 111
112, 111, 113
115, 117, 116
117, 218, 118
119, 219, 120
111, 125, 122
120, 219, 123
116, 118, 125
17, 127, 126
127, 129, 128
129, 131, 130
131, 134, 132
134, 209, 26
136, 220, 30
30, 29, 136
221, 135, 29
31, 222, 132
138, 140, 35
35, 34, 138
141, 137, 34
124, 145, 148
148, 121, 124
145, 150, 148
139, 143, 140
40, 144, 141
142, 139, 138
143, 213, 35
144, 142, 137
145, 124, 123
147, 119, 121
149, 147, 148
151, 155, 152
154, 172, 155
152, 157, 156
157, 167, 158
196, 177, 188
196, 188, 190
161, 196, 190
160, 187, 184
187, 182, 184
161, 190, 159
160, 184, 161
162, 64, 63
164, 223, 154
165, 164, 151
166, 224, 167
68, 70, 168
170, 166, 157
171, 174, 155
173, 175, 156
174, 170, 152
175, 165, 153
178, 160, 159
176, 188, 177
178, 159, 176
182, 225, 183
181, 180, 82
160, 191, 186
181, 185, 85
188, 197, 189
178, 194, 191
190, 189, 192
178, 177, 193
159, 192, 195
196, 198, 193
176, 195, 197
161, 199, 198
184, 183, 199
200, 206, 97
201, 204, 202
204, 216, 103
201, 203, 105
202, 103, 105
