# Project Zomboid Skinned Mesh
# File Version:
1.0
# Model Name:
Cube
# Vertex Stride Element Count:
3
# Vertex Stride Size (in bytes):
76
# Vertex Stride Data:
# (Int)    Offset
# (String) Type
0
VertexArray
12
NormalArray
24
TextureCoordArray
# Vertex Count:
304
# Vertex Buffer:
0.00962739, 0.14574255, -0.00899648
0.90450758, 0.30149236, 0.30149236
0.6227544, 0.67113897
0.0096274, -0.02398916, -0.02398493
0.57734919, -0.57734919, -0.57734919
0.33827654, 0.64601758
0.00962747, 0.20665087, -0.02398493
0.57734919, 0.57734919, -0.57734919
0.72483927, 0.64601758
-0.0, 0.20665087, -0.02398493
0.0, 0.70708334, -0.70708334
0.72483927, 0.62711453
0.00962744, 0.20665087, 0.00110134
0.57734919, 0.57734919, 0.57734919
0.72483939, 0.68806329
-0.0, -0.02398916, 0.00110134
0.0, -0.70708334, 0.70708334
0.31114119, 0.68806329
0.00962744, -0.02398916, 0.00110134
0.57734919, -0.57734919, 0.57734919
0.33827659, 0.68806329
-0.0, 0.20665087, 0.00110134
0.0, 0.70708334, 0.70708334
0.72483927, 0.70296365
0.00962744, 0.17446442, 0.00110134
0.57734919, -0.57734919, 0.57731867
0.67089349, 0.68806332
0.00230407, 0.38262728, -0.01127412
0.29709768, 0.63023776, 0.71727651
0.32119936, 0.1003226
0.00556254, 0.31066054, -0.01453257
0.92376477, 0.01422163, 0.38264108
0.20057774, 0.0926373
0.00556253, 0.38262728, -0.01453257
0.71727651, 0.63023776, 0.29709768
0.32119709, 0.0926373
0.00230407, 0.38262728, -0.02239918
0.29709768, 0.63023776, -0.71727651
0.32119983, 0.07722938
-0.0, 0.31066054, -0.02239918
0.0, 0.01309244, -0.99990845
0.20074689, 0.07330322
-0.0, 0.38262728, -0.02239918
0.0, 0.70708334, -0.70708334
0.32120204, 0.07337266
0.00556254, 0.31066054, -0.01914071
0.92376477, 0.01422163, -0.38264108
0.20057774, 0.08491385
0.00556253, 0.38262728, -0.01914076
0.71727651, 0.63023776, -0.29709768
0.32119709, 0.08491385
0.00296057, 0.25022432, -0.0096892
0.38264108, 0.01413007, 0.92376477
0.09939468, 0.10361159
0.00230408, 0.31066054, -0.01127412
0.38264108, 0.01422163, 0.92376477
0.2006616, 0.10039258
0.00230408, 0.31066054, -0.02239918
0.38264108, 0.01422163, -0.92376477
0.20066351, 0.07716525
-0.0, 0.31066054, -0.01127412
0.0, 0.01309244, 0.99990845
0.20074522, 0.10425562
-0.0, 0.38262728, -0.01127412
0.0, 0.70708334, 0.70708334
0.36036116, 0.0980984
0.00556253, 0.38262728, -0.01453257
0.71727651, 0.63023776, 0.29709768
0.35103577, 0.09263569
0.00556253, 0.38262728, -0.01914076
0.71727651, 0.63023776, -0.29709768
0.35103577, 0.08491027
0.00296056, 0.20665087, -0.02398408
0.38267159, 0.0, -0.92385632
0.02626574, 0.07382333
-0.0, 0.25022432, -0.02398408
0.0, 0.01309244, -0.99990845
0.09949332, 0.0689801
0.00296056, 0.25022432, -0.02398408
0.38264108, 0.01413007, -0.92376477
0.09938449, 0.07393718
0.00714744, 0.20665087, -0.01979718
0.92385632, 0.0, -0.38267159
0.02625299, 0.08381343
0.00714744, 0.25022432, -0.01979718
0.92376477, 0.01413007, -0.38264108
0.09928387, 0.08381343
-0.0, 0.25022432, -0.0096892
0.0, 0.01309244, 0.99990845
0.09950435, 0.10856569
0.00714744, 0.25022432, -0.01387611
0.92376477, 0.01413007, 0.38264108
0.09928387, 0.09373754
-0.0, 0.20665087, -0.0096892
0.0, 0.0, 1.0
0.02627099, 0.10871816
0.00296057, 0.20665087, -0.0096892
0.38267159, 0.0, 0.92385632
0.02626151, 0.10372698
0.00714744, 0.20665087, -0.01387611
0.92385632, 0.0, 0.38267159
0.02625299, 0.09373754
0.00962739, 0.17446442, -0.00899648
0.90450758, -0.30149236, 0.30149236
0.67089349, 0.67113897
-0.0, 0.17446442, 0.00110134
0.0, -0.70708334, 0.70708334
0.67089349, 0.70296365
-0.0, 0.17446442, -0.00899648
0.0, -0.70708334, 0.70708334
0.66353041, 0.68164364
-0.0, -0.02398916, 0.00110134
0.0, -0.70708334, 0.70708334
0.33827659, 0.70296365
0.00962744, 0.14574255, 0.00110134
0.57734919, 0.57734919, 0.57731867
0.6227544, 0.68806329
-0.0, 0.14574255, 0.00110134
0.0, 0.70708334, 0.70708334
0.6227544, 0.70296365
0.00765507, 0.17095746, 0.13766107
0.57734919, 0.57734919, 0.57734919
0.86535525, 0.91078173
-0.0, 0.17095746, -0.00899648
0.0, 0.70708334, -0.70708334
0.87810814, 0.66497734
-0.0, 0.17095746, 0.13766107
0.0, 0.70708334, 0.70708334
0.87810814, 0.91078173
0.00765507, 0.14574255, 0.13766107
0.57734919, -0.57734919, 0.57734919
0.82309401, 0.91078173
0.00765507, 0.17095746, -0.00899648
0.57734919, 0.57734919, -0.57734919
0.86535525, 0.66497734
-0.0, 0.14072891, 0.13766107
0.0, -0.70708334, 0.70708334
0.80727863, 0.91078173
0.00328997, 0.14574255, 0.13766107
0.30149236, -0.30149236, 0.90450758
0.82309401, 0.91078173
-0.0, 0.14574255, 0.13766107
0.0, 0.0, 1.0
0.82309401, 0.91078173
0.00765507, 0.14574255, -0.00899648
0.57734919, -0.57734919, -0.57734919
0.82309401, 0.66497734
0.00328997, 0.14574255, -0.00899648
0.30149236, -0.30149236, -0.90450758
0.82309401, 0.66497734
0.00765507, 0.06098242, 0.01231254
0.79735708, -0.21631519, 0.56337166
0.48069271, 0.72793651
-0.0, 0.04142276, 0.01231254
0.0, -0.70708334, 0.70708334
0.44125554, 0.73717004
0.00765507, 0.04142276, 0.01231254
0.57734919, -0.57734919, 0.57734919
0.44790986, 0.72793651
0.00765507, 0.05479508, 0.07979064
0.63093966, -0.48762473, 0.60341197
0.06789488, 0.68241647
-0.0, 0.04401496, 0.06017907
0.0, -0.99993896, -0.00994903
0.03550518, 0.65000579
0.00765507, 0.04401496, 0.06017907
0.61159092, -0.7911008, -0.00787378
0.04982698, 0.64954659
-0.0, 0.04142276, 0.00110134
0.0, -1.0, 0.0
0.43061444, 0.71444225
0.00765509, 0.04142276, 0.00110134
0.70708334, -0.70708334, 0.0
0.44790986, 0.70914596
-0.0, 0.06796251, 0.01860036
0.0, -0.98760951, 0.15683462
0.07516265, 0.58340696
0.00765507, 0.06796251, 0.01860036
0.87893307, -0.47102267, 0.07477035
0.08996409, 0.57985869
0.00765507, 0.10516506, 0.03788215
0.79772329, 0.2169866, 0.5625782
0.55474478, 0.77079237
-0.0, 0.14574255, 0.03788215
0.0, 0.0, 1.0
0.62279636, 0.7827372
-0.0, 0.10516506, 0.03788215
0.0, 0.35984373, 0.93298137
0.55947965, 0.78295964
0.00765507, 0.06796251, 0.01860036
0.87893307, -0.47102267, 0.07477035
0.49239156, 0.73847502
-0.0, 0.06098242, 0.01231254
0.0, -0.35847041, 0.93353069
0.4769052, 0.73669249
0.00765507, 0.10516506, 0.03788215
0.79772329, 0.2169866, 0.5625782
0.15231729, 0.61217603
-0.0, 0.08816761, 0.05328517
0.0, 0.82338941, 0.56743068
0.13397795, 0.64564899
0.00765507, 0.08816761, 0.05328517
0.76247442, 0.53273112, 0.36710715
0.12382877, 0.63799208
-0.0, 0.0754084, 0.08596712
0.0, 0.43830684, 0.89880061
0.10947061, 0.70571926
0.00765507, 0.0754084, 0.08596712
0.58171332, 0.35651723, 0.73107088
0.10244381, 0.69276839
0.00328997, 0.14072891, -0.00899648
0.57734919, -0.57734919, -0.57734919
0.81469083, 0.66497734
0.00328997, 0.14072891, 0.13766107
0.57734919, -0.57734919, 0.57734919
0.81469083, 0.91078173
-0.0, 0.14574255, -0.00899648
0.0, 0.0, -1.0
0.81663597, 0.66497734
0.0096275, -0.06403521, 0.06333872
0.72545546, 0.32502213, 0.60664696
0.21428713, 0.83559746
0.00962745, -0.05051045, 0.0056135
0.64494765, 0.04770043, -0.76268804
0.23695537, 0.73884743
0.00962744, -0.0282498, 0.01423698
0.81426436, -0.03570665, -0.57933289
0.27426508, 0.75330073
0.0096275, 0.02144558, 0.03359369
0.64250618, 0.35685292, 0.67809075
0.35755673, 0.78574342
-0.0, -0.00656667, 0.03821428
0.0, 0.28385267, 0.95886105
0.31548515, 0.81031173
0.0096275, -0.00656667, 0.03821428
0.73610646, 0.19211401, 0.64900661
0.31060687, 0.79348773
-0.0, -0.17598958, 0.0369355
0.0, -0.78807944, -0.61552781
0.0080112, 0.77948123
-0.0, -0.05051045, 0.0056135
0.0, 0.06244087, -0.99804682
0.23705372, 0.72112375
-0.0, -0.06403521, 0.06333872
0.0, 0.47227395, 0.88143557
0.22165009, 0.84953195
0.00962745, -0.12150361, 0.10030338
0.68489641, 0.3297525, 0.64970857
0.11796746, 0.89755189
-0.0, -0.15410833, 0.11286566
0.0, 0.22324289, 0.97473067
0.06732175, 0.93854279
0.00962746, -0.15410833, 0.11286566
0.67647326, 0.16440322, 0.71785641
0.06332067, 0.9186067
-0.0, -0.00378309, 0.00110134
0.0, -0.47300637, -0.88103884
0.31034413, 0.7200672
0.00962744, -0.00378309, 0.00110134
0.86013365, -0.24124882, -0.44938505
0.31527236, 0.7312848
-0.0, -0.12150361, 0.10030338
0.0, 0.45258948, 0.89168984
0.1257281, 0.91227424
0.00962744, 0.04142276, 0.01280105
0.63191628, 0.71895504, 0.28940701
0.39103928, 0.75089407
-0.0, 0.02144558, 0.03359369
0.0, 0.46568194, 0.8849147
0.36651698, 0.80064052
-0.0, -0.0282498, 0.01423698
0.0, -0.0614948, -0.99807733
0.27463153, 0.7353099
0.00962744, -0.17598958, 0.1146761
0.57310706, -0.55504012, 0.60286266
0.02664701, 0.92164117
0.00962744, -0.17598958, 0.0369355
0.59129614, -0.63554794, -0.49638355
0.02664701, 0.79134446
-0.0, -0.17598958, 0.1146761
0.0, -0.67729729, 0.73567921
0.01268927, 0.94077319
0.00765507, 0.13829522, 0.01447608
0.90450758, -0.30149236, 0.30149236
0.61027235, 0.73156261
-0.0, 0.10799018, 0.01447608
0.0, 0.70708334, 0.70708334
0.56921339, 0.73847729
0.00765512, 0.10799018, 0.01447608
0.90450758, 0.30149236, 0.30149236
0.55947971, 0.73156261
-0.0, 0.10799018, 0.03474814
0.0, 0.70708334, -0.70708334
0.57235593, 0.75808713
0.00765507, 0.13829522, 0.03474814
0.90450758, -0.30149236, -0.30149236
0.61027235, 0.76553947
0.00765512, 0.10799018, 0.03474814
0.90453809, 0.30149236, -0.30149236
0.55947971, 0.76553959
-0.0, 0.13829522, 0.03474814
0.0, -0.70708334, -0.70708334
0.5999561, 0.75661284
-0.0, 0.04142276, 0.00110134
0.0, 1.0, 0.0
0.41151014, 0.73385292
0.00962744, 0.04142276, 0.00110134
0.70708334, 0.70708334, 0.0
0.39103928, 0.7312848
0.01034819, 0.20665087, -0.01387611
0.58088928, -0.57435834, -0.57673877
0.42774537, 0.82771184
0.0086636, 0.35504118, 0.00874608
0.57457197, 0.58455151, 0.57277137
0.67645395, 0.86562754
0.01034819, 0.20665087, 0.01115261
0.58003479, -0.57008576, 0.58180487
0.42774537, 0.86966111
-0.0, 0.38262728, -0.02239918
0.0, 1.0, 0.0
0.32824075, 0.04189897
0.00556253, 0.38262728, -0.01914076
0.86443681, 0.43028048, -0.25995666
0.32119709, 0.04947853
-0.0, 0.38262728, -0.0376375
0.0, 0.54246652, -0.84005249
0.32119709, 0.01847708
-0.0, 0.20665087, -0.01387611
0.0, -0.70708334, -0.70708334
0.40185371, 0.82771184
-0.0, 0.20665087, 0.01115261
0.0, -0.70134586, 0.71279031
0.42774537, 0.8958113
0.0086636, 0.35504118, -0.01387611
0.57374799, 0.58030945, -0.57792902
0.67645395, 0.82771184
-0.0, 0.20665087, -0.01387611
0.0, -0.70708334, -0.70708334
0.42774537, 0.80182873
-0.0, 0.35504118, -0.01387611
0.0, 0.70708334, -0.70708334
0.67645395, 0.81162287
-0.0, 0.35504118, 0.00874608
0.0, 0.71279031, 0.70134586
0.68823552, 0.86562754
0.00556253, 0.37410131, -0.01914076
0.86443681, -0.43028048, -0.25995666
0.30690736, 0.04947853
-0.0, 0.37410131, -0.0376375
0.0, -0.54246652, -0.84005249
0.30690736, 0.01847708
-0.0, 0.37410131, -0.02239918
0.0, -1.0, 0.0
0.2998637, 0.04189897
0.00765507, 0.04273719, -0.02398493
0.26184881, 0.39896849, -0.87874997
0.45167536, 0.61789256
-0.0, 0.00388137, -0.04162598
0.0, -0.27726066, -0.96078372
0.38655132, 0.57504421
-0.0, 0.04273719, -0.02398493
0.0, 0.4133732, -0.91051972
0.45167536, 0.60461131
0.00765507, -0.00774523, -0.02398493
0.53242594, -0.70674765, -0.46580401
0.36706471, 0.61789256
0.00765509, 0.00388137, -0.04162598
0.58601642, -0.22464675, -0.77849668
0.38655132, 0.58832547
0.00765509, 0.14574255, 0.00110134
1.0, 0.0, 0.0
0.6227544, 0.70914596
0.00765512, 0.07893902, 0.01860036
1.0, 0.0, 0.0
0.1083613, 0.57985869
-0.0, 0.05479508, 0.07979064
0.0, -0.62852871, 0.7777642
0.05787742, 0.69710067
0.00765509, 0.14574255, 0.03788215
0.70708334, 0.0, 0.70708334
0.6227544, 0.77079231
-0.00962747, 0.20665087, -0.02398493
-0.57734919, 0.57734919, -0.57734919
0.72483927, 0.48456597
-0.00962739, 0.14574255, -0.00899648
-0.90450758, 0.30149236, 0.30149236
0.6227544, 0.45944452
-0.00962739, 0.17446442, -0.00899648
-0.90450758, -0.30149236, 0.30149236
0.67089349, 0.45944452
-0.00962744, 0.20665087, 0.00110134
-0.57734919, 0.57734919, 0.57734919
0.72483939, 0.44184351
-0.0, 0.20665087, -0.02398493
0.0, 0.70708334, -0.70708334
0.72483927, 0.50279224
-0.00962747, 0.20665087, -0.02398493
-0.57734919, 0.57734919, -0.57734919
0.72483927, 0.48388922
-0.0096274, -0.02398916, -0.02398493
-0.57734919, -0.57734919, -0.57734919
0.33827654, 0.48456597
-0.0, -0.02398916, 0.00110134
0.0, -0.70708334, 0.70708334
0.31114119, 0.44252026
-0.00962744, -0.02398916, 0.00110134
-0.57734919, -0.57734919, 0.57734919
0.33827659, 0.44252026
-0.0, 0.20665087, -0.02398493
0.0, 0.70708334, -0.70708334
0.72483927, 0.50346896
-0.00962744, 0.17446442, 0.00110134
-0.57734919, -0.57734919, 0.57731867
0.67089349, 0.44252014
-0.0, 0.20665087, 0.00110134
0.0, 0.70708334, 0.70708334
0.72483927, 0.42761981
-0.00962744, 0.20665087, 0.00110134
-0.57734919, 0.57734919, 0.57734919
0.72483939, 0.44252026
-0.00556254, 0.31066054, -0.01453257
-0.92376477, 0.01422163, 0.38264108
0.20057774, 0.0926373
-0.00230407, 0.38262728, -0.01127412
-0.29709768, 0.63023776, 0.71727651
0.32119936, 0.1003226
-0.00556253, 0.38262728, -0.01453257
-0.71727651, 0.63023776, 0.29709768
0.32119709, 0.0926373
-0.00230407, 0.38262728, -0.02239918
-0.29709768, 0.63023776, -0.71727651
0.32119983, 0.07722938
-0.00556254, 0.31066054, -0.01914071
-0.92376477, 0.01422163, -0.38264108
0.20057774, 0.08491385
-0.00556253, 0.38262728, -0.01914076
-0.71727651, 0.63023776, -0.29709768
0.32119709, 0.08491385
-0.00296057, 0.25022432, -0.0096892
-0.38264108, 0.01413007, 0.92376477
0.09939468, 0.10361159
-0.00230408, 0.31066054, -0.01127412
-0.38264108, 0.01422163, 0.92376477
0.2006616, 0.10039258
-0.00230408, 0.31066054, -0.02239918
-0.38264108, 0.01422163, -0.92376477
0.20066351, 0.07716525
-0.0, 0.38262728, -0.01127412
0.0, 0.70708334, 0.70708334
0.32120186, 0.10416687
-0.00556253, 0.38262728, -0.01914076
-0.71727651, 0.63023776, -0.29709768
0.35103577, 0.08491027
-0.0, 0.38262728, -0.02239918
0.0, 0.70708334, -0.70708334
0.36036116, 0.07944763
-0.00296056, 0.20665087, -0.02398408
-0.38267159, 0.0, -0.92385632
0.02626574, 0.07382333
-0.00296056, 0.25022432, -0.02398408
-0.38264108, 0.01413007, -0.92376477
0.09938449, 0.07393718
-0.00714744, 0.20665087, -0.01979718
-0.92385632, 0.0, -0.38267159
0.02625299, 0.08381343
-0.00714744, 0.25022432, -0.01979718
-0.92376477, 0.01413007, -0.38264108
0.09928387, 0.08381343
-0.00714744, 0.25022432, -0.01387611
-0.92376477, 0.01413007, 0.38264108
0.09928387, 0.09373754
-0.00296057, 0.20665087, -0.0096892
-0.38267159, 0.0, 0.92385632
0.02626151, 0.10372698
-0.00714744, 0.20665087, -0.01387611
-0.92385632, 0.0, 0.38267159
0.02625299, 0.09373754
-0.0, 0.17446442, 0.00110134
0.0, -0.70708334, 0.70708334
0.67089349, 0.42761981
-0.0, 0.17446442, -0.00899648
0.0, -0.70708334, 0.70708334
0.66353041, 0.44893992
-0.00962744, 0.14574255, 0.00110134
-0.57734919, 0.57734919, 0.57734919
0.6227544, 0.44252026
-0.0, -0.02398916, 0.00110134
0.0, -0.70708334, 0.70708334
0.33827659, 0.42761981
-0.0, 0.14574255, 0.00110134
0.0, 0.70708334, 0.70708334
0.6227544, 0.42761981
-0.0, 0.14574255, -0.00899648
0.0, 0.70708334, 0.70708334
0.62833697, 0.44920325
-0.0, 0.17095746, -0.00899648
0.0, 0.70708334, -0.70708334
0.87810814, 0.46492946
-0.00765507, 0.17095746, 0.13766107
-0.57734919, 0.57734919, 0.57734919
0.86535525, 0.21912503
-0.0, 0.17095746, 0.13766107
0.0, 0.70708334, 0.70708334
0.87810814, 0.21912503
-0.00765507, 0.17095746, -0.00899648
-0.57734919, 0.57734919, -0.57734919
0.86535525, 0.46492946
-0.00765507, 0.14574255, 0.13766107
-0.57734919, -0.57734919, 0.57734919
0.82309401, 0.21912503
-0.00328997, 0.14574255, 0.13766107
-0.30149236, -0.30149236, 0.90450758
0.82309401, 0.21912503
-0.0, 0.14072891, 0.13766107
0.0, -0.70708334, 0.70708334
0.80727863, 0.21912503
-0.0, 0.14574255, 0.13766107
0.0, 0.0, 1.0
0.82309401, 0.21912503
-0.00328997, 0.14574255, -0.00899648
-0.30149236, -0.30149236, -0.90450758
0.82309401, 0.46492946
-0.0, 0.04142276, 0.01231254
0.0, -0.70708334, 0.70708334
0.44125554, 0.39341342
-0.00765507, 0.06098242, 0.01231254
-0.79735708, -0.21631519, 0.56337166
0.48069271, 0.40264702
-0.00765507, 0.04142276, 0.01231254
-0.57734919, -0.57734919, 0.57734919
0.44790986, 0.40264702
-0.0, 0.04401496, 0.06017907
0.0, -0.99993896, -0.00994903
0.03550518, 0.48057771
-0.00765507, 0.05479508, 0.07979064
-0.63093966, -0.48762473, 0.60341197
0.06789488, 0.44816697
-0.00765507, 0.04401496, 0.06017907
-0.61159092, -0.7911008, -0.00787378
0.04982698, 0.4810369
-0.0, 0.04142276, 0.00110134
0.0, -1.0, 0.0
0.43061444, 0.41614127
-0.00765509, 0.04142276, 0.00110134
-0.70708334, -0.70708334, 0.0
0.44790986, 0.4214375
-0.0, 0.06796251, 0.01860036
0.0, -0.98760951, 0.15683462
0.07516265, 0.54717651
-0.00765507, 0.06796251, 0.01860036
-0.87893307, -0.47102267, 0.07477035
0.08996409, 0.55072477
-0.0, 0.10516506, 0.03788215
0.0, 0.35984373, 0.93298137
0.55947965, 0.34762383
-0.00765509, 0.14574255, 0.03788215
-0.70708334, 0.0, 0.70708334
0.6227544, 0.35979116
-0.00765507, 0.10516506, 0.03788215
-0.79772329, 0.2169866, 0.5625782
0.55474478, 0.35979116
-0.00765507, 0.14574255, -0.00899648
-0.57734919, -0.57734919, -0.57734919
0.82309401, 0.46492946
-0.0, 0.06098242, 0.01231254
0.0, -0.35847041, 0.93353069
0.4769052, 0.39389098
-0.00765507, 0.06796251, 0.01860036
-0.87893307, -0.47102267, 0.07477035
0.49239156, 0.39210844
-0.0, 0.08816761, 0.05328517
0.0, 0.82338941, 0.56743068
0.13397795, 0.48493445
-0.00765507, 0.10516506, 0.03788215
-0.79772329, 0.2169866, 0.5625782
0.15231729, 0.51840743
-0.00765507, 0.08816761, 0.05328517
-0.76247442, 0.53273112, 0.36710715
0.12382877, 0.49259138
-0.0, 0.0754084, 0.08596712
0.0, 0.43830684, 0.89880061
0.10947061, 0.42486417
-0.00765507, 0.0754084, 0.08596712
-0.58171332, 0.35651723, 0.73107088
0.10244381, 0.43781507
-0.00328997, 0.14072891, -0.00899648
-0.57734919, -0.57734919, -0.57734919
0.81469083, 0.46492946
-0.00328997, 0.14072891, 0.13766107
-0.57734919, -0.57734919, 0.57734919
0.81469083, 0.21912503
-0.0, 0.14574255, -0.00899648
0.0, 0.0, -1.0
0.81663597, 0.46492946
-0.00962744, -0.0282498, 0.01423698
-0.81426436, -0.03570665, -0.57933289
0.27426508, 0.37728274
-0.0096275, -0.00656667, 0.03821428
-0.73610646, 0.19211401, 0.64900661
0.31060687, 0.33709574
-0.00962744, -0.00378309, 0.00110134
-0.86013365, -0.24124882, -0.44938505
0.31527236, 0.39929867
-0.0, -0.00656667, 0.03821428
0.0, 0.28385267, 0.95886105
0.31548515, 0.32027173
-0.0096275, 0.02144558, 0.03359369
-0.64250618, 0.35685292, 0.67809075
0.35755673, 0.34484005
-0.00962745, -0.05051045, 0.0056135
-0.64494765, 0.04770043, -0.76268804
0.23695537, 0.39173603
-0.0, -0.17598958, 0.0369355
0.0, -0.78807944, -0.61552781
0.00801119, 0.35110223
-0.00962744, -0.17598958, 0.0369355
-0.59129614, -0.63554794, -0.49638355
0.026647, 0.339239
-0.0, -0.06403521, 0.06333872
0.0, 0.47227395, 0.88143557
0.22165009, 0.28105152
-0.0096275, -0.06403521, 0.06333872
-0.72545546, 0.32502213, 0.60664696
0.21428713, 0.29498601
-0.0, -0.15410833, 0.11286566
0.0, 0.22324289, 0.97473067
0.06732175, 0.19204068
-0.00962745, -0.12150361, 0.10030338
-0.68489641, 0.3297525, 0.64970857
0.11796746, 0.23303163
-0.00962746, -0.15410833, 0.11286566
-0.67647326, 0.16440322, 0.71785641
0.06332067, 0.21197677
-0.0, -0.00378309, 0.00110134
0.0, -0.47300637, -0.88103884
0.31034413, 0.41051626
-0.0, -0.12150361, 0.10030338
0.0, 0.45258948, 0.89168984
0.1257281, 0.21830928
-0.0, 0.02144558, 0.03359369
0.0, 0.46568194, 0.8849147
0.36651698, 0.32994294
-0.00962744, 0.04142276, 0.01280105
-0.63191628, 0.71895504, 0.28940701
0.39103928, 0.37968946
-0.0, -0.05051045, 0.0056135
0.0, 0.06244087, -0.99804682
0.23705372, 0.40945971
-0.00962744, -0.17598958, 0.1146761
-0.57310706, -0.55504012, 0.60286266
0.026647, 0.20894229
-0.00765507, 0.13829522, 0.01447608
-0.90450758, -0.30149236, 0.30149236
0.61027235, 0.39902091
-0.0, 0.10799018, 0.01447608
0.0, 0.70708334, 0.70708334
0.56921339, 0.39210618
-0.0, 0.13829522, 0.01447608
0.0, -0.70708334, 0.70708334
0.59707892, 0.38954198
-0.00765507, 0.13829522, 0.03474814
-0.90450758, -0.30149236, -0.30149236
0.61027235, 0.365044
-0.0, 0.10799018, 0.03474814
0.0, 0.70708334, -0.70708334
0.57235593, 0.37249637
-0.00765512, 0.10799018, 0.03474814
-0.90453809, 0.30149236, -0.30149236
0.55947971, 0.36504388
-0.00765512, 0.10799018, 0.01447608
-0.90450758, 0.30149236, 0.30149236
0.55947971, 0.39902091
-0.0, 0.13829522, 0.03474814
0.0, -0.70708334, -0.70708334
0.5999561, 0.37397063
-0.0, 0.04142276, 0.00110134
0.0, 1.0, 0.0
0.41151014, 0.39673054
-0.00962744, 0.04142276, 0.00110134
-0.70708334, 0.70708334, 0.0
0.39103928, 0.39929867
-0.01034819, 0.20665087, -0.01387611
-0.58088928, -0.57435834, -0.57673877
0.42774537, 0.3028717
-0.0086636, 0.35504118, 0.00874608
-0.57457197, 0.58455151, 0.57277137
0.67645395, 0.264956
-0.0086636, 0.35504118, -0.01387611
-0.57374799, 0.58030945, -0.57792902
0.67645395, 0.3028717
-0.00556253, 0.38262728, -0.01914076
-0.86443681, 0.43028048, -0.25995666
0.32119709, 0.04947853
-0.0, 0.20665087, -0.01387611
0.0, -0.70708334, -0.70708334
0.40185371, 0.3028717
-0.01034819, 0.20665087, 0.01115261
-0.58003479, -0.57008576, 0.58180487
0.42774537, 0.26092243
-0.0, 0.20665087, 0.01115261
0.0, -0.70134586, 0.71279031
0.42774537, 0.23477221
-0.0, 0.20665087, -0.01387611
0.0, -0.70708334, -0.70708334
0.42774537, 0.32875478
-0.0, 0.35504118, 0.00874608
0.0, 0.71279031, 0.70134586
0.68823552, 0.264956
-0.00556253, 0.37410131, -0.01914076
-0.86443681, -0.43028048, -0.25995666
0.30690736, 0.04947853
-0.00765507, 0.04273719, -0.02398493
-0.26184881, 0.39896849, -0.87874997
0.45167536, 0.51269093
-0.0, 0.00388137, -0.04162598
0.0, -0.27726066, -0.96078372
0.38655132, 0.55553928
-0.00765509, 0.00388137, -0.04162598
-0.58601642, -0.22464675, -0.77849668
0.38655132, 0.54225802
-0.00765507, -0.00774523, -0.02398493
-0.53242594, -0.70674765, -0.46580401
0.36706471, 0.51269093
-0.00765501, 0.07893902, 0.01572778
-1.0, 0.0, 0.0
0.5107888, 0.39692295
-0.00765501, 0.10516506, 0.02675935
-1.0, 0.0, 0.0
0.15231729, 0.53704986
-0.00765512, 0.07893902, 0.01860036
-1.0, 0.0, 0.0
0.1083613, 0.55072477
-0.0, 0.05479508, 0.07979064
0.0, -0.62852871, 0.7777642
0.05787742, 0.43348277
0.02063936, 0.08118615, -0.02052715
0.57734919, 0.57734919, -0.57734919
0.50319457, 0.55496424
0.02063936, 0.07032779, -0.00966884
0.57734919, -0.57734919, 0.57734919
0.48321551, 0.57494327
0.02063936, 0.07032779, -0.02052715
0.57734919, -0.57734919, -0.57734919
0.48321563, 0.55496424
0.02063936, 0.08118615, -0.00966884
0.57734919, 0.57734919, 0.57734919
0.50319457, 0.57494327
0.00962744, 0.07032779, -0.00966884
0.0, -0.70708334, 0.70708334
0.4832156, 0.59520501
0.00962744, 0.08118615, -0.02052715
0.0, 0.70708334, -0.70708334
0.50319457, 0.53470263
0.00962744, 0.08118615, -0.00966884
0.0, 0.70708334, 0.70708334
0.52345622, 0.57494327
0.00962744, 0.07032779, -0.02052715
0.0, -0.70708334, -0.70708334
0.46295387, 0.55496424
-0.0, -0.02398916, -0.02398493
0.0, -0.70708334, -0.70708334
0.31114119, 0.64601758
-0.0, -0.02398916, -0.02398493
0.0, -0.70708334, -0.70708334
0.33827654, 0.62711453
0.00230407, 0.38262728, -0.02239918
0.29709768, 0.63023776, -0.71727651
0.35649848, 0.07944763
0.00230407, 0.38262728, -0.01127412
0.29709768, 0.63023776, 0.71727651
0.35649848, 0.0980984
-0.0, 0.20665087, -0.02398408
0.0, 0.0, -1.0
0.02627468, 0.06884849
-0.0, 0.14574255, -0.00899648
0.0, 0.70708334, 0.70708334
0.62833697, 0.6813803
-0.0, 0.06796251, 0.01860036
0.0, -0.98760951, 0.15683462
0.47759011, 0.74202329
-0.0, 0.10516506, 0.03788215
0.0, 0.35984373, 0.93298137
0.15705216, 0.62434331
-0.0, 0.14072891, -0.00899648
0.0, -0.70708334, -0.70708334
0.80727863, 0.66497734
-0.0, 0.04142276, 0.01280105
0.0, 0.92764062, 0.37342447
0.40646234, 0.75823092
-0.0, 0.13829522, 0.01447608
0.0, -0.70708334, 0.70708334
0.59707892, 0.74104148
-0.0, 0.20665087, 0.01115261
0.0, -0.70134586, 0.71279031
0.40185371, 0.86966111
-0.0, 0.35504118, 0.00874608
0.0, 0.71279031, 0.70134586
0.67645395, 0.88037826
-0.0, 0.35504118, -0.01387611
0.0, 0.70708334, -0.70708334
0.68823552, 0.82771184
-0.0, -0.00774523, -0.02398493
0.0, -0.83495587, -0.55027926
0.36706471, 0.60461131
0.00765501, 0.07893902, 0.01572778
1.0, 0.0, 0.0
0.5107888, 0.73366055
0.00765512, 0.07893902, 0.01860036
1.0, 0.0, 0.0
0.5107888, 0.73847502
0.00765511, 0.09584203, 0.01572778
1.0, 0.0, 0.0
0.53911895, 0.73366055
0.00765501, 0.07893902, 0.01572778
1.0, 0.0, 0.0
0.1083613, 0.57504421
0.00765511, 0.09584203, 0.01572778
1.0, 0.0, 0.0
0.13669145, 0.57504421
0.00765501, 0.10516506, 0.02675935
1.0, 0.0, 0.0
0.15231729, 0.59353364
0.00765501, 0.10516506, 0.02675935
1.0, 0.0, 0.0
0.55474478, 0.75214997
-0.0, 0.20665087, 0.00110134
0.0, 0.70708334, 0.70708334
0.72483927, 0.42694312
-0.0, -0.02398916, -0.02398493
0.0, -0.70708334, -0.70708334
0.31114119, 0.48456597
-0.0, -0.02398916, -0.02398493
0.0, -0.70708334, -0.70708334
0.33827654, 0.50346896
-0.00230407, 0.38262728, -0.02239918
-0.29709768, 0.63023776, -0.71727651
0.35649848, 0.07944763
-0.00556253, 0.38262728, -0.01453257
-0.71727651, 0.63023776, 0.29709768
0.35103577, 0.09263569
-0.00230407, 0.38262728, -0.01127412
-0.29709768, 0.63023776, 0.71727651
0.35649848, 0.0980984
-0.0, 0.14574255, 0.03788215
0.0, 0.0, 1.0
0.62279636, 0.34784627
-0.0, 0.06796251, 0.01860036
0.0, -0.98760951, 0.15683462
0.47759011, 0.38856018
-0.0, 0.10516506, 0.03788215
0.0, 0.35984373, 0.93298137
0.15705216, 0.50624016
-0.0, 0.14072891, -0.00899648
0.0, -0.70708334, -0.70708334
0.80727863, 0.46492946
-0.0, -0.0282498, 0.01423698
0.0, -0.0614948, -0.99807733
0.27463153, 0.39527357
-0.0, 0.04142276, 0.01280105
0.0, 0.92764062, 0.37342447
0.40646234, 0.3723526
-0.0, -0.17598958, 0.1146761
0.0, -0.67729729, 0.73567921
0.01268926, 0.18981028
-0.0, 0.20665087, 0.01115261
0.0, -0.70134586, 0.71279031
0.40185371, 0.26092243
-0.0, 0.35504118, 0.00874608
0.0, 0.71279031, 0.70134586
0.67645395, 0.25020528
-0.0, 0.35504118, -0.01387611
0.0, 0.70708334, -0.70708334
0.67645395, 0.31896067
-0.0, 0.35504118, -0.01387611
0.0, 0.70708334, -0.70708334
0.68823552, 0.3028717
-0.0, 0.04273719, -0.02398493
0.0, 0.4133732, -0.91051972
0.45167536, 0.52597219
-0.0, -0.00774523, -0.02398493
0.0, -0.83495587, -0.55027926
0.36706471, 0.52597219
-0.00765512, 0.07893902, 0.01860036
-1.0, 0.0, 0.0
0.5107888, 0.39210844
-0.00765511, 0.09584203, 0.01572778
-1.0, 0.0, 0.0
0.53911895, 0.39692295
-0.00765509, 0.14574255, 0.00110134
-1.0, 0.0, 0.0
0.6227544, 0.4214375
-0.00765511, 0.09584203, 0.01572778
-1.0, 0.0, 0.0
0.13669145, 0.55553928
-0.00765501, 0.07893902, 0.01572778
-1.0, 0.0, 0.0
0.1083613, 0.55553928
-0.00765501, 0.10516506, 0.02675935
-1.0, 0.0, 0.0
0.55474478, 0.37843359
0.00962744, 0.08118615, -0.00966884
0.0, 0.70708334, 0.70708334
0.50319457, 0.59520501
0.00962744, 0.07032779, -0.02052715
0.0, -0.70708334, -0.70708334
0.4832156, 0.53470263
0.00962744, 0.08118615, -0.02052715
0.0, 0.70708334, -0.70708334
0.52345622, 0.55496427
0.00962744, 0.07032779, -0.00966884
0.0, -0.70708334, 0.70708334
0.46295387, 0.57494327
# Number of Faces:
362
# Face Data:
0, 1, 2
3, 4, 2
5, 1, 6
1, 3, 2
7, 8, 4
9, 10, 11
12, 13, 14
11, 15, 16
17, 10, 18
16, 19, 12
9, 20, 18
21, 22, 23
24, 25, 26
27, 26, 28
19, 25, 13
29, 18, 20
30, 15, 10
28, 19, 15
31, 17, 29
32, 30, 17
33, 28, 30
34, 35, 36
36, 0, 34
37, 38, 39
0, 39, 38
40, 41, 42
43, 44, 40
45, 46, 47
47, 46, 42
48, 49, 44
50, 51, 52
53, 54, 55
52, 56, 57
55, 58, 59
60, 61, 62
46, 48, 43
63, 64, 50
65, 66, 67
67, 68, 69
45, 70, 71
70, 72, 49
71, 49, 46
73, 74, 75
76, 77, 78
74, 79, 80
78, 81, 73
82, 83, 84
75, 85, 86
73, 87, 82
88, 89, 76
75, 80, 90
91, 79, 92
91, 83, 93
94, 95, 96
97, 98, 99
95, 99, 96
100, 94, 98
101, 88, 102
103, 104, 105
106, 107, 108
105, 109, 103
104, 110, 105
111, 112, 113
111, 114, 104
108, 115, 116
117, 116, 115
118, 119, 120
118, 121, 122
121, 119, 122
57, 123, 96
124, 65, 67
69, 125, 53
98, 126, 60
127, 128, 129
130, 131, 132
133, 134, 135
136, 133, 127
137, 138, 139
140, 141, 142
13, 143, 14
144, 142, 145
140, 146, 147
148, 145, 143
141, 20, 149
150, 21, 151
25, 152, 153
153, 154, 155
148, 25, 153
147, 29, 20
144, 156, 140
144, 153, 155
146, 31, 29
156, 157, 146
155, 158, 156
129, 159, 137
128, 160, 129
161, 162, 163
128, 163, 164
165, 166, 167
168, 169, 166
170, 171, 172
166, 170, 167
165, 173, 168
174, 175, 176
177, 178, 179
180, 176, 181
182, 179, 183
184, 185, 186
187, 170, 169
188, 189, 175
190, 191, 192
193, 192, 194
195, 171, 196
197, 195, 173
173, 196, 170
198, 199, 200
201, 202, 199
203, 204, 205
206, 199, 207
208, 209, 210
211, 198, 200
212, 207, 209
213, 214, 202
198, 215, 203
204, 216, 205
216, 208, 210
217, 218, 219
220, 221, 222
222, 218, 223
217, 224, 220
214, 225, 226
227, 228, 229
106, 108, 230
231, 232, 227
233, 228, 232
229, 234, 227
235, 229, 228
236, 108, 116
117, 236, 116
237, 238, 239
237, 239, 240
238, 240, 239
241, 181, 175
191, 242, 243
244, 194, 178
186, 220, 222
245, 246, 247
248, 249, 246
247, 250, 245
245, 251, 248
246, 252, 247
2, 4, 34
4, 8, 34
6, 1, 0
0, 38, 6
2, 34, 0
3, 7, 4
5, 253, 1
1, 254, 3
7, 35, 8
9, 18, 10
12, 19, 13
11, 10, 15
17, 30, 10
16, 15, 19
9, 149, 20
23, 255, 151
151, 21, 23
256, 22, 21
24, 257, 25
27, 24, 26
19, 26, 25
29, 17, 18
30, 28, 15
28, 26, 19
31, 32, 17
32, 33, 30
33, 27, 28
34, 8, 35
36, 258, 0
37, 6, 38
0, 258, 39
40, 44, 41
43, 48, 44
45, 71, 46
40, 42, 46
46, 43, 40
41, 44, 49
49, 72, 41
50, 64, 51
53, 125, 54
52, 51, 56
55, 54, 58
60, 126, 61
46, 49, 48
63, 259, 64
65, 260, 66
67, 66, 68
45, 261, 70
70, 261, 72
71, 70, 49
75, 86, 78
102, 88, 86
88, 76, 86
92, 74, 73
86, 76, 78
73, 82, 92
75, 78, 73
91, 92, 84
82, 84, 92
76, 89, 77
74, 92, 79
78, 77, 81
82, 87, 83
75, 90, 85
73, 81, 87
88, 262, 89
75, 74, 80
91, 93, 79
91, 84, 83
94, 263, 95
97, 100, 98
95, 97, 99
100, 263, 94
101, 262, 88
103, 111, 104
105, 264, 109
104, 265, 110
111, 103, 112
111, 266, 114
108, 107, 115
118, 122, 119
121, 267, 119
268, 269, 63
50, 52, 57
268, 63, 50
96, 270, 57
123, 94, 96
50, 57, 268
270, 268, 57
53, 55, 67
124, 271, 272
55, 59, 67
67, 69, 53
273, 65, 124
124, 272, 273
67, 59, 124
69, 68, 125
274, 270, 96
274, 96, 99
94, 123, 126
98, 94, 126
60, 274, 99
99, 98, 60
137, 139, 129
127, 133, 128
135, 161, 128
129, 139, 127
133, 135, 128
130, 275, 131
133, 276, 134
136, 277, 133
137, 159, 138
140, 147, 141
13, 148, 143
144, 140, 142
140, 156, 146
148, 144, 145
141, 147, 20
151, 278, 150
150, 279, 21
280, 21, 279
25, 257, 152
153, 152, 154
148, 13, 25
147, 146, 29
144, 155, 156
144, 148, 153
146, 157, 31
156, 158, 157
155, 154, 158
129, 160, 159
128, 164, 160
161, 135, 162
128, 161, 163
165, 168, 166
168, 187, 169
170, 196, 171
172, 167, 170
166, 169, 170
187, 168, 173
165, 197, 173
174, 188, 175
177, 244, 178
180, 174, 176
182, 177, 179
184, 281, 185
187, 173, 170
188, 282, 189
190, 283, 191
193, 190, 192
195, 284, 171
197, 284, 195
173, 195, 196
226, 200, 214
198, 203, 207
205, 216, 210
210, 209, 205
199, 202, 200
205, 209, 207
207, 199, 198
214, 200, 202
203, 205, 207
201, 213, 202
203, 215, 204
206, 201, 199
208, 212, 209
211, 285, 198
212, 206, 207
213, 286, 214
198, 285, 215
204, 287, 216
216, 287, 208
217, 223, 218
220, 224, 221
222, 221, 218
217, 219, 224
214, 286, 225
227, 232, 228
231, 288, 232
233, 289, 228
229, 290, 234
235, 291, 229
236, 230, 108
237, 292, 238
238, 293, 240
189, 294, 241
241, 295, 181
223, 217, 296
296, 181, 223
175, 189, 241
181, 176, 175
295, 223, 181
183, 179, 192
178, 194, 192
192, 191, 243
242, 297, 243
243, 183, 192
297, 298, 243
178, 192, 179
244, 193, 194
223, 295, 299
185, 296, 217
185, 217, 220
223, 299, 222
185, 220, 186
222, 299, 186
245, 248, 246
248, 300, 249
247, 301, 250
245, 302, 251
246, 303, 252
