# Project Zomboid Skinned Mesh
# File Version:
1.0
# Model Name:
Cube
# Vertex Stride Element Count:
3
# Vertex Stride Size (in bytes):
76
# Vertex Stride Data:
# (Int)    Offset
# (String) Type
0
VertexArray
12
NormalArray
24
TextureCoordArray
# Vertex Count:
161
# Vertex Buffer:
0.00624587, 0.14340067, -0.02445094
0.72695088, 0.68095952, 0.08819849
0.61170268, 0.65508306
0.00624587, 0.12581867, -0.03815435
0.77425456, 0.0, -0.63283181
0.49804145, 0.5960117
0.00624587, 0.14340067, -0.03815435
0.62590408, 0.58861047, -0.51158178
0.61170268, 0.5960117
0.00470654, 0.14340067, -0.01820219
0.49745169, 0.59111303, 0.63487655
0.61170268, 0.68201959
0.00624587, 0.12581867, -0.02445094
0.99676502, 0.0, 0.08023316
0.49804145, 0.65508306
0.00624587, 0.0371051, -0.00540391
0.83916748, -0.53733939, 0.08365124
0.11562337, 0.7641262
0.00624587, 0.03529681, -0.02445097
0.84298229, -0.33823663, -0.41825616
0.10782839, 0.68201989
0.00624587, 0.07364678, -0.01642944
0.87780386, 0.29953918, 0.37372968
0.27314377, 0.71659836
0.0, 0.14340067, -0.02445094
0.0, 0.99996948, 0.0
0.83010685, 0.83468682
0.00470654, 0.14340067, -0.01820219
0.49745169, 0.59111303, 0.63487655
0.80981839, 0.86162341
0.00624587, 0.14340067, -0.02445094
0.72695088, 0.68095952, 0.08819849
0.80318272, 0.83468682
0.0, 0.14340067, -0.01820219
0.0, 0.70708334, 0.70708334
0.61170274, 0.6885277
0.00470654, 0.12581867, -0.01820213
0.61674857, 0.0, 0.7871334
0.49804151, 0.68201995
0.0, 0.03957447, -0.03942275
0.0, -0.55388045, -0.83257544
0.12626806, 0.56853816
0.00624587, 0.03921213, -0.03815435
0.63576162, -0.50569171, -0.58311719
0.12470591, 0.5960117
0.00624587, 0.14340067, -0.03815435
0.62590408, 0.58861047, -0.51158178
0.80318272, 0.77561545
0.0, 0.03529681, -0.02445097
0.0, -0.96151614, -0.2746971
0.08194019, 0.64768636
0.00624587, 0.03529681, -0.02445097
0.63536483, -0.74245429, -0.21213415
0.10782839, 0.655083
0.0, 0.12581867, -0.01642944
0.0, 0.70708334, 0.70708334
0.49804151, 0.73623851
0.00320607, 0.09937258, -0.01642944
0.15115818, 0.20722067, 0.9665212
0.38404015, 0.71659839
0.00624587, 0.12581867, -0.01642944
0.57734919, 0.57734919, 0.57734919
0.49804151, 0.71659839
0.0, 0.06529871, 0.00134743
0.0, 0.60106206, 0.7991882
0.25201908, 0.8128306
0.00624587, 0.05363242, 0.04174746
0.58503985, 0.44050416, 0.68089849
0.18686767, 0.96738202
0.0062459, 0.06529871, 0.00134743
0.87002164, 0.2963042, 0.39396343
0.23715773, 0.79322927
0.00320607, 0.09044847, 0.00134743
0.61970884, 0.34733117, 0.70375681
0.34557095, 0.79322927
0.0, 0.06968023, 0.00134743
0.0, 0.0, 1.0
0.25780725, 0.80524096
0.00320609, 0.06968023, 0.00134743
0.24784082, 0.28119755, 0.92706078
0.25604501, 0.79322927
0.0, 0.09468415, -0.0041805
0.0, 0.94701988, 0.32108524
0.37137651, 0.77520713
0.00320607, 0.09468415, -0.0041805
0.64143801, 0.72652364, 0.24631488
0.36382973, 0.7693999
0.0, 0.02707461, -0.0178018
0.0, -0.99444562, -0.10507523
0.04813588, 0.70574236
0.00624587, 0.02707461, -0.0178018
0.57731867, -0.81197548, -0.08578753
0.07238466, 0.71068251
0.0, 0.02057781, 0.03704851
0.0, -0.86321604, 0.50480664
0.01497452, 0.96430615
0.00624587, 0.02057781, 0.03704851
0.56617939, -0.71150851, 0.41608936
0.04437899, 0.94712627
0.0, 0.0371051, -0.00540391
0.0, -0.98806727, 0.15384381
0.0820674, 0.76931614
0.0, 0.09468415, -0.01062484
0.0, 0.94283885, 0.33320108
0.37003666, 0.74659008
0.00320607, 0.09468415, -0.01062484
0.79030734, 0.57765436, 0.20413831
0.36382973, 0.7416203
0.0, 0.05363242, 0.04174746
0.0, 0.54316843, 0.83959472
0.20357805, 0.99297741
0.0, 0.12581867, -0.02445094
0.0, 1.0, 0.0
0.49804145, 0.68201995
0.00624587, 0.12581867, -0.02445094
0.70708334, 0.70708334, 0.0
0.49804145, 0.68201995
0.0062459, 0.06968023, 0.00134743
0.5897702, 0.50502032, 0.63014621
0.25604501, 0.79322925
0.00320609, 0.070092, -0.00049804
0.36054567, 0.92623675, -0.109653
0.2578201, 0.78527394
0.00320607, 0.08664538, -0.01642944
0.126957, -0.18070009, 0.97527999
0.3291769, 0.71659839
0.00624587, 0.09937258, -0.01642944
0.70708334, 0.0, 0.70708334
0.38404015, 0.71659839
0.00320613, 0.09273384, -0.0050314
0.79100925, -0.57628101, -0.20532852
0.35542247, 0.76573195
0.0, 0.09273384, -0.0050314
0.0, -0.94195378, -0.33564258
0.34377438, 0.76030667
0.00320607, 0.09273384, -0.01062484
0.80730611, -0.542436, 0.2323069
0.35542247, 0.7416203
0.0, 0.08903302, -0.00049804
0.0, -0.42872402, -0.90340894
0.33348641, 0.7723323
0.00320613, 0.08903302, -0.00049804
0.8174383, -0.24692526, -0.52037108
0.33946934, 0.78527395
0.0, 0.09273384, -0.01062484
0.0, -0.91921753, 0.39365825
0.34243777, 0.74368101
0.0, 0.08664538, -0.01642944
0.0, -0.3716239, 0.92837304
0.32169992, 0.72803867
0.00320607, 0.07364678, -0.01642944
0.0, 0.62538528, 0.78029728
0.27314377, 0.71659839
0.0, 0.07364678, -0.01642944
0.0, 0.62538528, 0.78029728
0.28258997, 0.72909477
0.0, 0.09937258, -0.01642944
0.0, 0.43107393, 0.90231025
0.38404015, 0.73600665
0.00345695, 0.03237112, -0.01293185
0.40784937, -0.35056612, 0.84304333
0.85952348, 0.0584051
-0.0, 0.02247132, -0.01704859
0.0, -0.99932861, -0.03619495
0.77824652, 0.05596519
0.00345695, 0.02247132, -0.01704859
0.54521316, -0.83773309, -0.0303354
0.80162895, 0.04826868
0.00453473, 0.04365091, -0.03814454
0.44718772, -0.63243508, -0.63243508
0.87280411, 0.12453556
0.0, 0.0469097, -0.04140326
0.0, 0.0, -1.0
0.88685161, 0.09486318
0.00453473, 0.0469097, -0.04140326
0.57734919, 0.0, -0.8164922
0.88685161, 0.11048818
0.00345695, 0.02911529, -0.01926266
0.73918879, -0.21289712, -0.63890499
0.84548849, 0.03111476
0.0, 0.02911529, -0.01926266
0.0, -0.31614125, -0.9486984
0.83053404, 0.00668705
0.00213659, 0.01984993, -0.02289313
0.56389052, -0.72347176, 0.39820552
0.70242, 0.1133948
0.00213659, 0.02276159, -0.02934441
0.57905817, -0.30051577, -0.75786614
0.70978284, 0.06379408
0.00213659, 0.02448781, -0.02223699
0.69304484, -0.05536058, 0.7187109
0.73244298, 0.0864765
0.00213659, 0.04047722, -0.0220249
0.53929257, 0.82488477, 0.16937773
0.80136895, 0.08739078
0.0, 0.02448781, -0.02223699
0.0, -0.07681509, 0.99703968
0.73720598, 0.10111773
-0.0, 0.02276159, -0.02934441
0.0, -0.36860254, -0.92956328
0.69800103, 0.04952943
0.0, 0.04047722, -0.0220249
0.0, 0.97955263, 0.2011475
0.80136895, 0.07840639
-0.0, 0.01984993, -0.02289313
0.0, -0.87606436, 0.48216194
0.69329357, 0.1293602
0.00453473, 0.05016842, -0.03814454
0.44718772, 0.63243508, -0.63243508
0.90089911, 0.12453556
0.0, 0.05016842, -0.03814454
0.0, 0.70708334, -0.70708334
0.90089911, 0.10891056
0.00152234, 0.14138857, -0.03907983
0.2801294, 0.42478713, -0.86083561
0.9711073, 0.11182272
0.00152234, 0.13408232, -0.03907983
0.26953948, -0.40989411, -0.87136447
0.93961215, 0.11182272
0.00152234, 0.13782285, -0.04083937
0.62120426, 0.00732444, -0.78359324
0.95573646, 0.10423774
0.0, 0.14138857, -0.03907983
0.0, 0.44248787, -0.89675587
0.9711073, 0.10414684
0.0, 0.13408232, -0.03907983
0.0, -0.42564166, -0.90487379
0.93961215, 0.10496384
0.0, 0.13782285, -0.04083937
0.0, 0.00933866, -0.99993896
0.95573646, 0.09730411
-0.00624587, 0.12581867, -0.03815435
-0.77425456, 0.0, -0.63283181
0.49804145, 0.40398848
-0.00624587, 0.14340067, -0.02445094
-0.72695088, 0.68095952, 0.08819849
0.61170268, 0.34491712
-0.00624587, 0.14340067, -0.03815435
-0.62590408, 0.58861047, -0.51158178
0.61170268, 0.40398848
-0.00624587, 0.12581867, -0.02445094
-0.99676502, 0.0, 0.08023316
0.49804145, 0.34491712
-0.00470654, 0.14340067, -0.01820219
-0.49745169, 0.59111303, 0.63487655
0.61170268, 0.31798059
-0.0062459, 0.06529871, 0.00134743
-0.87002164, 0.2963042, 0.39396343
0.23715773, 0.2067709
-0.00624587, 0.07364678, -0.01642944
-0.87780386, 0.29953918, 0.37372968
0.27314377, 0.28340185
-0.00624587, 0.0371051, -0.00540391
-0.83916748, -0.53733939, 0.08365124
0.11562337, 0.235874
-0.00470654, 0.14340067, -0.01820219
-0.49745169, 0.59111303, 0.63487655
0.85039544, 0.86162341
-0.00624587, 0.14340067, -0.02445094
-0.72695088, 0.68095952, 0.08819849
0.85703111, 0.83468682
-0.00470654, 0.12581867, -0.01820213
-0.61674857, 0.0, 0.7871334
0.49804151, 0.31798023
0.0, 0.14340067, -0.01820219
0.0, 0.70708334, 0.70708334
0.61170274, 0.31147248
0.0, 0.03957447, -0.03942275
0.0, -0.55388045, -0.83257544
0.12626806, 0.43146205
-0.00624587, 0.03921213, -0.03815435
-0.63576162, -0.50569171, -0.58311719
0.12470591, 0.40398848
-0.00624587, 0.14340067, -0.03815435
-0.62590408, 0.58861047, -0.51158178
0.85703111, 0.77561545
0.0, 0.14340067, -0.03942275
0.0, 0.66490674, -0.74687946
0.83010691, 0.7701478
0.0, 0.03529681, -0.02445097
0.0, -0.96151614, -0.2746971
0.08194019, 0.35231382
-0.00624587, 0.03529681, -0.02445097
-0.63536483, -0.74245429, -0.21213415
0.10782839, 0.34491718
-0.00624587, 0.09937258, -0.01642944
-0.70708334, 0.0, 0.70708334
0.38404015, 0.28340179
-0.00320607, 0.09937258, -0.01642944
-0.15115818, 0.20722067, 0.9665212
0.38404015, 0.28340179
-0.00624587, 0.12581867, -0.01642944
-0.57734919, 0.57734919, 0.57734919
0.49804151, 0.28340179
-0.00624587, 0.05363242, 0.04174746
-0.58503985, 0.44050416, 0.68089849
0.18686767, 0.03261817
0.0, 0.06529871, 0.00134743
0.0, 0.60106206, 0.7991882
0.25201908, 0.18716955
-0.00320607, 0.09044847, 0.00134743
-0.61970884, 0.34733117, 0.70375681
0.34557095, 0.2067709
0.0, 0.06968023, 0.00134743
0.0, 0.0, 1.0
0.25780725, 0.19475925
0.0, 0.09044847, 0.00134743
0.0, 0.44257942, 0.89669484
0.34684065, 0.19497865
0.0, 0.09468415, -0.0041805
0.0, 0.94701988, 0.32108524
0.37137651, 0.22479308
-0.00320607, 0.09468415, -0.0041805
-0.64143801, 0.72652364, 0.24631488
0.36382973, 0.2306003
-0.00624587, 0.03529681, -0.02445097
-0.84298229, -0.33823663, -0.41825616
0.10782839, 0.31798029
0.0, 0.02707461, -0.0178018
0.0, -0.99444562, -0.10507523
0.04813587, 0.29425782
-0.00624587, 0.02707461, -0.0178018
-0.57731867, -0.81197548, -0.08578753
0.07238466, 0.28931767
0.0, 0.02057781, 0.03704851
0.0, -0.86321604, 0.50480664
0.01497453, 0.035694
-0.00624587, 0.02057781, 0.03704851
-0.56617939, -0.71150851, 0.41608936
0.04437899, 0.05287391
0.0, 0.0371051, -0.00540391
0.0, -0.98806727, 0.15384381
0.08206739, 0.23068404
0.0, 0.09468415, -0.01062484
0.0, 0.94283885, 0.33320108
0.37003666, 0.2534101
-0.00320607, 0.09468415, -0.01062484
-0.79030734, 0.57765436, 0.20413831
0.36382973, 0.25837988
0.0, 0.05363242, 0.04174746
0.0, 0.54316843, 0.83959472
0.20357805, 0.00702286
0.0, 0.12581867, -0.02445094
0.0, 1.0, 0.0
0.49804145, 0.31798023
-0.00624587, 0.12581867, -0.02445094
-0.70708334, 0.70708334, 0.0
0.49804145, 0.31798023
-0.00320609, 0.06968023, 0.00134743
-0.24784082, 0.28119755, 0.92706078
0.25604501, 0.2067709
-0.0062459, 0.06968023, 0.00134743
-0.5897702, 0.50502032, 0.63014621
0.25604501, 0.2067709
-0.00320609, 0.070092, -0.00049804
-0.36054567, 0.92623675, -0.109653
0.2578201, 0.21472621
-0.00320607, 0.07364678, -0.01642944
0.0, 0.62538528, 0.78029728
0.27314377, 0.28340179
-0.00320607, 0.08664538, -0.01642944
-0.126957, -0.18070009, 0.97527999
0.3291769, 0.28340179
-0.00320613, 0.09273384, -0.0050314
-0.79100925, -0.57628101, -0.20532852
0.35542247, 0.23426825
-0.00320607, 0.09273384, -0.01062484
-0.80730611, -0.542436, 0.2323069
0.35542247, 0.25837988
0.0, 0.09273384, -0.0050314
0.0, -0.94195378, -0.33564258
0.34377438, 0.23969352
0.0, 0.08903302, -0.00049804
0.0, -0.42872402, -0.90340894
0.33348641, 0.22766787
0.0, 0.070092, -0.00049804
0.0, 0.78029728, -0.62538528
0.27580702, 0.23086596
0.0, 0.09273384, -0.01062484
0.0, -0.91921753, 0.39365825
0.34243777, 0.25631917
-0.00320613, 0.08903302, -0.00049804
-0.8174383, -0.24692526, -0.52037108
0.33946934, 0.21472621
0.0, 0.08664538, -0.01642944
0.0, -0.3716239, 0.92837304
0.32169992, 0.27196151
0.0, 0.07364678, -0.01642944
0.0, 0.62538528, 0.78029728
0.28258997, 0.27090538
0.0, 0.09937258, -0.01642944
0.0, 0.43107393, 0.90231025
0.38404015, 0.2639935
-0.00345695, 0.03237112, -0.01293185
-0.40784937, -0.35056612, 0.84304333
0.85952348, 0.0584051
-0.00345695, 0.02247132, -0.01704859
-0.54521316, -0.83773309, -0.0303354
0.80162895, 0.04826868
-0.00453473, 0.04365091, -0.03814454
-0.44718772, -0.63243508, -0.63243508
0.87280411, 0.12453556
-0.00453473, 0.0469097, -0.04140326
-0.57734919, 0.0, -0.8164922
0.88685161, 0.11048818
-0.00345695, 0.02911529, -0.01926266
-0.73918879, -0.21289712, -0.63890499
0.84548849, 0.03111476
-0.00213659, 0.01984993, -0.02289313
-0.56389052, -0.72347176, 0.39820552
0.70242, 0.1133948
-0.00213659, 0.02448781, -0.02223699
-0.69304484, -0.05536058, 0.7187109
0.73244298, 0.0864765
-0.00213659, 0.02276159, -0.02934441
-0.57905817, -0.30051577, -0.75786614
0.70978284, 0.06379408
-0.00213659, 0.04047722, -0.0220249
-0.53929257, 0.82488477, 0.16937773
0.80136895, 0.08739078
-0.00453473, 0.05016842, -0.03814454
-0.44718772, 0.63243508, -0.63243508
0.90089911, 0.12453556
-0.00152234, 0.14138857, -0.03907983
-0.2801294, 0.42478713, -0.86083561
0.9711073, 0.11182272
-0.00152234, 0.13782285, -0.04083937
-0.62120426, 0.00732444, -0.78359324
0.95573646, 0.10423774
-0.00152234, 0.13408232, -0.03907983
-0.26953948, -0.40989411, -0.87136447
0.93961215, 0.11182272
0.0, 0.14340067, -0.03942275
0.0, 0.66490674, -0.74687946
0.61170268, 0.56853798
0.0, 0.12581867, -0.03942275
0.0, 0.0, -1.0
0.49804148, 0.56853801
0.0, 0.12581867, -0.03942275
0.0, 0.0, -1.0
0.49804148, 0.43146211
0.0, 0.14340067, -0.01820219
0.0, 0.70708334, 0.70708334
0.83010685, 0.86162341
0.0, 0.12581867, -0.01820213
0.0, 0.0, 1.0
0.49804157, 0.68852803
0.0, 0.03957447, -0.03942275
0.0, -0.55388045, -0.83257544
0.10037988, 0.58314747
0.0, 0.09044847, 0.00134743
0.0, 0.44257942, 0.89669484
0.34684065, 0.80502151
0.0, 0.03529681, -0.02445097
0.0, -0.62880337, -0.77755058
0.08200136, 0.66201681
0.0, 0.070092, -0.00049804
0.0, 0.78029728, -0.62538528
0.27580702, 0.76913422
0.0, 0.03237112, -0.01293185
0.0, -0.38395336, 0.92333752
0.85403311, 0.07762003
0.0, 0.04365091, -0.03814454
0.0, -0.70708334, -0.70711386
0.87280411, 0.10891056
0.0, 0.04047722, -0.0220249
0.0, 0.97955263, 0.2011475
0.80136895, 0.09305483
0.0, 0.12581867, -0.01820213
0.0, 0.0, 1.0
0.49804157, 0.31147218
0.0, 0.03957447, -0.03942275
0.0, -0.55388045, -0.83257544
0.10037987, 0.41685271
0.0, 0.12581867, -0.01642944
0.0, 0.70708334, 0.70708334
0.49804151, 0.26376164
0.0, 0.03529681, -0.02445097
0.0, -0.62880337, -0.77755058
0.08200134, 0.33798337
0.0, 0.14340067, -0.03942275
0.0, 0.66490674, -0.74687946
0.61170268, 0.43146217
# Number of Faces:
208
# Face Data:
0, 1, 2
3, 4, 0
5, 6, 7
8, 9, 10
11, 12, 3
13, 1, 14
15, 8, 10
16, 14, 17
18, 19, 20
21, 22, 23
24, 25, 26
27, 24, 28
29, 6, 30
31, 5, 32
33, 30, 5
34, 28, 35
36, 32, 22
37, 20, 38
23, 39, 26
40, 39, 7
41, 7, 42
35, 28, 43
44, 45, 43
40, 46, 47
48, 41, 45
46, 43, 47
49, 50, 41
51, 40, 50
52, 35, 19
53, 54, 55
56, 57, 58
55, 59, 53
55, 60, 59
61, 62, 63
62, 64, 63
64, 65, 63
61, 66, 62
62, 67, 64
63, 68, 61
56, 58, 69
58, 70, 69
71, 72, 73
73, 74, 71
73, 75, 76
77, 78, 79
80, 81, 78
82, 83, 84
85, 8, 86
87, 88, 81
77, 89, 90
91, 8, 92
90, 93, 94
95, 96, 97
98, 99, 82
100, 101, 102
100, 103, 104
105, 106, 107
84, 108, 109
107, 110, 84
104, 111, 112
109, 113, 98
97, 114, 115
116, 82, 99
117, 116, 118
83, 119, 120
121, 100, 104
122, 123, 121
118, 124, 125
120, 126, 122
121, 124, 127
119, 128, 120
118, 129, 119
112, 130, 96
54, 131, 132
57, 133, 134
132, 131, 135
60, 132, 135
136, 137, 138
138, 137, 139
65, 139, 137
66, 136, 138
67, 138, 139
68, 137, 136
133, 140, 134
70, 134, 140
141, 142, 143
74, 142, 141
76, 143, 142
144, 1, 145
4, 14, 1
79, 146, 77
90, 80, 77
0, 4, 1
3, 12, 4
5, 30, 6
6, 38, 7
20, 42, 38
22, 32, 5
7, 39, 23
23, 22, 5
38, 42, 7
7, 23, 5
8, 147, 9
11, 148, 12
13, 145, 1
15, 92, 8
16, 149, 14
42, 20, 19
18, 52, 19
21, 36, 22
24, 150, 25
27, 150, 24
29, 151, 6
31, 33, 5
33, 29, 30
34, 27, 28
36, 31, 32
37, 18, 20
26, 25, 21
21, 23, 26
7, 50, 40
40, 26, 39
42, 19, 41
41, 50, 7
41, 19, 45
24, 26, 47
26, 40, 47
45, 19, 35
24, 47, 43
43, 45, 35
28, 24, 43
44, 48, 45
40, 152, 46
48, 49, 41
46, 44, 43
49, 51, 50
51, 152, 40
52, 34, 35
53, 153, 54
56, 154, 57
55, 54, 60
64, 155, 65
61, 68, 66
62, 66, 67
63, 65, 68
58, 57, 70
73, 76, 74
73, 72, 75
77, 80, 78
80, 87, 81
84, 109, 98
82, 117, 83
84, 98, 82
105, 107, 84
97, 115, 95
83, 95, 115
105, 84, 83
83, 115, 105
85, 147, 8
87, 156, 88
77, 146, 89
91, 86, 8
90, 157, 93
158, 97, 96
96, 130, 158
98, 113, 99
100, 116, 101
100, 102, 103
105, 159, 106
84, 110, 108
107, 106, 110
104, 103, 111
109, 108, 113
97, 158, 114
99, 101, 116
116, 117, 82
118, 119, 83
83, 117, 118
120, 96, 95
95, 83, 120
112, 96, 122
96, 120, 122
118, 116, 127
127, 116, 100
104, 112, 121
121, 127, 100
112, 122, 121
122, 126, 123
118, 127, 124
120, 128, 126
121, 123, 124
119, 129, 128
118, 125, 129
112, 111, 130
54, 153, 131
57, 154, 133
60, 54, 132
65, 155, 139
66, 68, 136
67, 66, 138
68, 65, 137
70, 57, 134
74, 76, 142
76, 75, 143
144, 2, 1
4, 17, 14
79, 160, 146
90, 94, 80
