# Project Zomboid Skinned Mesh
# File Version:
1.0
# Model Name:
Cube
# Vertex Stride Element Count:
3
# Vertex Stride Size (in bytes):
76
# Vertex Stride Data:
# (Int)    Offset
# (String) Type
0
VertexArray
12
NormalArray
24
TextureCoordArray
# Vertex Count:
290
# Vertex Buffer:
0.01077702, 0.29923543, 0.0032793
0.70403147, 0.69560838, 0.14288767
0.86312425, 0.78398716
0.0, 0.29683295, -0.03894869
0.0, 0.68672752, -0.72688985
0.88243479, 0.69990283
0.0, 0.29923543, 0.0032793
0.0, 0.99795526, 0.06375317
0.88859189, 0.78398716
0.01077702, 0.06274383, 0.00129692
0.99996948, 0.0, 0.0
0.3922227, 0.78003979
0.01077702, 0.03425554, -0.03894869
0.57734919, -0.57734919, -0.57734919
0.3354969, 0.69990283
0.01077702, 0.18723424, -0.03894869
0.70708334, 0.0, -0.70708334
0.64010763, 0.69990283
0.0, 0.19792472, 0.03005072
0.0, 0.86233103, 0.50630206
0.68426341, 0.86374217
0.01077702, 0.19054915, 0.01021285
0.94271678, 0.27384257, 0.19034395
0.64670813, 0.8242411
0.0, 0.19054915, 0.01021285
0.0, 0.82110047, 0.57072663
0.66937274, 0.8242411
0.0, 0.0772909, -0.05301797
0.0, 0.70708334, -0.70708334
0.42118883, 0.62168843
0.01077702, 0.06308372, -0.05301797
0.65044099, -0.2075869, -0.73061311
0.39289951, 0.64332628
0.0, 0.06308372, -0.05301797
0.0, -0.27329326, -0.96191287
0.39289951, 0.62168843
0.01077702, 0.04032463, -0.03894869
0.33240759, -0.49589527, -0.80220956
0.34758162, 0.67134088
0.0, 0.29683295, -0.03894869
0.0, 0.68672752, -0.72688985
0.85834008, 0.67733407
0.01077702, 0.29683295, -0.03894869
0.58037049, 0.55922115, -0.59193701
0.85834008, 0.69990283
0.01077702, 0.21547814, 0.0032793
0.7657094, 0.15530869, 0.62413406
0.69634676, 0.78398716
0.0, 0.14457442, 0.03827922
0.0, 0.5607776, 0.82793665
0.56872785, 0.88629538
0.01077702, 0.19792472, 0.03005072
0.5674001, 0.71007419, 0.41688284
0.66139454, 0.86374217
0.01077693, 0.10135949, 0.02344652
0.84826195, 0.28150272, 0.44850001
0.47201422, 0.84273797
0.01077702, 0.06411593, 0.01357601
0.83367413, -0.40711692, 0.37311929
0.3944495, 0.83037126
0.01077702, 0.06274383, 0.00129692
0.99996948, 0.0, 0.0
0.39222273, 0.80648762
0.0, 0.04135684, 0.00592764
0.0, -0.16138187, 0.98687702
0.34223574, 0.831433
0.0, 0.06411593, 0.01357601
0.0, -0.73720509, 0.67564929
0.37665603, 0.84291625
0.0, 0.20241143, 0.01021285
0.0, 0.24149297, 0.97039706
0.67525953, 0.81576556
0.01077702, 0.20241143, 0.01021285
0.65654469, 0.18213446, 0.73192543
0.67032844, 0.79779321
0.0, 0.21547814, 0.0032793
0.0, 0.24149297, 0.97039706
0.7005955, 0.80331737
0.01077702, 0.28646085, 0.0032793
0.88705099, -0.23999757, 0.39436018
0.83768737, 0.78398716
0.0, 0.28646085, 0.0032793
0.0, -0.70708334, 0.70708334
0.82481313, 0.80077362
0.01077702, 0.18723424, 0.00129692
1.0, 0.0, 0.0
0.64010763, 0.78003979
0.01077702, 0.19054915, 0.01021285
0.94271678, 0.27384257, 0.19034395
0.64670813, 0.79779321
0.01077702, 0.06816812, 0.03034537
0.80761129, -0.58128607, -0.09903257
0.40302357, 0.86432886
0.0092142, 0.19106565, 0.02872404
0.70708334, 0.68724632, -0.16629536
0.97394544, 0.7135511
0.0092142, 0.19469003, 0.15627378
0.57734919, -0.425367, 0.69692069
0.92120969, 0.96209715
0.0092142, 0.16533343, 0.03495046
0.70708334, -0.68724632, 0.16629536
0.92122889, 0.71354687
0.0, 0.19054915, 0.01021285
0.0, 0.82110047, 0.57072663
0.65067333, 0.82012999
0.01077702, 0.04161109, 0.07136183
0.57408369, -0.79485458, 0.19647816
0.35014325, 0.94600075
0.0, 0.06816812, 0.03034537
0.0, -0.98577839, -0.16794336
0.37870187, 0.86107981
0.0, 0.13981842, 0.04633789
0.0, 0.49583423, 0.86840421
0.55902934, 0.90300035
0.01077705, 0.09053435, 0.04633789
0.84862816, 0.28180793, 0.44761497
0.44755924, 0.89617312
0.01077702, 0.13981842, 0.04633789
0.61067539, 0.39262062, 0.68764305
0.54569334, 0.89617312
0.0092142, 0.22042225, 0.15004738
0.57734919, 0.69692069, 0.425367
0.97392613, 0.96210122
0.0, 0.19469003, 0.15627378
0.0, -0.52095097, 0.85357219
0.90331328, 0.96209715
0.01077693, 0.0917043, 0.04344691
0.95141453, 0.26071963, -0.16367076
0.44988865, 0.89041662
0.01077699, 0.13645618, 0.04344691
0.84646136, -0.27988526, -0.45289469
0.53899837, 0.89041662
0.0, 0.22042225, 0.15004738
0.0, 0.85357219, 0.52095097
0.99355859, 0.96210122
0.0, 0.16533343, 0.03495046
0.0, -0.97192299, 0.23517564
0.90331328, 0.71353826
0.0, 0.07070588, 0.08769412
0.0, 0.30133978, 0.95348978
0.41603214, 0.99999839
0.01077702, 0.07070588, 0.08769412
0.57402265, 0.24674214, 0.78075504
0.40807676, 0.97852159
0.01077702, 0.14457442, 0.03827922
0.81722462, 0.3231605, 0.47715691
0.5551635, 0.88012683
0.0, 0.04161109, 0.07136183
0.0, -0.97076327, 0.23996703
0.32699287, 0.95357788
0.0, 0.10135949, 0.02344652
0.0, 0.53160191, 0.8469497
0.48525441, 0.85843724
0.0, 0.13645618, 0.04344691
0.0, -0.52571183, -0.85064244
0.52607745, 0.87747401
0.0, 0.14645635, 0.02344652
0.0, -0.85064244, 0.52571183
0.52948219, 0.857656
0.01077693, 0.14645635, 0.02344652
0.95266581, -0.25858334, 0.15979491
0.55891091, 0.8505919
0.00561374, 0.3221083, -0.01238917
0.71727651, 0.63023776, -0.29709768
0.40969914, 0.53626308
0.00232528, 0.29683295, -0.01567763
0.38267159, 0.0, -0.92385632
0.35937065, 0.52971512
0.00232528, 0.3221083, -0.01567763
0.29709768, 0.63023776, -0.71727651
0.40969914, 0.52971512
0.00561374, 0.32210824, -0.00773861
0.71727651, 0.63023776, 0.29709768
0.40969914, 0.54552335
0.00561373, 0.29683295, -0.01238917
0.92385632, 0.0, -0.38267159
0.35937065, 0.53626308
0.00232529, 0.32210824, -0.00445017
0.29709768, 0.63023776, 0.71727651
0.40969914, 0.55207121
0.00561374, 0.29683295, -0.00773861
0.92385632, 0.0, 0.38267159
0.35937065, 0.54552335
0.0, 0.32210824, -0.00445017
0.0, 0.70708334, 0.70708334
0.40969914, 0.55670133
0.00232529, 0.29683295, -0.00445017
0.38267159, 0.0, 0.92385632
0.35937065, 0.55207121
0.00471615, 0.28855681, -0.05922499
0.49162266, 0.46684164, -0.7350688
0.84186089, 0.6309669
0.0, 0.29683295, -0.03894869
0.0, 0.92584002, -0.37788019
0.85834008, 0.65423882
0.01077702, 0.29683295, -0.03894869
0.61656547, 0.64857936, -0.44624165
0.85834008, 0.67134088
0.0, 0.27986708, -0.05963876
0.0, -0.43855098, -0.89867854
0.82455772, 0.61970067
0.0, 0.28855681, -0.05922499
0.0, 0.57728815, -0.81652272
0.84186089, 0.62170649
0.0, 0.32210824, -0.00445017
0.0, 0.70708334, 0.70708334
0.46292669, 0.55207136
0.00561374, 0.32210824, -0.00773861
0.71727651, 0.63023776, 0.29709768
0.47410473, 0.54552335
0.00561374, 0.3221083, -0.01238917
0.71727651, 0.63023776, -0.29709768
0.47410473, 0.53626308
0.00471615, 0.27986708, -0.05963876
0.50190741, -0.34269235, -0.79412216
0.82455772, 0.63014293
0.0, 0.26524606, -0.03894869
0.0, -0.81664479, -0.57710499
0.79544443, 0.6519562
0.0, 0.29683295, -0.01567763
0.0, 0.0, -1.0
0.35937065, 0.52508503
0.0, 0.3221083, -0.01567763
0.0, 0.70708334, -0.70708334
0.40969914, 0.52508497
0.01077702, 0.26524606, -0.03894869
0.52644432, -0.61397135, -0.58809167
0.79544443, 0.67134088
0.0, 0.0772909, -0.03894869
0.0, 1.0, 0.0
0.44828498, 0.67134088
0.01077702, 0.0772909, -0.05301797
0.57734919, 0.57734919, -0.57734919
0.42118883, 0.64332628
0.01077702, 0.0772909, -0.03894869
0.70708334, 0.70708334, 0.0
0.42118883, 0.67134088
0.0, 0.03425554, -0.03894869
0.0, -0.70708334, -0.70708334
0.3354969, 0.67733407
0.0, 0.03425554, 0.00592764
0.0, 0.0, 0.99996948
0.32597625, 0.82944191
0.00687776, 0.00644802, 0.00592764
0.73714405, 0.07129124, 0.67195654
0.27060604, 0.8157084
0.01077702, 0.03425554, 0.00592764
0.73195595, -0.10263374, 0.67354351
0.32597625, 0.8157084
0.00687776, 0.00644802, -0.02315804
0.74599445, -0.23093356, -0.62459183
0.27060604, 0.75779313
0.0, 0.03425554, -0.03894869
0.0, -0.49378949, -0.86956388
0.32597625, 0.7115922
0.01077702, 0.03425554, -0.03894869
0.5658437, -0.46568194, -0.68037963
0.32597625, 0.72635067
0.0, 0.03425554, 0.00592764
0.0, -0.70708334, 0.70708334
0.3354969, 0.80498511
0.01077702, 0.03425554, 0.00592764
0.57734919, -0.57734919, 0.57734919
0.3354969, 0.78926051
0.0, -0.10378877, 0.04760576
0.0, 0.1797235, 0.98370314
0.05110276, 0.91445619
0.0, 0.00644802, 0.00592764
0.0, 0.1797235, 0.98370314
0.27060604, 0.82944191
0.00687776, -0.10378877, -0.02315804
0.5535447, 0.22409742, -0.80205697
0.05110276, 0.75779313
0.0, 0.00644802, -0.02315804
0.0, -0.25534835, -0.96682638
0.27060604, 0.74037611
0.00687765, -0.04069071, -0.01124392
0.90450758, 0.30149236, 0.30152288
0.17674351, 0.78151643
0.00687772, -0.04690338, -0.01173199
0.93346965, -0.28458509, 0.21814631
0.16437292, 0.78054464
0.0, -0.10781498, 0.04760576
0.0, 0.0, 0.99996948
0.04308581, 0.91445619
0.00687776, -0.10378877, 0.04760576
0.4907071, 0.34598833, 0.79964596
0.05110276, 0.89869773
0.0, -0.10781498, -0.02315804
0.0, 0.0, -1.0
0.04308578, 0.74037611
0.0, -0.10378877, -0.02315804
0.0, 0.0, -1.0
0.05110276, 0.74037611
0.00687776, -0.10378877, -0.01173199
0.68492693, 0.67217016, 0.28107548
0.05110276, 0.78054464
0.01077702, -0.10781498, -0.02315804
0.71861935, 0.29093295, -0.63158053
0.04308578, 0.75779313
0.0, -0.12619373, 0.04760576
0.0, -0.70708334, 0.70708334
0.00649017, 0.91445619
0.01077702, -0.12619373, -0.02315804
0.57734919, -0.57734919, -0.57734919
0.00649017, 0.75779313
0.01077702, -0.12619373, 0.04760576
0.57734919, -0.57734919, 0.57734919
0.00649017, 0.89869773
0.01077701, -0.10781498, 0.03083856
0.9269082, 0.37525558, 0.0
0.04308578, 0.86531091
0.01077701, -0.10781498, -0.01173199
0.9269082, 0.37525558, 0.0
0.04308581, 0.78054464
0.00687776, -0.10378877, 0.03083856
0.59160131, 0.76686913, -0.24872585
0.05110276, 0.86531091
0.01077702, -0.10781498, 0.04760576
0.71861935, 0.29093295, 0.63158053
0.04308581, 0.89869773
0.00687772, -0.05584145, 0.02149392
0.82580036, -0.41734061, -0.37928402
0.14657533, 0.84670389
0.00687772, -0.04069068, 0.01647877
0.94070256, 0.19644764, -0.27646717
0.17674354, 0.83671767
0.0, -0.01126118, -0.01124394
0.0, -0.70708334, 0.70708334
0.2212999, 0.79068482
0.00687772, -0.01126118, -0.01124394
0.90450758, -0.30149236, 0.30149236
0.23534355, 0.78151643
0.0, -0.05584145, 0.02149392
0.0, -0.74004334, -0.67253637
0.13571122, 0.84226215
0.01077702, 0.04135684, 0.00592764
0.10397656, -0.16049685, 0.98153633
0.34223574, 0.78926051
0.0, -0.04069068, 0.01647877
0.0, 0.57924134, -0.81511885
0.18744962, 0.82456744
0.0, -0.04690338, -0.01173199
0.0, -0.79363382, 0.60835594
0.14500308, 0.78882557
0.0, -0.10378877, -0.01173199
0.0, 0.70708334, 0.70708334
0.06096867, 0.79594946
0.0, -0.10378877, 0.03083856
0.0, 0.84096807, -0.54106265
0.06329441, 0.85539848
0.00687772, -0.0934147, 0.03556318
0.80419326, 0.02050844, -0.59395123
0.07175964, 0.87471855
0.00687776, -0.01126118, 0.00622922
0.86312449, -0.41160312, -0.29248941
0.2353435, 0.81630886
0.0, -0.01126118, 0.00622922
0.0, -0.81511885, -0.57924134
0.22374076, 0.81031406
0.0, -0.0934147, 0.03556318
0.0, 0.03451644, -0.99938965
0.07763708, 0.85992801
0.00471615, 0.29578716, 0.02176246
0.47444075, 0.52916044, 0.70345163
0.85625762, 0.82079071
0.0, 0.28646085, 0.02176246
0.0, -0.70708334, 0.70708334
0.82819426, 0.82079071
0.0, 0.29578716, 0.02176246
0.0, 0.63896602, 0.76921904
0.87039357, 0.82079071
0.00471615, 0.28646085, 0.02176246
0.47114474, -0.59584337, 0.65031892
0.83768737, 0.82079071
0.0, 0.29683295, -0.03894869
0.0, 0.68672752, -0.72688985
0.88243479, 0.3000983
-0.01077702, 0.29923543, 0.0032793
-0.70403147, 0.69560838, 0.14288767
0.86312425, 0.21601397
0.0, 0.29923543, 0.0032793
0.0, 0.99795526, 0.06375317
0.88859189, 0.21601397
-0.01077702, 0.03425554, -0.03894869
-0.57734919, -0.57734919, -0.57734919
0.3354969, 0.3000983
-0.01077702, 0.03425554, 0.00592764
-0.57734919, -0.57734919, 0.57734919
0.3354969, 0.21074063
-0.01077702, 0.06274383, 0.00129692
-1.0, 0.0, 0.0
0.3922227, 0.2199614
-0.01077702, 0.19054915, 0.01021285
-0.94271678, 0.27384257, 0.19034395
0.64670813, 0.17576003
0.0, 0.19792472, 0.03005072
0.0, 0.86233103, 0.50630206
0.68426341, 0.13625896
0.0, 0.19054915, 0.01021285
0.0, 0.82110047, 0.57072663
0.66937274, 0.17576003
-0.01077702, 0.06308372, -0.05301797
-0.65044099, -0.2075869, -0.73061311
0.39289951, 0.35667485
0.0, 0.0772909, -0.05301797
0.0, 0.70708334, -0.70708334
0.42118883, 0.37831271
0.0, 0.06308372, -0.05301797
0.0, -0.27329326, -0.96191287
0.39289951, 0.37831271
-0.01077702, 0.04032463, -0.03894869
-0.33240759, -0.49589527, -0.80220956
0.34758162, 0.32866025
0.0, 0.29683295, -0.03894869
0.0, 0.68672752, -0.72688985
0.85834008, 0.32266712
-0.01077702, 0.18723424, -0.03894869
-0.70708334, 0.0, -0.70708334
0.64010763, 0.3000983
-0.01077702, 0.29683295, -0.03894869
-0.58037049, 0.55922115, -0.59193701
0.85834008, 0.3000983
-0.01077702, 0.21547814, 0.0032793
-0.7657094, 0.15530869, 0.62413406
0.69634676, 0.21601397
-0.01077702, 0.28646085, 0.0032793
-0.88705099, -0.23999757, 0.39436018
0.83768737, 0.21601397
-0.01077702, 0.19792472, 0.03005072
-0.5674001, 0.71007419, 0.41688284
0.66139454, 0.13625896
0.0, 0.14457442, 0.03827922
0.0, 0.5607776, 0.82793665
0.56872785, 0.11370575
-0.01077702, 0.06411593, 0.01357601
-0.83367413, -0.40711692, 0.37311929
0.3944495, 0.16962993
-0.01077693, 0.10135949, 0.02344652
-0.84826195, 0.28150272, 0.44850001
0.47201422, 0.15726316
-0.01077702, 0.06274383, 0.00129692
-1.0, 0.0, 0.0
0.39222273, 0.19351351
0.0, 0.04135684, 0.00592764
0.0, -0.16138187, 0.98687702
0.34223574, 0.16856813
0.0, 0.06411593, 0.01357601
0.0, -0.73720509, 0.67564929
0.37665603, 0.15708488
0.0, 0.20241143, 0.01021285
0.0, 0.24149297, 0.97039706
0.67525953, 0.18423557
-0.01077702, 0.20241143, 0.01021285
-0.65654469, 0.18213446, 0.73192543
0.67032844, 0.20220792
0.0, 0.21547814, 0.0032793
0.0, 0.24149297, 0.97039706
0.7005955, 0.19668376
0.0, 0.28646085, 0.0032793
0.0, -0.70708334, 0.70708334
0.82481313, 0.19922745
-0.01077702, 0.18723424, 0.00129692
-0.99996948, 0.0, 0.0
0.64010763, 0.2199614
-0.01077702, 0.06816812, 0.03034537
-0.80761129, -0.58128607, -0.09903257
0.40302357, 0.13567221
-0.0092142, 0.19469003, 0.15627378
-0.57734919, -0.425367, 0.69692069
0.92120969, 0.96209715
-0.0092142, 0.19106565, 0.02872404
-0.70708334, 0.68724632, -0.16629536
0.97394544, 0.7135511
-0.0092142, 0.16533343, 0.03495046
-0.70708334, -0.68724632, 0.16629536
0.92122889, 0.71354687
-0.01077702, 0.19054915, 0.01021285
-0.94271678, 0.27384257, 0.19034395
0.64670813, 0.20220792
0.0, 0.19054915, 0.01021285
0.0, 0.82110047, 0.57072663
0.65067333, 0.17987114
0.0, 0.06816812, 0.03034537
0.0, -0.98577839, -0.16794336
0.37870187, 0.13892138
-0.01077702, 0.04161109, 0.07136183
-0.57408369, -0.79485458, 0.19647816
0.35014325, 0.05400038
-0.01077705, 0.09053435, 0.04633789
-0.84862816, 0.28180793, 0.44761497
0.44755924, 0.10382801
0.0, 0.13981842, 0.04633789
0.0, 0.49583423, 0.86840421
0.55902934, 0.09700084
-0.01077702, 0.13981842, 0.04633789
-0.61067539, 0.39262062, 0.68764305
0.54569334, 0.10382801
-0.0092142, 0.22042225, 0.15004738
-0.57734919, 0.69692069, 0.425367
0.97392613, 0.96210122
-0.01077699, 0.13645618, 0.04344691
-0.84646136, -0.27988526, -0.45289469
0.53899837, 0.10958457
-0.01077702, 0.07070588, 0.08769412
-0.57402265, 0.24674214, 0.78075504
0.40807676, 0.02147961
0.0, 0.09053435, 0.04633789
0.0, 0.53273112, 0.84624773
0.46477488, 0.09700084
-0.01077702, 0.14457442, 0.03827922
-0.81722462, 0.3231605, 0.47715691
0.5551635, 0.11987436
0.0, 0.07070588, 0.08769412
0.0, 0.30133978, 0.95348978
0.41603214, 2.74e-06
0.0, 0.04161109, 0.07136183
0.0, -0.97076327, 0.23996703
0.32699287, 0.04642332
-0.01077693, 0.0917043, 0.04344691
-0.95141453, 0.26071963, -0.16367076
0.44988865, 0.10958457
0.0, 0.10135949, 0.02344652
0.0, 0.53160191, 0.8469497
0.48525441, 0.14156389
0.0, 0.13645618, 0.04344691
0.0, -0.52571183, -0.85064244
0.52607745, 0.12252712
0.0, 0.0917043, 0.04344691
0.0, 0.8469497, -0.53160191
0.48161414, 0.11987036
0.0, 0.14645635, 0.02344652
0.0, -0.85064244, 0.52571183
0.52948219, 0.14234513
-0.01077693, 0.14645635, 0.02344652
-0.95266581, -0.25858334, 0.15979491
0.55891091, 0.14940923
-0.00232528, 0.29683295, -0.01567763
-0.38267159, 0.0, -0.92385632
0.35937065, 0.52971512
-0.00561374, 0.3221083, -0.01238917
-0.71727651, 0.63023776, -0.29709768
0.40969914, 0.53626308
-0.00232528, 0.3221083, -0.01567763
-0.29709768, 0.63023776, -0.71727651
0.40969914, 0.52971512
-0.00561373, 0.29683295, -0.01238917
-0.92385632, 0.0, -0.38267159
0.35937065, 0.53626308
-0.00561374, 0.32210824, -0.00773861
-0.71727651, 0.63023776, 0.29709768
0.40969914, 0.54552335
-0.00561374, 0.29683295, -0.00773861
-0.92385632, 0.0, 0.38267159
0.35937065, 0.54552335
-0.00232529, 0.32210824, -0.00445017
-0.29709768, 0.63023776, 0.71727651
0.40969914, 0.55207121
-0.00232529, 0.29683295, -0.00445017
-0.38267159, 0.0, 0.92385632
0.35937065, 0.55207121
-0.00471615, 0.28855681, -0.05922499
-0.49162266, 0.46684164, -0.7350688
0.84186089, 0.36903423
0.0, 0.29683295, -0.03894869
0.0, 0.92584002, -0.37788019
0.85834008, 0.34576225
0.0, 0.28855681, -0.05922499
0.0, 0.57728815, -0.81652272
0.84186089, 0.37829459
0.0, 0.27986708, -0.05963876
0.0, -0.43855098, -0.89867854
0.82455772, 0.38030052
-0.00561374, 0.3221083, -0.01238917
-0.71727651, 0.63023776, -0.29709768
0.45174864, 0.53626308
0.0, 0.3221083, -0.01567763
0.0, 0.70708334, -0.70708334
0.46292669, 0.52971512
0.0, 0.26524606, -0.03894869
0.0, -0.81664479, -0.57710499
0.79544443, 0.34804499
-0.00471615, 0.27986708, -0.05963876
-0.50190741, -0.34269235, -0.79412216
0.82455772, 0.36985826
-0.01077702, 0.29683295, -0.03894869
-0.61656547, 0.64857936, -0.44624165
0.85834008, 0.32866025
-0.01077702, 0.0772909, -0.05301797
-0.57734919, 0.57734919, -0.57734919
0.42118883, 0.35667485
0.0, 0.0772909, -0.03894869
0.0, 1.0, 0.0
0.44828498, 0.32866025
-0.01077702, 0.0772909, -0.03894869
-0.70708334, 0.70708334, 0.0
0.42118883, 0.32866025
0.0, 0.03425554, -0.03894869
0.0, -0.70708334, -0.70708334
0.3354969, 0.32266712
0.0, 0.03425554, 0.00592764
0.0, 0.0, 0.99996948
0.32597625, 0.17055917
-0.00687776, 0.00644802, 0.00592764
-0.73714405, 0.07129124, 0.67195654
0.27060604, 0.18429273
0.0, 0.00644802, 0.00592764
0.0, 0.1797235, 0.98370314
0.27060604, 0.17055917
0.0, 0.03425554, -0.03894869
0.0, -0.49378949, -0.86956388
0.32597625, 0.28840894
-0.00687776, 0.00644802, -0.02315804
-0.74599445, -0.23093356, -0.62459183
0.27060604, 0.242208
-0.01077702, 0.03425554, -0.03894869
-0.5658437, -0.46568194, -0.68037963
0.32597625, 0.27365041
-0.01077702, 0.03425554, -0.03894869
-0.57734919, -0.57734919, -0.57734919
0.3354969, 0.69990283
-0.01077702, 0.03425554, 0.00592764
-0.57734919, -0.57734919, 0.57734919
0.3354969, 0.78926051
-0.01077702, 0.03425554, 0.00592764
-0.73195595, -0.10263374, 0.67354351
0.32597625, 0.18429273
0.0, -0.10378877, 0.04760576
0.0, 0.1797235, 0.98370314
0.05110276, 0.08554494
0.0, 0.00644802, -0.02315804
0.0, -0.25534835, -0.96682638
0.27060604, 0.25962508
-0.00687776, -0.10378877, -0.02315804
-0.5535447, 0.22409742, -0.80205697
0.05110276, 0.242208
-0.00687772, -0.04690338, -0.01173199
-0.93346965, -0.28458509, 0.21814631
0.16437292, 0.21945649
-0.00687776, -0.10378877, 0.04760576
-0.4907071, 0.34598833, 0.79964596
0.05110276, 0.10130346
0.0, -0.10781498, 0.04760576
0.0, 0.0, 0.99996948
0.04308581, 0.08554494
0.0, -0.10781498, -0.02315804
0.0, 0.0, -1.0
0.04308578, 0.25962508
-0.01077702, -0.10781498, -0.02315804
-0.71861935, 0.29093295, -0.63158053
0.04308578, 0.242208
-0.01077701, -0.10781498, -0.01173199
-0.9269082, 0.37525558, 0.0
0.04308581, 0.21945649
-0.00687776, -0.10378877, -0.01173199
-0.68492693, 0.67217016, 0.28107548
0.05110276, 0.21945649
-0.01077702, -0.12619373, -0.02315804
-0.57734919, -0.57734919, -0.57734919
0.00649017, 0.75779313
-0.01077702, -0.12619373, 0.04760576
-0.57734919, -0.57734919, 0.57734919
0.00649017, 0.89869773
-0.01077702, -0.12619373, -0.02315804
-0.57734919, -0.57734919, -0.57734919
0.00649017, 0.242208
-0.01077701, -0.10781498, 0.03083856
-0.9269082, 0.37525558, 0.0
0.04308578, 0.13469023
-0.01077702, -0.12619373, 0.04760576
-0.57734919, -0.57734919, 0.57734919
0.00649017, 0.10130346
-0.01077702, -0.10781498, 0.04760576
-0.71861935, 0.29093295, 0.63158053
0.04308581, 0.10130346
-0.00687776, -0.10378877, 0.03083856
-0.59160131, 0.76686913, -0.24872585
0.05110276, 0.13469023
-0.00687772, -0.05584145, 0.02149392
-0.82580036, -0.41734061, -0.37928402
0.14657533, 0.15329725
-0.00687772, -0.0934147, 0.03556318
-0.80419326, 0.02050844, -0.59395123
0.07175964, 0.12528253
0.0, -0.12619373, 0.04760576
0.0, -0.70708334, 0.70708334
0.00649017, 0.08554494
-0.00687765, -0.04069071, -0.01124392
-0.90450758, 0.30149236, 0.30152288
0.17674351, 0.2184847
0.0, -0.01126118, -0.01124394
0.0, -0.70708334, 0.70708334
0.2212999, 0.20931625
-0.00687772, -0.01126118, -0.01124394
-0.90450758, -0.30149236, 0.30149236
0.23534355, 0.2184847
0.0, -0.05584145, 0.02149392
0.0, -0.74004334, -0.67253637
0.13571122, 0.15773892
0.0, 0.03425554, 0.00592764
0.0, -0.70708334, 0.70708334
0.3354969, 0.19501603
-0.01077702, 0.04135684, 0.00592764
-0.10397656, -0.16049685, 0.98153633
0.34223574, 0.21074063
0.0, -0.04069068, 0.01647877
0.0, 0.57924134, -0.81511885
0.18744962, 0.1754337
0.0, -0.04069071, -0.01124392
0.0, 0.70708334, 0.70708334
0.18954146, 0.20609647
0.0, -0.04690338, -0.01173199
0.0, -0.79363382, 0.60835594
0.14500308, 0.21117556
0.0, -0.10378877, -0.01173199
0.0, 0.70708334, 0.70708334
0.06096867, 0.20405167
0.0, -0.10378877, 0.03083856
0.0, 0.84096807, -0.54106265
0.06329441, 0.14460266
-0.00687776, -0.01126118, 0.00622922
-0.86312449, -0.41160312, -0.29248941
0.2353435, 0.18369228
-0.00687772, -0.04069068, 0.01647877
-0.94070256, 0.19644764, -0.27646717
0.17674354, 0.16328347
0.0, -0.01126118, 0.00622922
0.0, -0.81511885, -0.57924134
0.22374076, 0.18968713
0.0, -0.0934147, 0.03556318
0.0, 0.03451644, -0.99938965
0.07763708, 0.14007318
-0.00471615, 0.29578716, 0.02176246
-0.47444075, 0.52916044, 0.70345163
0.85625762, 0.17921042
0.0, 0.29578716, 0.02176246
0.0, 0.63896602, 0.76921904
0.87039357, 0.17921042
-0.00471615, 0.29578716, 0.02176246
-0.47444075, 0.52916044, 0.70345163
0.85625762, 0.82079071
-0.00471615, 0.28646085, 0.02176246
-0.47114474, -0.59584337, 0.65031892
0.83768737, 0.17921042
-0.0229612, 0.25465214, -0.03447293
-0.57734919, -0.57734919, -0.57734919
0.77575237, 0.53941843
-0.0229612, 0.26254669, -0.02846313
-0.57734919, 0.57734919, 0.57734919
0.75297624, 0.50949964
-0.0229612, 0.26254669, -0.03447293
-0.57734919, 0.57734919, -0.57734919
0.77575237, 0.50949961
-0.0229612, 0.25465214, -0.02846313
-0.57734919, -0.57734919, 0.57734919
0.75297624, 0.53941846
-0.01077702, 0.26254669, -0.02846313
0.0, 0.70708334, 0.70708334
0.7068004, 0.5094997
-0.01077702, 0.25465214, -0.03447293
0.0, -0.70708334, -0.70708334
0.8219282, 0.53941846
-0.01077702, 0.25465214, -0.02846313
0.0, -0.70708334, 0.70708334
0.75297624, 0.58559433
-0.01077702, 0.26254669, -0.03447293
0.0, 0.70708334, -0.70708334
0.77575231, 0.46332377
0.01077702, 0.0589275, 0.00592764
1.0, 0.0, 0.0
0.38462362, 0.78926051
0.0, 0.04032463, -0.03894869
0.0, -0.52580339, -0.85058135
0.34758162, 0.64949763
0.0, 0.18723424, -0.03894869
0.0, 0.0, -1.0
0.64010793, 0.67733407
0.01077702, 0.18723424, 0.00129692
1.0, 0.0, 0.0
0.64010763, 0.80648762
0.01077702, 0.04135684, 0.00592764
0.10397656, -0.16049685, 0.98153633
0.34223574, 0.8169927
0.01077702, 0.0589275, 0.00592764
1.0, 0.0, 0.0
0.38462362, 0.8157084
0.0, 0.09053435, 0.04633789
0.0, 0.53273112, 0.84624773
0.46477488, 0.90300035
0.0, 0.19106565, 0.02872404
0.0, 0.97192299, -0.23517564
0.99355859, 0.71356502
0.0, 0.0917043, 0.04344691
0.0, 0.8469497, -0.53160191
0.48161414, 0.88013077
0.0, 0.29683295, -0.00445017
0.0, 0.0, 1.0
0.35937065, 0.55670133
0.00232528, 0.3221083, -0.01567763
0.29709768, 0.63023776, -0.71727651
0.46755674, 0.52971512
0.00232529, 0.32210824, -0.00445017
0.29709768, 0.63023776, 0.71727651
0.46755674, 0.55207133
0.0, -0.12619373, -0.02315804
0.0, -0.70708334, -0.70708334
0.00649017, 0.74037611
0.0, -0.04069071, -0.01124392
0.0, 0.70708334, 0.70708334
0.18954146, 0.79390466
0.0, 0.04135684, 0.00592764
0.0, -0.16138187, 0.98687702
0.34223574, 0.80498511
-0.01077702, 0.0589275, 0.00592764
-1.0, 0.0, 0.0
0.38462362, 0.21074063
0.0, 0.04032463, -0.03894869
0.0, -0.52580339, -0.85058135
0.34758162, 0.3505035
0.0, 0.18723424, -0.03894869
0.0, 0.0, -1.0
0.64010793, 0.32266712
-0.01077702, 0.18723424, 0.00129692
-0.99996948, 0.0, 0.0
0.64010763, 0.19351351
-0.01077702, 0.0589275, 0.00592764
-1.0, 0.0, 0.0
0.38462362, 0.18429273
-0.01077702, 0.04135684, 0.00592764
-0.10397656, -0.16049685, 0.98153633
0.34223574, 0.18300843
-0.00232528, 0.3221083, -0.01567763
-0.29709768, 0.63023776, -0.71727651
0.45829663, 0.52971512
-0.00561374, 0.32210824, -0.00773861
-0.71727651, 0.63023776, 0.29709768
0.45174864, 0.54552335
-0.00232529, 0.32210824, -0.00445017
-0.29709768, 0.63023776, 0.71727651
0.45829663, 0.55207133
-0.01077702, 0.26524606, -0.03894869
-0.52644432, -0.61397135, -0.58809167
0.79544443, 0.32866025
0.0, -0.10378877, -0.02315804
0.0, 0.0, -1.0
0.05110276, 0.25962508
0.0, -0.12619373, -0.02315804
0.0, -0.70708334, -0.70708334
0.00649017, 0.25962508
0.0, 0.04135684, 0.00592764
0.0, -0.16138187, 0.98687702
0.34223574, 0.19501603
-0.00471615, 0.28646085, 0.02176246
-0.47114474, -0.59584337, 0.65031892
0.83768737, 0.82079071
0.0, 0.28646085, 0.02176246
0.0, -0.70708334, 0.70708334
0.82819426, 0.17921042
-0.01077702, 0.25465214, -0.02846313
0.0, -0.70708334, 0.70708334
0.7068004, 0.53941849
-0.01077702, 0.26254669, -0.03447293
0.0, 0.70708334, -0.70708334
0.8219282, 0.50949961
-0.01077702, 0.25465214, -0.03447293
0.0, -0.70708334, -0.70708334
0.77575237, 0.58559433
-0.01077702, 0.26254669, -0.02846313
0.0, 0.70708334, 0.70708334
0.75297618, 0.46332377
# Number of Faces:
362
# Face Data:
0, 1, 2
3, 4, 5
6, 7, 8
9, 10, 11
12, 11, 10
5, 13, 14
15, 5, 14
16, 17, 6
18, 19, 20
21, 19, 22
15, 23, 24
25, 26, 27
28, 24, 29
30, 22, 19
31, 32, 33
29, 23, 34
35, 36, 30
37, 38, 39
40, 41, 32
38, 42, 43
31, 44, 40
32, 45, 33
38, 46, 47
16, 39, 48
35, 46, 49
50, 42, 18
42, 51, 43
52, 18, 53
51, 53, 43
54, 55, 56
57, 58, 54
59, 60, 57
61, 62, 59
63, 64, 65
63, 66, 67
68, 69, 70
71, 72, 66
56, 73, 74
71, 65, 75
76, 77, 9
10, 78, 12
79, 5, 4
80, 81, 82
83, 84, 85
86, 4, 87
82, 83, 85
88, 81, 89
90, 91, 83
92, 93, 83
94, 95, 88
90, 96, 97
98, 99, 90
100, 101, 102
101, 96, 99
98, 103, 104
103, 101, 104
105, 106, 103
95, 107, 108
100, 106, 94
109, 92, 110
111, 93, 107
112, 86, 87
92, 113, 108
114, 98, 93
115, 105, 98
116, 117, 105
113, 118, 108
119, 110, 118
120, 107, 117
2, 121, 0
122, 121, 123
121, 26, 0
124, 27, 26
125, 126, 127
128, 129, 130
131, 132, 133
134, 135, 136
136, 137, 134
138, 139, 140
140, 141, 142
143, 144, 132
145, 146, 147
145, 148, 149
150, 141, 151
142, 152, 153
154, 151, 141
149, 155, 145
156, 157, 158
150, 159, 160
161, 162, 155
163, 164, 165
41, 166, 156
167, 163, 165
44, 157, 166
45, 156, 158
168, 169, 163
165, 144, 170
171, 162, 172
173, 174, 146
173, 175, 176
146, 177, 178
178, 175, 167
179, 180, 181
182, 183, 180
184, 185, 183
186, 61, 185
187, 188, 189
190, 187, 189
191, 68, 192
193, 194, 190
73, 181, 74
194, 195, 187
196, 197, 135
198, 134, 137
139, 199, 128
200, 201, 202
203, 204, 205
206, 86, 207
204, 208, 205
201, 209, 202
210, 211, 204
211, 212, 204
213, 214, 209
211, 215, 216
211, 217, 218
219, 100, 220
215, 221, 216
222, 218, 217
221, 223, 222
224, 225, 222
226, 227, 213
224, 228, 214
229, 230, 231
212, 232, 226
233, 234, 129
229, 235, 236
218, 237, 212
225, 238, 218
227, 239, 225
240, 235, 241
231, 242, 240
226, 243, 227
127, 244, 245
246, 122, 123
142, 244, 126
153, 247, 142
248, 249, 250
251, 252, 249
250, 253, 248
248, 254, 251
249, 255, 250
0, 14, 1
5, 28, 3
3, 256, 87
87, 4, 3
6, 17, 7
9, 77, 10
12, 257, 11
5, 258, 13
14, 0, 26
26, 15, 14
28, 5, 15
16, 48, 17
20, 53, 18
7, 53, 259
18, 42, 30
19, 260, 261
18, 30, 19
259, 53, 20
19, 261, 20
21, 260, 19
15, 25, 23
25, 15, 26
28, 15, 24
30, 36, 22
31, 40, 32
29, 24, 23
35, 49, 36
37, 262, 38
40, 44, 41
53, 7, 17
53, 17, 48
43, 53, 48
38, 47, 35
35, 30, 38
43, 48, 39
38, 30, 42
43, 39, 38
31, 263, 44
32, 41, 45
38, 262, 46
16, 37, 39
35, 47, 46
50, 264, 42
42, 264, 51
52, 50, 18
51, 52, 53
54, 58, 55
57, 60, 58
59, 62, 60
61, 265, 62
63, 67, 64
63, 71, 66
70, 266, 192
192, 68, 70
267, 69, 68
71, 75, 72
56, 55, 73
71, 63, 65
76, 78, 77
10, 77, 78
79, 258, 5
80, 89, 81
83, 91, 84
86, 79, 4
82, 81, 83
88, 95, 81
90, 97, 91
90, 83, 93
110, 92, 83
93, 98, 90
94, 106, 95
90, 99, 96
98, 104, 99
100, 268, 101
101, 268, 96
98, 105, 103
99, 104, 101
103, 106, 102
102, 101, 103
105, 95, 106
118, 110, 81
95, 105, 117
107, 93, 108
95, 117, 107
110, 83, 81
93, 92, 108
108, 118, 81
81, 95, 108
100, 102, 106
109, 269, 92
111, 114, 93
112, 270, 86
92, 269, 113
114, 115, 98
115, 116, 105
116, 120, 117
113, 119, 118
119, 109, 110
120, 111, 107
2, 123, 121
122, 124, 121
121, 124, 26
124, 122, 27
125, 140, 126
130, 154, 139
139, 128, 130
129, 271, 130
131, 143, 132
134, 196, 135
136, 272, 137
138, 273, 139
142, 126, 140
140, 139, 141
154, 141, 139
143, 170, 144
131, 274, 178
275, 276, 145
274, 147, 178
146, 178, 147
155, 173, 146
147, 275, 145
145, 155, 146
145, 276, 148
150, 152, 141
142, 141, 152
154, 159, 151
149, 161, 155
156, 166, 157
150, 151, 159
161, 172, 162
163, 169, 164
41, 44, 166
143, 131, 178
170, 143, 178
162, 168, 163
173, 155, 163
170, 178, 167
155, 162, 163
165, 170, 167
167, 173, 163
44, 263, 157
45, 41, 156
168, 171, 169
165, 164, 144
171, 168, 162
173, 176, 174
173, 167, 175
146, 174, 177
178, 177, 175
179, 182, 180
182, 184, 183
184, 186, 185
186, 265, 61
187, 195, 188
190, 194, 187
192, 277, 191
191, 278, 68
279, 68, 278
193, 280, 194
73, 179, 181
194, 280, 195
196, 198, 197
198, 196, 134
139, 273, 199
200, 208, 201
203, 210, 204
206, 79, 86
204, 201, 208
201, 213, 209
210, 281, 211
231, 204, 229
211, 218, 212
212, 229, 204
213, 224, 214
211, 281, 215
211, 216, 217
219, 268, 100
215, 282, 221
222, 225, 218
222, 217, 221
216, 221, 217
223, 224, 222
224, 213, 225
241, 229, 212
241, 212, 226
204, 231, 201
241, 226, 213
201, 231, 240
240, 241, 201
227, 225, 213
213, 201, 241
224, 223, 228
229, 236, 230
212, 237, 232
233, 283, 234
229, 241, 235
218, 238, 237
225, 239, 238
227, 243, 239
240, 242, 235
231, 230, 242
226, 232, 243
127, 126, 244
246, 284, 122
142, 247, 244
153, 285, 247
248, 251, 249
251, 286, 252
250, 287, 253
248, 288, 254
249, 289, 255
