# Project Zomboid Skinned Mesh
# File Version:
1.0
# Model Name:
Cube.001
# Vertex Stride Element Count:
3
# Vertex Stride Size (in bytes):
76
# Vertex Stride Data:
# (Int)    Offset
# (String) Type
0
VertexArray
12
NormalArray
24
TextureCoordArray
# Vertex Count:
390
# Vertex Buffer:
0.01384321, 0.05944032, -0.01248855
0.97076327, -0.08215582, -0.22547075
0.43574747, 0.76579791
0.00884321, 0.21379489, -0.02253403
0.54741049, 0.79125339, -0.27246925
0.72466308, 0.74699509
0.01384321, 0.21379489, -0.01248855
0.73213905, 0.65901667, -0.17212439
0.72466308, 0.76579791
0.00884321, 0.16294178, 0.02679921
0.66884363, 0.13342692, 0.73131502
0.62947798, 0.83933544
0.00884321, 0.08236202, 0.0132292
1.0, 0.0, 0.0
0.47865158, 0.81393564
0.00884321, 0.21379489, 0.00760241
0.46369824, 0.67888427, 0.56926173
0.72466308, 0.8034035
0.00478021, 0.50526732, -0.01032192
0.54911953, -0.80416274, -0.22742394
0.89476264, 0.56085846
0.00198003, 0.45921856, -0.01312212
0.22745445, 0.80416274, -0.54911953
0.80857038, 0.55561706
0.00198003, 0.50526732, -0.01312212
0.22745445, -0.80416274, -0.54911953
0.89476264, 0.55561706
0.00478021, 0.50526732, -0.00636184
0.54911953, -0.80416274, 0.22745445
0.89476264, 0.56827071
0.00478021, 0.45921856, -0.01032192
0.54911953, 0.80416274, -0.22742394
0.80857038, 0.56085846
0.00198003, 0.50526732, -0.00356166
0.22745445, -0.80416274, 0.54911953
0.89476264, 0.57351205
0.00478021, 0.45921856, -0.00636184
0.54911953, 0.80416274, 0.22745445
0.80857038, 0.56827071
-0.0, 0.50526732, -0.00356166
0.0, -0.70708334, 0.70708334
0.89476264, 0.5766755
0.00198003, 0.45921856, -0.00356166
0.22745445, 0.80416274, 0.54911953
0.80857038, 0.57351205
0.0066643, 0.25282627, -0.02253403
0.99960327, 0.0278634, 0.0
0.42225227, 0.53800014
0.0066643, 0.43755573, -0.02529448
0.92385632, 0.0, -0.38267159
0.76802254, 0.53283313
0.0066643, 0.43755573, -0.02253403
1.0, 0.0, 0.0
0.76802254, 0.53800014
0.00276044, 0.25282627, -0.02919835
0.38248849, 0.03036592, -0.92342907
0.42225227, 0.52552608
-0.0, 0.43755573, -0.02919835
0.0, 0.0, -1.0
0.76808965, 0.51962677
0.00276044, 0.43755573, -0.02919835
0.38267159, 0.0, -0.92385632
0.76802254, 0.52552608
-0.0, 0.21379489, 0.00760241
0.0, 0.3531602, 0.93554491
0.72466308, 0.81944454
-0.0, 0.44777042, -0.01586973
0.0, 0.70708334, 0.70708334
0.7871418, 0.55678746
0.0066643, 0.44777042, -0.01977359
0.71727651, 0.63023776, 0.29709768
0.7871418, 0.54316708
-0.0, 0.44777042, -0.02919835
0.0, 0.70708334, -0.70708334
0.7871418, 0.51962683
0.0066643, 0.25282627, -0.02529448
0.92342907, 0.03036592, -0.38248849
0.42225227, 0.53283313
-0.0, 0.50526732, -0.00164586
0.0, -0.70708334, 0.70708334
0.89476264, 0.57996699
-0.0, 0.45921856, -0.01312212
0.0, 0.70708334, -0.70708334
0.80857038, 0.55243048
-0.0, 0.50526732, -0.01312212
0.0, -0.70708334, -0.70708334
0.89476264, 0.55230519
-0.0, 0.45921856, -0.00167757
0.0, 0.70708334, 0.70708334
0.80857038, 0.57986948
-0.0, 0.45921856, -0.00356166
0.0, 0.70708334, 0.70708334
0.80857038, 0.57683232
0.0066643, 0.45921856, -0.01110235
0.71727651, 0.63023776, -0.29709768
0.80857038, 0.55939767
0.00276044, 0.45921856, -0.00167757
0.29709768, 0.63023776, 0.71727651
0.80857038, 0.57703862
0.0066643, 0.45921856, -0.00558143
0.71727651, 0.63023776, 0.29709768
0.80857038, 0.56973144
-0.0, 0.45921856, -0.01500621
0.0, 0.70708334, -0.70708334
0.80857038, 0.54927096
-0.0, 0.43755573, -0.00167757
0.0, 0.0, 1.0
0.76802254, 0.57986948
0.00276044, 0.43755573, -0.00167757
0.38267159, 0.0, 0.92385632
0.76802254, 0.57703862
0.0066643, 0.43755573, -0.01110235
0.92385632, 0.0, -0.38267159
0.76802254, 0.55939767
0.00276044, 0.45921856, -0.01500621
0.29709768, 0.63023776, -0.71727651
0.80857038, 0.5520905
0.00276044, 0.43755573, -0.01500621
0.38267159, 0.0, -0.92385632
0.76802254, 0.5520905
0.0066643, 0.43755573, -0.00558143
0.92385632, 0.0, 0.38267159
0.76802254, 0.56973144
-0.0, 0.43755573, -0.01586973
0.0, 0.0, 1.0
0.76806676, 0.55678746
0.00276044, 0.44777042, -0.01586973
0.29709768, 0.63023776, 0.71727651
0.7871418, 0.55047426
0.00276044, 0.43755573, -0.01586973
0.38267159, 0.0, 0.92385632
0.76802254, 0.55047426
0.00276044, 0.44777042, -0.02919835
0.29709768, 0.63023776, -0.71727651
0.7871418, 0.52552614
0.0066643, 0.44777042, -0.02529448
0.71727651, 0.63023776, -0.29709768
0.7871418, 0.53283319
0.0066643, 0.43755573, -0.01977359
0.92385632, 0.0, 0.38267159
0.76802254, 0.54316708
0.0066643, 0.25282627, -0.02529448
0.92342907, 0.03036592, -0.38248849
0.79772103, 0.7418282
0.0066643, 0.25282627, -0.02253403
0.99960327, 0.0278634, 0.0
0.79772103, 0.74699509
0.00276044, 0.25282627, -0.02919835
0.38248849, 0.03036592, -0.92342907
0.79772103, 0.73452115
-0.0, 0.21379489, -0.03137726
0.0, 0.0278634, -0.99960327
0.72492129, 0.72362041
-0.0, 0.25282627, -0.02919835
0.0, 0.0278634, -0.99960327
0.79792351, 0.72910428
0.00884321, 0.21379489, -0.02619702
0.92345959, 0.02993866, -0.38248849
0.72466308, 0.74013889
0.00884321, 0.05944032, -0.02253403
1.0, 0.0, 0.0
0.43574747, 0.74699509
0.00366298, 0.05944032, -0.03137726
0.38267159, 0.0, -0.92385632
0.43574747, 0.73044276
0.00366298, 0.21379489, -0.03137726
0.38248849, 0.02993866, -0.92345959
0.72466308, 0.73044264
0.00884321, 0.05944032, -0.02619702
0.92385632, 0.0, -0.38267159
0.43574747, 0.74013889
0.00884321, 0.21379489, -0.02253403
0.52397227, -0.58674884, -0.61735892
0.34919432, 0.59101224
0.01380786, 0.43755573, 0.00528212
0.63112277, 0.57557911, 0.51991332
0.76802254, 0.64307755
0.01429957, 0.21379489, 0.01083158
0.6254158, -0.56266975, 0.54054385
0.34919432, 0.65346485
-0.0, 0.21379489, -0.02253403
0.0, -0.70708334, -0.70708334
0.34919432, 0.58601785
0.00884321, 0.43755573, -0.02253403
0.51963866, 0.58720666, -0.62059391
0.76802254, 0.59101224
0.00884309, 0.1067849, 0.02679921
0.62065494, 0.69463181, 0.36365855
0.52436584, 0.86213779
0.00884309, 0.07578661, 0.08600929
0.57127595, 0.19754632, 0.79659414
0.46634394, 0.97296524
0.00884309, 0.07559036, 0.028721
0.8564409, -0.51567125, -0.02359081
0.46597672, 0.86573493
0.00435387, 0.11343495, 0.05080315
0.66899627, -0.13287759, 0.7312845
0.5569917, 0.90706754
-0.0, 0.0973777, 0.04476795
0.0, -0.35181737, 0.93606371
0.52360773, 0.90428412
0.00435387, 0.0973777, 0.04476795
0.67778558, -0.25867489, 0.68822289
0.52693611, 0.89577103
-0.0, 0.07578661, 0.08600929
0.0, 0.24069948, 0.97058016
0.47791755, 0.99999619
0.00884309, 0.04753485, 0.06658622
0.57548755, -0.80660421, 0.13464767
0.41346326, 0.93660975
-0.0, 0.07559036, 0.028721
0.0, -0.99893183, -0.04571673
0.44481775, 0.86084926
-0.0, 0.04753485, 0.06658622
0.0, -0.98632771, 0.16464736
0.38685447, 0.94573033
-0.0, 0.0661731, 0.0132292
0.0, -0.85448772, 0.51942503
0.43469706, 0.83673799
0.00884318, 0.0661731, 0.0132292
0.54631186, -0.71568954, 0.43507189
0.44834983, 0.83673799
-0.0, 0.54207247, -0.01503794
0.0, 0.70708334, -0.70708334
0.96365309, 0.5491446
0.00277359, 0.50526732, -0.01503794
0.29709768, -0.63023776, -0.71727651
0.89476264, 0.55203113
-0.0, 0.50526732, -0.01503794
0.0, -0.70708334, -0.70708334
0.89476264, 0.5491446
0.00435394, 0.13763508, 0.04746991
0.85345012, -0.28574482, -0.43583483
0.6022886, 0.9008286
0.00435387, 0.13973662, 0.05080315
0.60191655, 0.43827632, 0.66750085
0.60622209, 0.90706754
0.00435387, 0.15013492, 0.02679921
0.59471416, 0.73769343, 0.31955931
0.62568504, 0.86213779
-0.0, 0.13973662, 0.05080315
0.0, 0.54884487, 0.83590198
0.6106028, 0.913661
0.00782161, 0.16505662, 0.02600082
0.76668602, -0.64098024, 0.03585925
0.86553037, 0.83381508
0.00782161, 0.21667001, 0.08488738
0.5802179, 0.62160099, 0.52620012
0.95582688, 0.94926463
0.00782161, 0.16864884, 0.09019055
0.57454145, -0.52879423, 0.62468338
0.86552823, 0.9541513
0.00435381, 0.11407589, 0.04746991
0.75450909, 0.13000885, -0.6432386
0.55819124, 0.9008286
-0.0, 0.09923735, 0.04121584
0.0, 0.38837856, -0.92147589
0.53327912, 0.88232005
-0.0, 0.11407589, 0.04746991
0.0, 0.19809565, -0.98016298
0.55980402, 0.89324558
0.00435387, 0.14662331, 0.02679921
0.7835322, -0.56978059, -0.24774925
0.61911237, 0.86213779
-0.0, 0.13763508, 0.04746991
0.0, -0.54826504, -0.83626819
0.59822196, 0.89467239
-0.0, 0.14662331, 0.02679921
0.0, -0.91705072, -0.39875484
0.61230266, 0.85941792
-0.0, 0.11343495, 0.05080315
0.0, -0.17877743, 0.98388624
0.55578351, 0.91624534
-0.0, 0.16505662, 0.02600082
0.0, -0.99841303, 0.05584887
0.85089874, 0.85497597
0.00782161, 0.21237493, 0.00813837
0.62743002, 0.77742851, -0.04348888
0.9558295, 0.80538355
-0.0, 0.21667001, 0.08488738
0.0, 0.76323742, 0.64607686
0.96944416, 0.96154468
-0.0, 0.16864884, 0.09019055
0.0, -0.64607686, 0.76323742
0.85089874, 0.97296118
0.00277359, 0.50526732, -0.00164581
0.29709768, -0.63023776, 0.71727651
0.89476264, 0.57709804
0.00669605, 0.50526732, -0.00556829
0.71727651, -0.63023776, 0.29709768
0.89476264, 0.56975612
0.00669605, 0.50526732, -0.01111549
0.71727651, -0.63023776, -0.29709768
0.89476264, 0.55937305
-0.0, 0.54207247, -0.00164586
0.0, 0.70708334, 0.70708334
0.9805584, 0.577977
0.00669605, 0.54207247, -0.00556829
0.71727651, 0.63023776, 0.29709768
0.96802485, 0.57063502
0.00669605, 0.54207247, -0.01111549
0.71727651, 0.63023776, -0.29709768
0.96802485, 0.56025195
0.00669605, 0.54207247, -0.01111549
0.71727651, 0.63023776, -0.29709768
0.96365309, 0.55937305
0.00277359, 0.54207247, -0.00164581
0.29709768, 0.63023776, 0.71727651
0.96365309, 0.57709804
0.00277359, 0.54207247, -0.01503794
0.29709768, 0.63023776, -0.71727651
0.96365309, 0.55203113
0.00669605, 0.54207247, -0.00556829
0.71727651, 0.63023776, 0.29709768
0.96365309, 0.56975612
-0.0, 0.21379489, 0.01083158
0.0, -0.69826353, 0.71581161
0.34919432, 0.6685133
0.00276044, 0.44564474, -0.02919835
0.70708334, 0.70708334, 0.0
0.78316343, 0.49647498
0.00276044, 0.43444556, -0.03401756
0.54911953, -0.80416274, 0.22745445
0.76220095, 0.48745453
0.00276044, 0.44564474, -0.03401756
0.54911953, 0.80416274, 0.22745445
0.78316343, 0.48745453
-0.0, 0.44564474, -0.03401756
0.0, 1.0, 0.0
0.73917264, 0.48795849
0.0066643, 0.44564474, -0.03792142
0.71727651, 0.63023776, 0.29709768
0.7516467, 0.48065132
-0.0, 0.44564474, -0.04734618
0.0, 0.70708334, -0.70708334
0.73917264, 0.46301037
0.0066643, 0.44564474, -0.03792142
0.71727651, 0.63023776, 0.29709768
0.78316367, 0.48014748
0.0066643, 0.43444556, -0.04344232
0.71727651, -0.63023776, -0.29709768
0.76220095, 0.46981359
0.00276044, 0.44564474, -0.04734618
0.29709768, 0.63023776, -0.71727651
0.78316343, 0.46250653
0.0066643, 0.44564474, -0.04344232
0.71727651, 0.63023776, -0.29709768
0.78316367, 0.46981359
0.00276044, 0.43444556, -0.04734618
0.29709768, -0.63023776, -0.71727651
0.76220095, 0.46250653
-0.0, 0.44564474, -0.04734618
0.0, 0.70708334, -0.70708334
0.78316343, 0.45737457
0.0066643, 0.43444556, -0.03792142
0.71727651, -0.63023776, 0.29709768
0.76220095, 0.48014748
-0.0, 0.44564474, -0.02919835
0.0, 1.0, 0.0
0.78600258, 0.49647498
-0.0, 0.44564474, -0.03401756
0.0, 1.0, 0.0
0.78600258, 0.48745453
0.00276044, 0.43444556, -0.02919835
0.70708334, -0.70708334, 0.0
0.76220095, 0.49647498
-0.0, 0.43444556, -0.03401756
0.0, -1.0, 0.0
0.75917584, 0.48745453
0.0066643, 0.43444556, -0.04344232
0.71727651, -0.63023776, -0.29709768
0.7516467, 0.47031748
0.0066643, 0.43444556, -0.03792142
0.71727651, -0.63023776, 0.29709768
0.7516467, 0.48065132
-0.0, 0.43444556, -0.04734618
0.0, -0.70708334, -0.70708334
0.73917264, 0.46301037
-0.0, 0.43755573, 0.00528212
0.0, 0.71581161, 0.69826353
0.76802254, 0.6554184
-0.0, 0.43755573, -0.02253403
0.0, 0.70708334, -0.70708334
0.76802254, 0.58601785
0.00884322, 0.08620618, -0.03774251
0.58961761, 0.62956631, -0.50593585
0.48584709, 0.69424355
0.00884321, 0.06263386, -0.02619702
0.70708334, -0.70708334, 0.0
0.44172505, 0.71585405
0.00884322, 0.06263386, -0.04293736
0.56678975, -0.51606798, -0.64217049
0.44172505, 0.68452013
-0.0, 0.06263386, -0.04293736
0.0, -0.62639242, -0.77947325
0.44172505, 0.6685133
-0.0, 0.08620618, -0.03774251
0.0, 0.77947325, -0.62639242
0.48584709, 0.67779279
0.00884321, 0.08620618, -0.02619702
0.70708334, 0.70708334, 0.0
0.48584709, 0.71585405
-0.0, 0.08620618, -0.02619702
0.0, 1.0, 0.0
0.48780543, 0.70946503
-0.0, -0.11169351, 0.05981495
0.0, 0.16617328, 0.98608357
0.10153615, 0.92344832
0.00884321, 0.00957116, 0.01774951
0.71581161, 0.20340587, 0.66798913
0.32862371, 0.82239652
-0.0, 0.00957116, 0.01774951
0.0, 0.29129916, 0.95660269
0.32862371, 0.83789611
0.00884321, 0.02674981, 0.0132292
0.73714405, 0.08667257, 0.67012542
0.36077821, 0.81393564
-0.0, 0.02674981, 0.0132292
0.0, 0.1282693, 0.9917295
0.36077821, 0.83021522
0.00884321, 0.03837455, -0.02619702
0.92385632, 0.0, -0.38267159
0.39631751, 0.74013889
0.00884321, 0.02674981, -0.02619702
0.69646293, -0.29142123, -0.65572071
0.37455863, 0.74013889
0.00366298, 0.03837455, -0.03137725
0.32850122, -0.14349803, -0.93350017
0.39631751, 0.73044276
-0.0, 0.02674981, -0.02619702
0.0, -0.4527421, -0.89162874
0.37455863, 0.72549772
-0.0, 0.05944032, -0.03137725
0.0, 0.0, -1.0
0.43575439, 0.72336626
-0.0, 0.02674981, 0.0132292
0.0, 0.1282693, 0.9917295
0.37455863, 0.83021522
0.00884321, 0.05944032, 0.0132292
0.70708334, 0.0, 0.70708334
0.43574747, 0.81393564
-0.0, 0.05944032, 0.0132292
0.0, 0.0, 1.0
0.43582243, 0.82993829
0.00884321, 0.02674981, 0.0132292
0.73714405, 0.08667257, 0.67012542
0.37455863, 0.81393564
0.00884321, 0.00363825, -0.01294839
0.76985991, -0.16422009, -0.61668754
0.31751877, 0.76493716
-0.0, 0.02674981, -0.02619702
0.0, -0.4527421, -0.89162874
0.36077821, 0.72549772
0.00884321, 0.02674981, -0.02619702
0.69646293, -0.29142123, -0.65572071
0.36077821, 0.74013889
0.00884321, -0.12355925, -0.01294839
0.57734919, -0.57734919, -0.57734919
0.07943475, 0.76493716
-0.0, -0.11169351, -0.01294839
0.0, 0.0, -0.99996948
0.10164464, 0.7438978
0.00884321, -0.11169351, -0.01294839
0.70708334, 0.0, -0.70708334
0.10164464, 0.76493716
-0.0, 0.00363825, -0.01294839
0.0, -0.25730154, -0.96630758
0.31702793, 0.74819326
-0.0, -0.12355925, 0.05981495
0.0, -0.70708334, 0.70708334
0.07468647, 0.92344832
-0.0, -0.12355925, -0.01294839
0.0, -0.70708334, -0.70708334
0.07468647, 0.7438978
0.00884321, -0.11169351, 0.05981495
0.67152929, 0.12311167, 0.73064363
0.10164464, 0.9011333
0.00884321, -0.12355925, 0.05981495
0.57734919, -0.57734919, 0.57734919
0.07943475, 0.9011333
-0.0, 0.16294178, 0.02679921
0.0, 0.17947936, 0.98373365
0.62947798, 0.85660899
0.00884321, 0.1067849, 0.02679921
0.88503677, 0.0, 0.46546832
0.52436584, 0.83933544
-0.0, 0.0661731, 0.0132292
0.0, 0.0, 1.0
0.44834983, 0.82993829
0.00884321, 0.0661731, 0.0132292
0.89440596, 0.0, 0.44718772
0.44834983, 0.81393564
-0.00884321, 0.21379489, -0.02253403
-0.54741049, 0.79125339, -0.27246925
0.72466308, 0.25300121
-0.01384321, 0.05944032, -0.01248855
-0.97076327, -0.08215582, -0.22547075
0.43574747, 0.23419845
-0.01384321, 0.21379489, -0.01248855
-0.73213905, 0.65901667, -0.17212439
0.72466308, 0.23419845
-0.00884321, 0.05944032, 0.00760241
-0.95065159, -0.05383465, 0.3055208
0.43574753, 0.19659281
-0.00884321, 0.08236202, 0.0132292
-1.0, 0.0, 0.0
0.47865158, 0.18606073
-0.00884321, 0.21379489, 0.00760241
-0.46369824, 0.67888427, 0.56926173
0.72466308, 0.19659281
-0.00198003, 0.45921856, -0.01312212
-0.22745445, 0.80416274, -0.54911953
0.80857038, 0.55561706
-0.00478021, 0.50526732, -0.01032192
-0.54911953, -0.80416274, -0.22742394
0.89476264, 0.56085846
-0.00198003, 0.50526732, -0.01312212
-0.22745445, -0.80416274, -0.54911953
0.89476264, 0.55561706
-0.00478021, 0.45921856, -0.01032192
-0.54911953, 0.80416274, -0.22742394
0.80857038, 0.56085846
-0.00478021, 0.50526732, -0.00636184
-0.54911953, -0.80416274, 0.22745445
0.89476264, 0.56827071
-0.00478021, 0.45921856, -0.00636184
-0.54911953, 0.80416274, 0.22745445
0.80857038, 0.56827071
-0.00198003, 0.50526732, -0.00356166
-0.22745445, -0.80416274, 0.54911953
0.89476264, 0.57351205
-0.00198003, 0.45921856, -0.00356166
-0.22745445, 0.80416274, 0.54911953
0.80857038, 0.57351205
-0.0066643, 0.43755573, -0.02529448
-0.92385632, 0.0, -0.38267159
0.76802254, 0.50642034
-0.0066643, 0.25282627, -0.02253403
-0.99960327, 0.0278634, 0.0
0.42225227, 0.5012534
-0.0066643, 0.43755573, -0.02253403
-1.0, 0.0, 0.0
0.76802254, 0.5012534
-0.00276044, 0.25282627, -0.02919835
-0.38248849, 0.03036592, -0.92342907
0.42225227, 0.51372746
-0.00276044, 0.43755573, -0.02919835
-0.38267159, 0.0, -0.92385632
0.76802254, 0.51372746
-0.00884321, 0.16294178, 0.02679921
-0.66884363, 0.13342692, 0.73131502
0.62947798, 0.16066092
-0.0, 0.21379489, 0.00760241
0.0, 0.3531602, 0.93554491
0.72466308, 0.18055177
-0.0066643, 0.44777042, -0.02529448
-0.71727651, 0.63023776, -0.29709768
0.7871418, 0.53283319
-0.0066643, 0.44777042, -0.01977359
-0.71727651, 0.63023776, 0.29709768
0.7871418, 0.54316708
-0.0066643, 0.25282627, -0.02529448
-0.92342907, 0.03036592, -0.38248849
0.42225227, 0.50642034
-0.00277359, 0.50526732, -0.00164581
-0.29709768, -0.63023776, 0.71727651
0.89476264, 0.57709804
-0.0066643, 0.45921856, -0.01110235
-0.71727651, 0.63023776, -0.29709768
0.80857038, 0.55939767
-0.00276044, 0.45921856, -0.00167757
-0.29709768, 0.63023776, 0.71727651
0.80857038, 0.57703862
-0.0066643, 0.45921856, -0.00558143
-0.71727651, 0.63023776, 0.29709768
0.80857038, 0.56973144
-0.00276044, 0.45921856, -0.01500621
-0.29709768, 0.63023776, -0.71727651
0.80857038, 0.5520905
-0.00276044, 0.43755573, -0.00167757
-0.38267159, 0.0, 0.92385632
0.76802254, 0.57703862
-0.0066643, 0.43755573, -0.01110235
-0.92385632, 0.0, -0.38267159
0.76802254, 0.55939767
-0.00276044, 0.43755573, -0.01500621
-0.38267159, 0.0, -0.92385632
0.76802254, 0.5520905
-0.0066643, 0.43755573, -0.00558143
-0.92385632, 0.0, 0.38267159
0.76802254, 0.56973144
-0.00276044, 0.44777042, -0.01586973
-0.29709768, 0.63023776, 0.71727651
0.7871418, 0.55047426
-0.00276044, 0.43755573, -0.01586973
-0.38267159, 0.0, 0.92385632
0.76802254, 0.55047426
-0.00276044, 0.44777042, -0.02919835
-0.29709768, 0.63023776, -0.71727651
0.7871418, 0.52552614
-0.0066643, 0.43755573, -0.02529448
-0.92385632, 0.0, -0.38267159
0.76802254, 0.53283325
-0.00276044, 0.43755573, -0.02919835
-0.38267159, 0.0, -0.92385632
0.76802254, 0.52552614
-0.0066643, 0.43755573, -0.02253403
-1.0, 0.0, 0.0
0.76802254, 0.5380002
-0.0066643, 0.25282627, -0.02529448
-0.92342907, 0.03036592, -0.38248849
0.79772103, 0.25816816
-0.0066643, 0.25282627, -0.02253403
-0.99960327, 0.0278634, 0.0
0.79772103, 0.25300121
-0.00276044, 0.25282627, -0.02919835
-0.38248849, 0.03036592, -0.92342907
0.79772103, 0.26547521
-0.0, 0.21379489, -0.03137726
0.0, 0.0278634, -0.99960327
0.72492129, 0.27637595
-0.00366298, 0.21379489, -0.03137726
-0.38248849, 0.02993866, -0.92345959
0.72466308, 0.26955366
-0.00884321, 0.21379489, -0.02619702
-0.92345959, 0.02993866, -0.38248849
0.72466308, 0.25985748
-0.00884321, 0.05944032, -0.02253403
-1.0, 0.0, 0.0
0.43574747, 0.25300121
-0.00366298, 0.05944032, -0.03137726
-0.38267159, 0.0, -0.92385632
0.43574747, 0.2695536
-0.00884321, 0.05944032, -0.02619702
-0.92385632, 0.0, -0.38267159
0.43574747, 0.25985748
-0.00884321, 0.21379489, -0.02253403
-0.52397227, -0.58674884, -0.61735892
0.34919432, 0.40898407
-0.01380786, 0.43755573, 0.00528212
-0.63112277, 0.57557911, 0.51991332
0.76802254, 0.35691875
-0.00884321, 0.43755573, -0.02253403
-0.51963866, 0.58720666, -0.62059391
0.76802254, 0.40898407
-0.0, 0.21379489, -0.02253403
0.0, -0.70708334, -0.70708334
0.34919432, 0.41397852
-0.00884309, 0.07559036, 0.028721
-0.8564409, -0.51567125, -0.02359081
0.46597672, 0.13426137
-0.00884309, 0.1067849, 0.02679921
-0.62065494, 0.69463181, 0.36365855
0.52436584, 0.13785857
-0.00884309, 0.08793996, 0.02385628
-1.0, 0.0, 0.0
0.48909226, 0.14336699
-0.0, 0.0973777, 0.04476795
0.0, -0.35181737, 0.93606371
0.52360773, 0.09571218
-0.00435387, 0.11343495, 0.05080315
-0.66899627, -0.13287759, 0.7312845
0.5569917, 0.09292877
-0.00435387, 0.0973777, 0.04476795
-0.67778558, -0.25867489, 0.68822289
0.52693611, 0.10422534
-0.0, 0.07578661, 0.08600929
0.0, 0.24069948, 0.97058016
0.47791755, 1.8e-07
-0.00884309, 0.07578661, 0.08600929
-0.57127595, 0.19754632, 0.79659414
0.46634394, 0.02703112
-0.0, 0.07559036, 0.028721
0.0, -0.99893183, -0.04571673
0.44481775, 0.13914704
-0.00884309, 0.04753485, 0.06658622
-0.57548755, -0.80660421, 0.13464767
0.41346326, 0.06338662
-0.0, 0.04753485, 0.06658622
0.0, -0.98632771, 0.16464736
0.38685447, 0.05426604
-0.0, 0.0661731, 0.0132292
0.0, -0.85448772, 0.51942503
0.43469706, 0.16325837
-0.00884318, 0.0661731, 0.0132292
-0.54631186, -0.71568954, 0.43507189
0.44834983, 0.16325837
-0.00277359, 0.50526732, -0.01503794
-0.29709768, -0.63023776, -0.71727651
0.89476264, 0.55203113
-0.00435394, 0.13763508, 0.04746991
-0.85345012, -0.28574482, -0.43583483
0.6022886, 0.09916776
-0.00435381, 0.11407589, 0.04746991
-0.75450909, 0.13000885, -0.6432386
0.55819124, 0.09916776
-0.0, 0.13973662, 0.05080315
0.0, 0.54884487, 0.83590198
0.6106028, 0.08633536
-0.00435387, 0.15013492, 0.02679921
-0.59471416, 0.73769343, 0.31955931
0.62568504, 0.13785857
-0.00435387, 0.13973662, 0.05080315
-0.60191655, 0.43827632, 0.66750085
0.60622209, 0.09292877
-0.00782161, 0.16505662, 0.02600082
-0.76668602, -0.64098024, 0.03585925
0.86553037, 0.83381508
-0.00782161, 0.21667001, 0.08488738
-0.5802179, 0.62160099, 0.52620012
0.95582688, 0.94926463
-0.00782161, 0.21237493, 0.00813837
-0.62743002, 0.77742851, -0.04348888
0.9558295, 0.80538355
-0.0, 0.09923735, 0.04121584
0.0, 0.38837856, -0.92147589
0.53327912, 0.11767626
-0.00435387, 0.09923735, 0.04121584
-0.72515029, 0.2674337, -0.63451034
0.53041685, 0.11087388
-0.00435387, 0.14662331, 0.02679921
-0.7835322, -0.56978059, -0.24774925
0.61911237, 0.13785857
-0.0, 0.13763508, 0.04746991
0.0, -0.54826504, -0.83626819
0.59822196, 0.10532391
-0.0, 0.11343495, 0.05080315
0.0, -0.17877743, 0.98388624
0.55578351, 0.08375102
-0.00782161, 0.16864884, 0.09019055
-0.57454145, -0.52879423, 0.62468338
0.86552823, 0.9541513
-0.00669605, 0.50526732, -0.00556829
-0.71727651, -0.63023776, 0.29709768
0.89476264, 0.56975612
-0.00669605, 0.50526732, -0.01111549
-0.71727651, -0.63023776, -0.29709768
0.89476264, 0.55937305
-0.00669605, 0.54207247, -0.01111549
-0.71727651, 0.63023776, -0.29709768
0.96802485, 0.56025195
-0.0, 0.54207247, -0.01503794
0.0, 0.70708334, -0.70708334
0.9805584, 0.55291003
-0.00669605, 0.54207247, -0.01111549
-0.71727651, 0.63023776, -0.29709768
0.96365309, 0.55937305
-0.00277359, 0.54207247, -0.00164581
-0.29709768, 0.63023776, 0.71727651
0.96365309, 0.57709804
-0.00277359, 0.54207247, -0.01503794
-0.29709768, 0.63023776, -0.71727651
0.96365309, 0.55203113
-0.00669605, 0.54207247, -0.00556829
-0.71727651, 0.63023776, 0.29709768
0.96365309, 0.56975612
-0.00884321, 0.21379489, -0.02253403
-0.52397227, -0.58674884, -0.61735892
0.34919432, 0.59101224
-0.01429957, 0.21379489, 0.01083158
-0.6254158, -0.56266975, 0.54054385
0.34919432, 0.65346485
-0.00276044, 0.43444556, -0.03401756
-0.54911953, -0.80416274, 0.22745445
0.76220095, 0.48745453
-0.00276044, 0.44564474, -0.02919835
-0.70708334, 0.70708334, 0.0
0.78316343, 0.49647498
-0.00276044, 0.44564474, -0.03401756
-0.54911953, 0.80416274, 0.22745445
0.78316343, 0.48745453
-0.0066643, 0.44564474, -0.04344232
-0.71727651, 0.63023776, -0.29709768
0.7516467, 0.47031748
-0.0066643, 0.44564474, -0.03792142
-0.71727651, 0.63023776, 0.29709768
0.7516467, 0.48065132
-0.0066643, 0.44564474, -0.03792142
-0.71727651, 0.63023776, 0.29709768
0.78316367, 0.48014748
-0.00276044, 0.44564474, -0.04734618
-0.29709768, 0.63023776, -0.71727651
0.78316343, 0.46250653
-0.0066643, 0.43444556, -0.04344232
-0.71727651, -0.63023776, -0.29709768
0.76220095, 0.46981359
-0.0066643, 0.44564474, -0.04344232
-0.71727651, 0.63023776, -0.29709768
0.78316367, 0.46981359
-0.00276044, 0.43444556, -0.04734618
-0.29709768, -0.63023776, -0.71727651
0.76220095, 0.46250653
-0.0066643, 0.43444556, -0.03792142
-0.71727651, -0.63023776, 0.29709768
0.76220095, 0.48014748
-0.00276044, 0.43444556, -0.02919835
-0.70708334, -0.70708334, 0.0
0.76220095, 0.49647498
-0.0, 0.43444556, -0.03401756
0.0, -1.0, 0.0
0.73917264, 0.48795849
-0.0066643, 0.43444556, -0.03792142
-0.71727651, -0.63023776, 0.29709768
0.7516467, 0.48065132
-0.00884321, 0.43755573, -0.02253403
-0.51963866, 0.58720666, -0.62059391
0.76802254, 0.59101224
-0.01380786, 0.43755573, 0.00528212
-0.63112277, 0.57557911, 0.51991332
0.76802254, 0.64307755
-0.0, 0.21379489, 0.01083158
0.0, -0.69826353, 0.71581161
0.34919432, 0.33148301
-0.01429957, 0.21379489, 0.01083158
-0.6254158, -0.56266975, 0.54054385
0.34919432, 0.34653145
-0.00884321, 0.06263386, -0.02619702
-0.70708334, -0.70708334, 0.0
0.44172505, 0.28414232
-0.00884322, 0.08620618, -0.03774251
-0.58961761, 0.62956631, -0.50593585
0.48584709, 0.30575275
-0.00884322, 0.06263386, -0.04293736
-0.56678975, -0.51606798, -0.64217049
0.44172505, 0.31547624
-0.0, 0.06263386, -0.04293736
0.0, -0.62639242, -0.77947325
0.44172505, 0.33148301
-0.0, 0.08620618, -0.03774251
0.0, 0.77947325, -0.62639242
0.48584709, 0.32220352
-0.0, 0.08620618, -0.02619702
0.0, 1.0, 0.0
0.48780543, 0.29053128
-0.00884321, 0.08620618, -0.02619702
-0.70708334, 0.70708334, 0.0
0.48584709, 0.28414232
-0.00884321, 0.00957116, 0.01774951
-0.71581161, 0.20340587, 0.66798913
0.32862371, 0.17759985
-0.0, -0.11169351, 0.05981495
0.0, 0.16617328, 0.98608357
0.10153615, 0.07654804
-0.0, 0.00957116, 0.01774951
0.0, 0.29129916, 0.95660269
0.32862371, 0.16210026
-0.00884321, 0.02674981, 0.0132292
-0.73714405, 0.08667257, 0.67012542
0.36077821, 0.18606073
-0.0, 0.02674981, 0.0132292
0.0, 0.1282693, 0.9917295
0.36077821, 0.16978109
-0.00884321, 0.03837455, -0.02619702
-0.92385632, 0.0, -0.38267159
0.39631751, 0.25985748
-0.00366298, 0.03837455, -0.03137725
-0.32850122, -0.14349803, -0.93350017
0.39631751, 0.2695536
-0.00884321, 0.02674981, -0.02619702
-0.69646293, -0.29142123, -0.65572071
0.37455863, 0.25985748
-0.0, 0.02674981, -0.02619702
0.0, -0.4527421, -0.89162874
0.37455863, 0.27449858
-0.0, 0.05944032, -0.03137725
0.0, 0.0, -1.0
0.43575439, 0.2766301
-0.00884321, 0.05944032, 0.0132292
-0.70708334, 0.0, 0.70708334
0.43574747, 0.18606073
-0.0, 0.02674981, 0.0132292
0.0, 0.1282693, 0.9917295
0.37455863, 0.16978109
-0.0, 0.05944032, 0.0132292
0.0, 0.0, 1.0
0.43582243, 0.17005807
-0.0, 0.02674981, -0.02619702
0.0, -0.4527421, -0.89162874
0.36077821, 0.27449858
-0.00884321, 0.00363825, -0.01294839
-0.76985991, -0.16422009, -0.61668754
0.31751877, 0.23505914
-0.00884321, 0.02674981, -0.02619702
-0.69646293, -0.29142123, -0.65572071
0.36077821, 0.25985748
-0.0, -0.11169351, -0.01294839
0.0, 0.0, -0.99996948
0.10164464, 0.25609857
-0.00884321, -0.12355925, -0.01294839
-0.57734919, -0.57734919, -0.57734919
0.07943475, 0.23505914
-0.00884321, -0.11169351, -0.01294839
-0.70708334, 0.0, -0.70708334
0.10164464, 0.23505914
-0.0, 0.00363825, -0.01294839
0.0, -0.25730154, -0.96630758
0.31702793, 0.2518031
-0.00884321, -0.11169351, 0.05981495
-0.67152929, 0.12311167, 0.73064363
0.10164464, 0.09886307
-0.0, -0.12355925, 0.05981495
0.0, -0.70708334, 0.70708334
0.07468644, 0.07654804
-0.0, -0.12355925, -0.01294839
0.0, -0.70708334, -0.70708334
0.07468644, 0.25609857
-0.00884321, -0.12355925, 0.05981495
-0.57734919, -0.57734919, 0.57734919
0.07943475, 0.09886307
-0.00884321, 0.1067849, 0.02679921
-0.88503677, 0.0, 0.46546832
0.52436584, 0.16066092
-0.0, 0.16294178, 0.02679921
0.0, 0.17947936, 0.98373365
0.62947798, 0.14338738
-0.0, 0.0661731, 0.0132292
0.0, 0.0, 1.0
0.44834983, 0.17005807
-0.00884321, 0.0661731, 0.0132292
-0.89440596, 0.0, 0.44718772
0.44834983, 0.18606073
-0.0033281, 0.37285966, -0.02939415
0.77260661, 0.57734919, -0.2639851
0.65694362, 0.48007262
-0.00768125, 0.35504058, -0.02052177
0.2639851, -0.57731867, 0.77263713
0.62832332, 0.49432302
-0.0033281, 0.35504058, -0.02939415
0.77260661, -0.57734919, -0.2639851
0.62832332, 0.48007262
-0.00868864, 0.33355138, -0.02903669
-0.36716819, -0.17413862, -0.91369367
0.59380853, 0.48064673
-0.01067896, 0.35504058, -0.02498017
-0.77260661, 0.57734919, 0.2639851
0.62832332, 0.48716211
-0.00868865, 0.35504058, -0.02903669
-0.38535723, -0.73760188, 0.55442977
0.62832332, 0.48064673
-0.01186038, 0.35504058, -0.02257224
-0.77260661, -0.57731867, 0.26410717
0.62832332, 0.49102962
-0.00750722, 0.35504058, -0.03144461
-0.2639851, -0.57734919, -0.77260661
0.62832332, 0.47677922
-0.00750722, 0.37285966, -0.03144461
-0.2639851, 0.57731867, -0.77260661
0.65694362, 0.47677922
-0.00450953, 0.35504058, -0.02698623
0.31144139, -0.70708334, -0.634785
0.62832332, 0.48394001
-0.01186038, 0.37285966, -0.02257224
-0.77260661, 0.57734919, 0.2639851
0.65694362, 0.49102962
-0.00768126, 0.37285966, -0.02052177
0.2639851, 0.57734919, 0.77260661
0.65694362, 0.49432302
-0.00649983, 0.35504058, -0.0229297
-0.31144139, -0.70708334, 0.63481551
0.62832332, 0.49045551
-0.00450952, 0.32432011, -0.02698623
-0.64281136, -0.43156224, -0.63283181
0.57898152, 0.48394001
-0.01067894, 0.33355138, -0.02498017
-0.94732505, -0.17413862, 0.26871547
0.59380853, 0.48716211
-0.00649983, 0.32432011, -0.0229297
-0.89388716, -0.43156224, -0.12109745
0.57898152, 0.49045551
0.00884321, 0.05944032, 0.00760241
0.95065159, -0.05383465, 0.3055208
0.43574753, 0.8034035
0.01384321, 0.21379489, -0.00244307
0.73213905, 0.65901667, 0.17212439
0.72466308, 0.7846007
0.01384321, 0.05944032, -0.00244307
0.97076327, -0.08215582, 0.22547075
0.4357475, 0.7846007
-0.01384321, 0.21379489, -0.00244307
-0.73213905, 0.65901667, 0.17212439
0.72466308, 0.21539563
-0.01384321, 0.05944032, -0.00244307
-0.97076327, -0.08215582, 0.22547075
0.4357475, 0.21539563
0.005, 0.21379489, -0.00244307
0.0, 1.0, 0.0
0.72466308, 0.7846007
0.005, 0.21379489, -0.01248855
0.0, 1.0, 0.0
0.72466308, 0.76579791
0.0, 0.21379489, 0.00760241
0.0, 1.0, 0.0
0.72466308, 0.8034035
-0.005, 0.21379489, -0.01248855
0.0, 1.0, 0.0
0.72466308, 0.23419845
0.0, 0.21379489, -0.02253403
0.0, 1.0, 0.0
0.72466308, 0.25300121
-0.005, 0.21379489, -0.00244307
0.0, 1.0, 0.0
0.72466308, 0.21539563
-0.00884321, 0.03043909, -0.00244307
-0.95870847, -0.16528824, 0.23133031
0.4357475, 0.21539563
-0.00884321, 0.03043909, -0.01248855
-0.95870847, -0.16528824, -0.23133031
0.43574747, 0.23419845
-0.00384321, 0.03043909, 0.00760241
-0.88473159, -0.1525315, 0.44035158
0.43574753, 0.19659281
0.00884321, 0.03043909, -0.01248855
0.95870847, -0.16528824, -0.23133031
0.43574747, 0.76579791
0.00384321, 0.03043909, -0.02253403
0.88473159, -0.1525315, -0.44035158
0.43574747, 0.74699509
0.00884321, 0.03043909, -0.00244307
0.95870847, -0.16528824, 0.23133031
0.4357475, 0.7846007
0.00884321, 0.08793996, 0.02385628
1.0, 0.0, 0.0
0.48909226, 0.83382702
-0.0, 0.25282627, -0.02919835
0.0, 0.0278634, -0.99960327
0.42245474, 0.51962677
-0.0, 0.43755573, -0.01500621
0.0, 0.0, -1.0
0.76802254, 0.54927096
-0.0, 0.05944032, -0.03137726
0.0, 0.0, -1.0
0.43574846, 0.72357976
0.00884321, 0.08236202, 0.0132292
1.0, 0.0, 0.0
0.47865158, 0.83673799
0.00884309, 0.08793996, 0.02385628
1.0, 0.0, 0.0
0.48909226, 0.85662937
-0.0, 0.1067849, 0.02679921
0.0, 0.88592184, 0.46378979
0.5436632, 0.86213779
0.00435387, 0.09923735, 0.04121584
0.72515029, 0.2674337, -0.63451034
0.53041685, 0.88912249
-0.0, 0.15013492, 0.02679921
0.0, 0.91760004, 0.39747307
0.63362265, 0.86596906
-0.0, 0.21237493, 0.00813837
0.0, 0.99841303, -0.05584887
0.96944416, 0.8189009
0.00277359, 0.54207247, -0.01503794
0.29709768, 0.63023776, -0.71727651
0.97536683, 0.55291003
0.00277359, 0.54207247, -0.00164581
0.29709768, 0.63023776, 0.71727651
0.97536683, 0.577977
-0.0, 0.54207247, -0.00164586
0.0, 0.70708334, 0.70708334
0.96365309, 0.57996699
0.00276044, 0.44564474, -0.04734618
0.29709768, 0.63023776, -0.71727651
0.74433959, 0.46301037
0.0066643, 0.44564474, -0.04344232
0.71727651, 0.63023776, -0.29709768
0.7516467, 0.47031748
0.00276044, 0.44564474, -0.03401756
0.54911953, 0.80416274, 0.22745445
0.74433959, 0.48795849
-0.0, 0.43444556, -0.04734618
0.0, -0.70708334, -0.70708334
0.76220095, 0.45737457
-0.0, 0.43444556, -0.02919835
0.0, -1.0, 0.0
0.75917584, 0.49647498
0.00276044, 0.43444556, -0.04734618
0.29709768, -0.63023776, -0.71727651
0.74433959, 0.46301037
0.00276044, 0.43444556, -0.03401756
0.54911953, -0.80416274, 0.22745445
0.74433959, 0.48795849
-0.0, 0.06263386, -0.02619702
0.0, -1.0, 0.0
0.43921542, 0.7109766
-0.0, 0.03837455, -0.03137725
0.0, -0.20804468, -0.97808772
0.39597765, 0.72352803
-0.0, 0.1067849, 0.02679921
0.0, 0.0, 1.0
0.52436584, 0.85660899
-0.00884321, 0.08793996, 0.02385628
-1.0, 0.0, 0.0
0.48909226, 0.16616935
-0.0066643, 0.43755573, -0.01977359
-0.92385632, 0.0, 0.38267159
0.76802254, 0.54316708
-0.0, 0.25282627, -0.02919835
0.0, 0.0278634, -0.99960327
0.79792351, 0.27089208
-0.0, 0.05944032, -0.03137726
0.0, 0.0, -1.0
0.43574846, 0.2764166
-0.0, 0.43755573, -0.02253403
0.0, 0.70708334, -0.70708334
0.76802254, 0.41397852
-0.00884321, 0.08236202, 0.0132292
-1.0, 0.0, 0.0
0.47865158, 0.16325837
-0.0, 0.1067849, 0.02679921
0.0, 0.88592184, 0.46378979
0.5436632, 0.13785857
-0.0, 0.15013492, 0.02679921
0.0, 0.91760004, 0.39747307
0.63362265, 0.13402724
-0.0, 0.11407589, 0.04746991
0.0, 0.19809565, -0.98016298
0.55980402, 0.10675073
-0.0, 0.14662331, 0.02679921
0.0, -0.91705072, -0.39875484
0.61230266, 0.14057839
-0.00277359, 0.54207247, -0.01503794
-0.29709768, 0.63023776, -0.71727651
0.97536683, 0.55291003
-0.00669605, 0.54207247, -0.00556829
-0.71727651, 0.63023776, 0.29709768
0.96802485, 0.57063502
-0.00277359, 0.54207247, -0.00164581
-0.29709768, 0.63023776, 0.71727651
0.97536683, 0.577977
-0.00276044, 0.44564474, -0.04734618
-0.29709768, 0.63023776, -0.71727651
0.74433959, 0.46301037
-0.00276044, 0.44564474, -0.03401756
-0.54911953, 0.80416274, 0.22745445
0.74433959, 0.48795849
-0.00276044, 0.43444556, -0.04734618
-0.29709768, -0.63023776, -0.71727651
0.74433959, 0.46301037
-0.0066643, 0.43444556, -0.04344232
-0.71727651, -0.63023776, -0.29709768
0.7516467, 0.47031748
-0.00276044, 0.43444556, -0.03401756
-0.54911953, -0.80416274, 0.22745445
0.74433959, 0.48795849
-0.0, 0.43755573, 0.00528212
0.0, 0.71581161, 0.69826353
0.76802254, 0.34457791
-0.0, 0.06263386, -0.02619702
0.0, -1.0, 0.0
0.43921542, 0.28901976
-0.0, 0.03837455, -0.03137725
0.0, -0.20804468, -0.97808772
0.39597765, 0.27646828
-0.00884321, 0.02674981, 0.0132292
-0.73714405, 0.08667257, 0.67012542
0.37455863, 0.18606073
-0.0, 0.1067849, 0.02679921
0.0, 0.0, 1.0
0.52436584, 0.14338738
0.0, 0.21379489, -0.02253403
0.0, 1.0, 0.0
0.72466308, 0.74699509
0.0, 0.21379489, 0.00760241
0.0, 1.0, 0.0
0.72466308, 0.19659281
-0.00384321, 0.03043909, -0.02253403
-0.88473159, -0.1525315, -0.44035158
0.43574747, 0.25300121
0.00384321, 0.03043909, 0.00760241
0.88473159, -0.1525315, 0.44035158
0.43574753, 0.8034035
# Number of Faces:
480
# Face Data:
0, 1, 2
3, 4, 5
6, 7, 8
9, 10, 6
11, 12, 9
13, 14, 11
15, 16, 17
18, 19, 20
21, 3, 5
22, 23, 24
25, 20, 16
11, 26, 13
8, 27, 28
29, 14, 30
31, 7, 10
32, 12, 14
33, 10, 12
7, 34, 27
35, 32, 29
36, 33, 32
37, 38, 31
39, 34, 38
40, 31, 33
41, 42, 22
43, 23, 42
16, 44, 45
20, 24, 44
46, 17, 23
1, 47, 48
49, 50, 51
52, 49, 47
53, 52, 1
54, 50, 55
56, 55, 52
57, 58, 59
60, 61, 57
62, 63, 64
65, 66, 67
62, 68, 63
69, 70, 64
63, 71, 69
64, 72, 73
74, 75, 76
77, 78, 65
79, 80, 78
81, 82, 83
84, 85, 86
87, 88, 89
78, 90, 65
83, 91, 81
84, 88, 77
92, 93, 82
76, 8, 28
82, 94, 83
9, 95, 11
6, 96, 9
8, 97, 6
98, 99, 100
101, 96, 97
102, 26, 95
103, 97, 75
104, 95, 96
105, 57, 59
106, 107, 108
109, 110, 111
107, 112, 108
113, 114, 115
116, 117, 114
118, 115, 112
119, 108, 120
121, 122, 107
123, 124, 125
126, 61, 127
105, 58, 126
128, 129, 130
129, 131, 130
130, 132, 128
133, 132, 134
135, 136, 137
137, 138, 139
140, 141, 142
143, 142, 141
140, 54, 56
142, 144, 54
145, 146, 147
148, 140, 146
149, 150, 151
138, 149, 151
152, 153, 154
154, 155, 149
136, 154, 149
152, 156, 157
156, 158, 135
159, 154, 158
160, 161, 3
162, 146, 163
164, 165, 166
167, 168, 169
170, 171, 172
173, 174, 171
175, 176, 174
177, 13, 176
178, 179, 180
19, 181, 182
183, 184, 169
185, 186, 24
182, 187, 178
176, 26, 188
27, 172, 28
177, 29, 30
170, 189, 173
175, 190, 177
173, 191, 175
170, 34, 192
190, 35, 29
191, 193, 190
192, 194, 189
34, 195, 192
189, 196, 191
197, 41, 22
186, 198, 197
199, 200, 185
24, 201, 199
185, 202, 186
203, 164, 204
205, 206, 207
205, 208, 203
208, 209, 164
206, 210, 207
207, 211, 208
212, 213, 214
214, 215, 212
216, 217, 218
219, 220, 221
222, 217, 223
224, 225, 216
226, 223, 225
227, 216, 228
229, 74, 76
220, 230, 231
232, 233, 234
235, 236, 237
231, 238, 239
240, 241, 230
242, 234, 220
91, 243, 235
241, 231, 230
93, 237, 236
172, 76, 28
94, 236, 243
174, 188, 244
171, 244, 245
172, 245, 229
246, 98, 247
244, 248, 245
26, 249, 188
245, 250, 229
188, 251, 244
252, 105, 253
254, 255, 256
257, 258, 111
259, 254, 256
260, 261, 262
117, 263, 260
262, 264, 259
256, 119, 120
122, 265, 254
266, 267, 125
126, 268, 269
270, 213, 271
272, 273, 274
275, 272, 274
276, 274, 273
277, 273, 278
279, 280, 281
282, 281, 283
284, 285, 286
285, 287, 286
210, 284, 211
288, 285, 210
289, 290, 291
211, 284, 289
292, 293, 294
282, 293, 279
295, 296, 297
298, 297, 293
279, 297, 299
300, 296, 301
299, 300, 280
297, 302, 299
303, 304, 183
289, 305, 306
307, 308, 309
310, 311, 312
312, 313, 314
313, 315, 314
316, 310, 312
309, 315, 307
307, 317, 318
319, 313, 311
320, 321, 310
318, 313, 308
316, 314, 309
319, 321, 322
323, 324, 5
325, 2, 324
326, 167, 169
166, 327, 326
2, 328, 324
1, 329, 2
5, 328, 330
326, 331, 166
164, 331, 332
169, 333, 326
165, 334, 327
209, 335, 165
167, 334, 336
325, 337, 0
53, 337, 338
323, 339, 325
0, 53, 1
323, 5, 4
3, 161, 4
4, 163, 323
161, 340, 4
163, 146, 323
6, 10, 7
9, 12, 10
11, 14, 12
13, 30, 14
15, 25, 16
18, 341, 19
21, 160, 3
44, 24, 45
22, 42, 23
23, 45, 24
25, 18, 20
11, 95, 26
8, 7, 27
29, 32, 14
31, 38, 7
32, 33, 12
33, 31, 10
7, 38, 34
35, 36, 32
36, 40, 33
37, 39, 38
39, 342, 34
40, 37, 31
41, 43, 42
43, 46, 23
16, 20, 44
20, 19, 24
45, 23, 17
17, 16, 45
1, 52, 47
49, 55, 50
52, 55, 49
53, 56, 52
54, 343, 50
56, 54, 55
57, 61, 58
60, 127, 61
64, 73, 344
345, 62, 64
64, 344, 345
63, 69, 64
65, 90, 66
62, 346, 68
69, 71, 70
63, 68, 71
64, 70, 72
74, 103, 75
65, 67, 84
67, 347, 84
87, 79, 77
65, 84, 77
77, 79, 78
79, 348, 80
81, 92, 82
84, 347, 85
87, 77, 88
78, 80, 90
83, 94, 91
84, 86, 88
92, 349, 93
76, 75, 8
82, 93, 94
9, 96, 95
6, 97, 96
8, 75, 97
100, 350, 247
247, 98, 100
351, 99, 98
101, 104, 96
102, 352, 26
103, 101, 97
104, 102, 95
105, 60, 57
106, 121, 107
353, 111, 354
109, 355, 110
110, 354, 111
107, 118, 112
113, 116, 114
116, 356, 117
118, 113, 115
119, 106, 108
121, 357, 122
266, 125, 124
358, 123, 125
124, 359, 266
126, 58, 61
105, 59, 58
128, 133, 129
129, 360, 131
130, 131, 132
133, 128, 132
135, 158, 136
137, 136, 138
143, 361, 142
140, 142, 54
142, 361, 144
145, 148, 146
56, 146, 140
148, 141, 140
149, 155, 150
138, 136, 149
152, 157, 153
154, 153, 155
136, 158, 154
152, 159, 156
156, 159, 158
159, 152, 154
160, 362, 161
162, 147, 146
164, 209, 165
183, 169, 168
167, 289, 306
168, 363, 303
167, 306, 168
168, 303, 183
170, 173, 171
173, 175, 174
175, 177, 176
177, 30, 13
178, 187, 179
19, 341, 181
183, 304, 184
22, 24, 186
199, 185, 24
186, 197, 22
182, 181, 187
176, 13, 26
27, 170, 172
177, 190, 29
170, 192, 189
175, 191, 190
173, 189, 191
170, 27, 34
190, 193, 35
191, 196, 193
192, 195, 194
34, 342, 195
189, 194, 196
197, 198, 41
186, 364, 198
199, 201, 200
24, 19, 201
364, 186, 202
185, 200, 202
203, 208, 164
205, 365, 206
205, 207, 208
208, 211, 209
206, 366, 210
207, 210, 211
212, 271, 213
214, 367, 215
368, 228, 216
216, 225, 223
223, 217, 216
218, 368, 216
219, 242, 220
222, 369, 217
224, 226, 225
226, 222, 223
227, 224, 216
229, 250, 74
239, 221, 231
234, 233, 230
233, 240, 230
231, 221, 220
234, 230, 220
232, 370, 233
235, 243, 236
231, 371, 238
240, 372, 241
242, 232, 234
91, 94, 243
241, 371, 231
93, 349, 237
172, 229, 76
94, 93, 236
174, 176, 188
171, 174, 244
172, 171, 245
247, 373, 246
246, 374, 98
375, 98, 374
244, 251, 248
26, 352, 249
245, 248, 250
188, 249, 251
252, 60, 105
254, 265, 255
109, 111, 258
376, 257, 111
258, 377, 109
259, 264, 254
260, 263, 261
117, 356, 263
262, 261, 264
256, 255, 119
122, 357, 265
378, 125, 379
266, 380, 267
267, 379, 125
126, 127, 268
270, 381, 213
272, 278, 273
275, 382, 272
276, 275, 274
277, 276, 273
279, 299, 280
282, 279, 281
285, 383, 287
210, 285, 284
288, 383, 285
289, 384, 290
384, 289, 284
284, 286, 384
292, 298, 293
282, 294, 293
295, 301, 296
298, 295, 297
279, 293, 297
300, 302, 296
299, 302, 300
297, 296, 302
303, 385, 304
289, 291, 305
307, 318, 308
310, 321, 311
312, 311, 313
313, 317, 315
316, 320, 310
309, 314, 315
307, 315, 317
319, 308, 313
320, 322, 321
318, 317, 313
316, 312, 314
319, 311, 321
323, 325, 324
325, 0, 2
326, 327, 167
166, 165, 327
2, 329, 328
1, 386, 329
5, 324, 328
326, 333, 331
164, 166, 331
169, 387, 333
165, 335, 334
209, 388, 335
167, 327, 334
325, 339, 337
53, 0, 337
323, 389, 339
