# Project Zomboid Skinned Mesh
# File Version:
1.0
# Model Name:
Cube
# Vertex Stride Element Count:
3
# Vertex Stride Size (in bytes):
76
# Vertex Stride Data:
# (Int)    Offset
# (String) Type
0
VertexArray
12
NormalArray
24
TextureCoordArray
# Vertex Count:
390
# Vertex Buffer:
-0.01169719, 0.06923725, 0.01910266
-0.70702231, 0.03039644, 0.70650351
0.12384701, 0.35329652
-0.01169712, 0.05010238, -0.00742497
-0.68605608, -0.55531478, -0.47001556
0.08806381, 0.40290451
-0.01169718, 0.05010246, 0.01992065
-0.71895504, -0.24594867, 0.65004426
0.08806393, 0.35176671
-0.01169721, 0.21653463, -0.01371608
-1.0, 0.0, 0.0
0.39930075, 0.41466904
-0.01169722, 0.24695861, -0.02783029
-0.89440596, 0.44718772, 0.0
0.45619518, 0.44106352
-0.01169722, 0.21653463, -0.02783029
-0.90450758, -0.30149236, -0.30149236
0.39930069, 0.44106352
-0.0116971, -0.01134449, -0.00488395
-0.67738885, 0.15256202, -0.71959591
0.56231362, 0.25765669
1.631e-05, -0.10189776, -0.00488393
0.0, -0.70708334, -0.70708334
0.39297405, 0.28228593
-0.01169706, -0.10189793, -0.00488393
-0.57731867, -0.57734919, -0.57734919
0.39297414, 0.25765669
-0.01169713, 0.06923725, -0.02783029
-0.62761313, -0.30942717, -0.71434677
0.12384701, 0.44106352
1.63e-05, 0.05010246, -0.00742497
0.0, -0.75447857, -0.65627003
0.06977135, 0.42282546
1.63e-05, 0.05010246, 0.01992065
0.0, -0.33033234, 0.94384593
0.08881652, 0.32996404
1.63e-05, 0.06923734, 0.01910266
0.0, 0.04300058, 0.99905396
0.12452754, 0.33143318
-0.0116972, 0.21653464, 0.01271867
-0.71663564, 0.0301828, 0.69676811
0.39930075, 0.36523485
1.629e-05, 0.21653467, 0.01271867
0.0, 0.04327524, 0.99905396
0.40025264, 0.34334254
1.629e-05, 0.21653463, -0.02783029
0.0, -0.70708334, -0.70708334
0.39930069, 0.46618056
1.631e-05, -0.10189776, 0.06265631
0.0, -0.60386974, 0.79705191
0.37106633, 0.1313529
-0.01169711, -0.10189776, 0.06265631
-0.56428725, -0.49851984, 0.65804011
0.39297414, 0.1313529
-0.01169715, -0.01134449, 0.03719677
-0.71300393, 0.21622364, 0.66695148
0.56231385, 0.17896354
1.631e-05, -0.10189776, 0.06265631
0.0, -0.60386974, 0.79705191
0.39297414, 0.09707427
1.631e-05, -0.01134449, 0.03719677
0.0, 0.27063814, 0.96264535
0.57078719, 0.1562922
1.63e-05, 0.05010246, 0.01992065
0.0, -0.33033234, 0.94384593
0.066172, 0.35179722
-0.01009291, 0.0050568, 0.00112215
-0.75725579, 0.08188116, -0.64793849
0.59298486, 0.24642491
-0.01009297, 0.0050568, 0.03258547
-0.68736839, 0.22354808, 0.69103062
0.59298491, 0.1875869
1.631e-05, 0.0050568, 0.03258547
0.0, 0.27063814, 0.96264535
0.5992741, 0.16945493
1.631e-05, -0.01134449, -0.00488395
0.0, 0.1745964, -0.98461866
0.56658632, 0.27880752
1.63e-05, 0.05010246, -0.00742497
0.0, -0.75447857, -0.65627003
0.67352581, 0.28093815
-0.01169712, 0.05010238, -0.00742497
-0.68605608, -0.55531478, -0.47001556
0.67722261, 0.26240861
1.63e-05, 0.05010246, 0.01992065
0.0, -0.33033234, 0.94384593
0.68237019, 0.19075382
-0.01169718, 0.05010246, 0.01992065
-0.71895504, -0.24594867, 0.65004426
0.67722273, 0.21127081
1.628e-05, 0.32079613, -0.01371608
0.0, 1.0, 0.0
0.6515708, 0.39355385
-0.0092048, 0.32079613, 0.00852978
-0.56840724, 0.5957213, 0.56743068
0.63432688, 0.35195291
1.628e-05, 0.32079613, 0.00852978
0.0, 0.71984011, 0.69411296
0.6515708, 0.35195291
-0.01169724, 0.24695864, -0.01371608
-0.99984741, 0.01684622, 0.0
0.49624693, 0.39355385
-0.01169724, 0.24695864, 0.01121581
-0.7435835, 0.13257241, 0.65532398
0.49624693, 0.34692991
-0.01169724, 0.22636968, 0.01819205
-0.62623984, -0.07049776, 0.77642143
0.45774436, 0.333884
1.629e-05, 0.21653467, 0.01271867
0.0, -0.48628193, 0.87377542
0.42870045, 0.32497919
1.629e-05, 0.22636968, 0.01819205
0.0, -0.09042634, 0.99588001
0.44709224, 0.31474364
1.628e-05, 0.24695864, 0.01121579
0.0, 0.18051699, 0.98355055
0.49778, 0.32509124
1.628e-05, 0.32079613, 0.00852978
0.0, 0.71984011, 0.69411296
0.63553369, 0.33476102
-0.01169722, 0.21653463, -0.03262714
-0.57734919, -0.57734919, -0.57734919
0.39930069, 0.45003378
-0.01169724, 0.21653463, -0.01371608
-1.0, 0.0, 0.0
0.43935242, 0.39355385
-0.01169724, 0.21653467, 0.01271867
-0.79781485, -0.2931608, 0.52681053
0.43935257, 0.34411955
1.628e-05, 0.24695864, 0.01121579
0.0, 0.18051699, 0.98355055
0.50327647, 0.32618356
1.629e-05, 0.22636968, 0.01819205
0.0, -0.09042634, 0.99588001
0.46477392, 0.31313753
1.628e-05, 0.32079607, -0.03262714
0.0, 0.70708334, -0.70708334
0.65157074, 0.42891848
-0.00920478, 0.32079613, -0.01371608
-0.69505906, 0.71892452, 0.0
0.63432688, 0.39355385
-0.00920478, 0.32079607, -0.03262714
-0.56663716, 0.58607745, -0.57911921
0.63432688, 0.42891848
1.628e-05, 0.32079607, -0.02697937
0.0, 0.0, -0.99996948
0.68134403, 0.44691873
-0.00209298, 0.37183505, -0.02697941
-0.38267159, 0.0, -0.92385632
0.77678955, 0.44297421
1.627e-05, 0.37183505, -0.02697941
0.0, 0.0, -1.0
0.77678955, 0.44691861
1.628e-05, 0.24695864, -0.03262714
0.0, 0.0, -1.0
0.49698555, 0.45079851
-0.01169721, 0.24695864, -0.03262714
-0.71431625, 0.02410962, -0.69936216
0.49624693, 0.42891848
-0.0050759, 0.37183505, -0.02399646
-0.92385632, 0.0, -0.38267159
0.77678955, 0.43739605
-0.00209297, 0.32079607, -0.02697937
-0.38267159, 0.0, -0.92385632
0.68134403, 0.44297421
-0.00507589, 0.32079607, -0.02399646
-0.92385632, 0.0, -0.38267159
0.68134403, 0.43739605
1.627e-05, 0.44983023, -0.00102047
0.0, -0.70708334, 0.70708334
0.92127073, 0.38977599
-0.00209297, 0.32079613, -0.00102047
-0.38267159, 0.0, 0.92385632
0.68134403, 0.39442968
1.628e-05, 0.32079613, -0.00102047
0.0, 0.0, 1.0
0.6813336, 0.39024162
-0.0050759, 0.44983023, -0.00822186
-0.54911953, -0.80416274, -0.22742394
0.92264462, 0.40789688
-0.00209297, 0.32079613, -0.01120478
-0.38267159, 0.0, -0.92385632
0.68134403, 0.41347492
-0.00507589, 0.32079613, -0.00822186
-0.92385632, 0.0, -0.38267159
0.68134403, 0.40789688
-0.00507589, 0.32079613, -0.01977801
-0.92385632, 0.0, 0.38267159
0.68134403, 0.42950726
-0.0050759, 0.44983023, -0.0040034
-0.54911953, -0.80416274, 0.22748497
0.92264462, 0.40000784
-0.00507589, 0.32079613, -0.00400338
-0.92385632, 0.0, 0.38267159
0.68134403, 0.40000784
-0.00209297, 0.32079613, -0.0167951
-0.38267159, 0.0, 0.92385632
0.68134403, 0.42392898
-0.0050759, 0.37183505, -0.01977801
-0.92385632, 0.0, 0.38267159
0.77678955, 0.42950726
-0.00209298, 0.44983023, -0.00102047
-0.22745445, -0.80416274, 0.54911953
0.92264462, 0.39442968
1.627e-05, 0.37183505, -0.01679506
0.0, 0.0, 0.99996948
0.77678955, 0.41998446
1.628e-05, 0.32079613, -0.0167951
0.0, 0.0, 1.0
0.68134403, 0.41998446
-0.00209299, 0.44983023, -0.01120478
-0.22745445, -0.80416274, -0.54911953
0.9226445, 0.41347492
1.627e-05, 0.44983023, -0.01177589
0.0, -0.70708334, -0.70708334
0.92176175, 0.41836834
1.627e-05, 0.44983023, -0.01120478
0.0, -0.70708334, -0.70708334
0.92136383, 0.41778111
1.628e-05, 0.32079613, -0.01120478
0.0, 0.0, -1.0
0.68133903, 0.41720355
-0.0050759, 0.37183505, -0.01250094
-0.70708334, -0.70708334, 0.0
0.77678955, 0.33033288
1.627e-05, 0.37183505, -0.00045116
0.0, -0.70708334, 0.70708334
0.76602328, 0.29457474
-0.0050759, 0.37183505, -0.00045116
-0.57734919, -0.57734919, 0.57734919
0.77678955, 0.30779898
1.627e-05, 0.37993634, -0.01679506
0.0, 0.61781669, -0.78630942
0.79984635, 0.35053527
-0.0050759, 0.38922244, -0.01250094
-0.60359508, 0.6717124, -0.42942595
0.80930471, 0.33033288
1.627e-05, 0.38922244, -0.01250094
0.0, 0.84252447, -0.53862119
0.82242918, 0.33478367
-0.0050759, 0.37993634, -0.01679506
-0.7619251, 0.3937498, -0.51420635
0.79193914, 0.33836305
-0.0050759, 0.37183505, -0.02399646
-0.76241338, -0.46244699, -0.45258948
0.77678955, 0.35183001
1.627e-05, 0.37183505, -0.02697941
0.0, -0.32969147, -0.94405955
0.77387094, 0.36298287
1.627e-05, 0.37183505, -0.01250094
0.0, -1.0, 0.0
0.76262963, 0.33111823
1.627e-05, 0.38922244, -0.00045116
0.0, 0.70708334, 0.70708334
0.81919765, 0.29781377
-0.0050759, 0.38922244, -0.00045116
-0.57734919, 0.57734919, 0.57734919
0.80930471, 0.30779898
-0.00209298, 0.37183505, -0.02697941
-0.2737205, -0.30060732, -0.91360211
0.77678955, 0.35740829
-0.00564702, 0.44983023, -0.00845843
-0.71727651, -0.63023776, -0.29709768
0.92264462, 0.4083389
-0.00232955, 0.44983023, -0.01177589
-0.29709768, -0.63023776, -0.71727651
0.92264462, 0.41454279
1.627e-05, 0.44983023, -0.00044936
0.0, -0.70708334, 0.70708334
0.92168123, 0.38878655
-0.00232955, 0.44983023, -0.00044936
-0.29709768, -0.63023776, 0.71727651
0.9226445, 0.39336169
-0.00209298, 0.44983023, -0.00102047
-0.22745445, -0.80416274, 0.54911953
0.92264462, 0.41693342
-0.00564702, 0.44983023, -0.00376683
-0.71727651, -0.63023776, 0.29709768
0.92264462, 0.41179776
-0.0050759, 0.44983023, -0.0040034
-0.54911953, -0.80416274, 0.22748497
0.92264462, 0.41135526
-0.00564702, 0.47080594, -0.00376683
-0.71056247, 0.70171207, -0.0519425
0.96187031, 0.39956546
-0.00564702, 0.44983023, -0.00376683
-0.71727651, -0.63023776, 0.29709768
0.92264462, 0.39956534
-0.00232955, 0.46050149, -0.01177589
-0.30765709, 0.24530777, -0.91930908
0.94260031, 0.41454279
-0.00564702, 0.46476978, -0.00845843
-0.70619833, 0.36582538, -0.6061281
0.95058227, 0.40833902
-0.00232955, 0.47080594, -0.00044936
-0.29709768, 0.63023776, 0.71727651
0.96187031, 0.39336169
1.626e-05, 0.47080594, -0.00376683
0.0, 0.89822078, -0.43949705
0.98342264, 0.60141248
-0.00232955, 0.47080594, -0.00044936
-0.29709768, 0.63023776, 0.71727651
0.97879493, 0.60795701
1.626e-05, 0.47080594, -0.00044936
0.0, 0.70708334, 0.70708334
0.98342264, 0.60795701
1.627e-05, 0.46476978, -0.00845843
0.0, 0.61366618, -0.78954434
0.98342264, 0.59215719
-0.00564702, 0.47080594, -0.00376683
-0.71056247, 0.70171207, -0.0519425
0.97225046, 0.60141248
-0.00232955, 0.46050149, -0.01177589
-0.30765709, 0.24530777, -0.91930908
0.97879493, 0.5856126
1.627e-05, 0.46050149, -0.01177589
0.0, 0.32435071, -0.94592118
0.98342264, 0.5856126
1.627e-05, 0.46050149, -0.01177589
0.0, 0.32435071, -0.94592118
0.9426831, 0.42045379
-0.00209297, 0.44748098, -0.02183783
-0.90450758, -0.30149236, 0.30149236
0.9182514, 0.44570041
1.627e-05, 0.44025517, -0.02183783
0.0, 0.59941405, 0.80040896
0.90654081, 0.44321847
1.627e-05, 0.44748098, -0.02183783
0.0, -0.70708334, 0.70708334
0.91402173, 0.44244444
1.627e-05, 0.44983023, -0.03943653
0.0, 0.70708334, -0.70708334
0.92804337, 0.47856915
-0.00209298, 0.44983023, -0.01120478
-0.57731867, 0.57734919, 0.57734919
0.9226445, 0.42581618
1.627e-05, 0.44983023, -0.01120478
0.0, 0.70708334, 0.70708334
0.92659563, 0.42182457
-0.00209305, 0.43832552, -0.01525696
-0.93575853, 0.28220466, -0.21134068
0.90113008, 0.43339396
-0.00209298, 0.43487406, -0.01120478
-0.56620991, -0.64568013, 0.51228368
0.89467573, 0.42581618
-0.00209298, 0.4414655, -0.03943653
-0.59035003, -0.50166327, -0.6322825
0.90700185, 0.47861099
1.627e-05, 0.43487406, -0.01120478
0.0, -0.7833491, 0.62153995
0.88903487, 0.4205246
1.627e-05, 0.44983023, -0.03943653
0.0, 0.70708334, -0.70708334
0.9226445, 0.48255539
-0.00209298, 0.44983023, -0.03943653
-0.57734919, 0.57734919, -0.57734919
0.9226445, 0.47861099
1.627e-05, 0.44748098, -0.01525696
0.0, -0.70708334, -0.70708334
0.91489363, 0.43616354
-0.00209305, 0.44748098, -0.01525696
-0.90453809, -0.30146185, -0.30149236
0.9182514, 0.43339384
1.627e-05, 0.43832552, -0.01525696
0.0, 0.80040896, -0.59941405
0.90563464, 0.43578434
-0.00209305, 0.44025517, -0.02183783
-0.86950284, 0.29602954, 0.39530626
0.90473872, 0.44570041
1.629e-05, 0.21653463, -0.03262714
0.0, -0.70708334, -0.70708334
0.39930061, 0.46799326
-0.01169722, 0.24695861, -0.03262714
-0.57734919, 0.57734919, -0.57734919
0.45619518, 0.45003378
1.628e-05, 0.24695864, -0.03262714
0.0, 0.70708334, -0.70708334
0.45619518, 0.46799326
1.628e-05, 0.24695864, -0.02783029
0.0, 1.0, 0.0
0.46553612, 0.46799326
-0.01169722, 0.24695861, -0.02783029
-0.89440596, 0.44718772, 0.0
0.46553609, 0.45003378
-0.00724121, 0.19735254, -0.03649527
0.0, 0.10559404, -0.99438459
0.47934306, 0.51424593
1.629e-05, 0.2337759, -0.03262714
0.0, 0.10559404, -0.99438459
0.54348314, 0.50153717
1.629e-05, 0.19735254, -0.03649527
0.0, 0.10559404, -0.99438459
0.47934309, 0.50153717
1.629e-05, 0.1454137, 0.03827934
0.0, 0.70708334, 0.70708334
0.29179829, 0.21295738
-0.01011615, 0.08798319, 0.03827934
-0.84517962, 0.50392163, 0.1779229
0.27285004, 0.10555935
1.63e-05, 0.08798319, 0.03827934
0.0, 0.9429304, 0.33295694
0.29179829, 0.10555935
1.63e-05, 0.08798319, 0.03827934
0.0, 0.9429304, 0.33295694
0.18994585, 0.20523775
-0.01011615, 0.07402657, 0.08498769
-0.59416485, 0.48048341, 0.6450392
0.13935238, 0.12561035
1.63e-05, 0.07402657, 0.08498769
0.0, 0.59736931, 0.8019349
0.15311095, 0.10322654
-0.01011615, 0.08798319, 0.03827934
-0.84517962, 0.50392163, 0.1779229
0.16545188, 0.21295738
-0.01011615, 0.0460874, 0.08498769
-0.56266975, -0.66832483, 0.48649555
0.08710468, 0.12561035
-0.01011615, 0.06790465, 0.01742468
-0.76595354, -0.14468825, -0.62639242
0.12790403, 0.2519567
1.63e-05, 0.0460874, 0.08498769
0.0, -0.80846584, 0.5884884
0.06238377, 0.10418606
1.63e-05, 0.08798319, 0.03827934
0.0, 0.9429304, 0.33295694
0.1236833, 0.32095802
-0.01011615, 0.08798319, 0.03827934
-0.84517962, 0.50392163, 0.1779229
0.14565912, 0.31474364
1.629e-05, 0.1454137, 0.01437669
0.0, 0.99996948, 0.0
0.29179829, 0.25765669
-0.01011615, 0.1454137, 0.03827934
-0.57734919, 0.57734919, 0.57734919
0.27285004, 0.21295738
-0.01011615, 0.1454137, 0.01437669
-0.69808036, 0.71599478, 0.0
0.27285004, 0.25765669
-0.01011611, 0.09522055, 0.01920956
-0.90020448, 0.31342509, 0.30219427
0.17898625, 0.24861884
-0.01011611, 0.12866333, 0.01798948
-0.90874964, -0.28962067, 0.3003937
0.24152592, 0.25090051
1.63e-05, 0.09522055, 0.0350845
0.0, 0.70708334, -0.70708334
0.18586877, 0.22909021
-0.01011611, 0.09522055, 0.0350845
-0.90450758, 0.30149236, -0.30149236
0.17898625, 0.21893191
-0.01011611, 0.12866333, 0.0350845
-0.90450758, -0.30149236, -0.30149236
0.24152592, 0.21893191
1.629e-05, 0.12866333, 0.01798948
0.0, -0.69408244, 0.71987063
0.23497161, 0.23987985
1.63e-05, 0.09522055, 0.01920956
0.0, 0.71987063, 0.69408244
0.18586975, 0.23864782
1.629e-05, 0.12866333, 0.0350845
0.0, -0.70708334, -0.70708334
0.23448801, 0.22971284
-0.00728835, 0.177233, 0.09622196
-0.68282115, -0.57249671, 0.45381024
0.78743148, 0.09819078
1.629e-05, 0.21116193, 0.13037908
0.0, 0.05590991, 0.99841303
0.85504138, 0.00357068
-0.00728835, 0.21116193, 0.13037908
-0.57136756, 0.04586932, 0.81939149
0.85088027, 0.03431523
1.629e-05, 0.18794268, 0.01338614
0.0, 0.64317757, -0.76567888
0.82270831, 0.27590621
-0.00728835, 0.19126338, 0.03233537
-0.72985017, 0.65849787, -0.18344676
0.81366879, 0.21766198
1.629e-05, 0.19126338, 0.03233537
0.0, 0.96331674, -0.26834926
0.83524817, 0.22495949
-0.00728835, 0.18794268, 0.01338614
-0.58702356, 0.52070683, -0.61986142
0.807459, 0.25309813
-0.00728835, 0.15076359, 0.03483794
-0.69463181, -0.70607626, 0.13745537
0.73793221, 0.21298218
-0.00728835, 0.14782788, 0.01338615
-0.57051301, -0.61882383, -0.53990293
0.73244238, 0.25309813
1.629e-05, 0.15076359, 0.03483794
0.0, -0.98153633, 0.1911069
0.71244621, 0.21127081
-0.00728835, 0.23587635, 0.09919329
-0.58174384, 0.81109041, -0.06057924
0.89709753, 0.0926342
1.629e-05, 0.23587635, 0.09919329
0.0, 0.99719232, -0.07446516
0.92091441, 0.09355414
-0.00728835, 0.15889692, 0.06687749
-0.67394024, -0.67940307, 0.29007843
0.75314194, 0.15306652
1.629e-05, 0.177233, 0.09622196
0.0, -0.78362375, 0.62117374
0.76948529, 0.08419585
1.629e-05, 0.15889692, 0.06687749
0.0, -0.91964477, 0.39268166
0.73426133, 0.14493847
-0.00728835, 0.21292016, 0.07774151
-0.74187446, 0.52507097, -0.4169744
0.85416806, 0.13275027
-0.00728835, 0.20055172, 0.05628973
-0.72472304, 0.62147892, -0.29749444
0.83103859, 0.17286611
1.629e-05, 0.21292016, 0.07774151
0.0, 0.78310496, -0.62187564
0.87190443, 0.14667654
1.629e-05, 0.20055172, 0.05628973
0.0, 0.90197456, -0.43174535
0.84735262, 0.18076432
0.01172978, 0.06923725, 0.01910266
0.70702231, 0.03039644, 0.70650351
0.12384701, 0.64670485
0.01172974, 0.05010238, -0.00742497
0.68605608, -0.55531478, -0.47001556
0.08806381, 0.5970968
0.01172974, 0.06923725, -0.02783029
0.62761313, -0.30942717, -0.71434677
0.12384701, 0.55893785
0.01172979, 0.24695861, -0.02783029
0.89440596, 0.44718772, 0.0
0.45619518, 0.55893785
0.01172978, 0.21653463, -0.01371608
1.0, 0.0, 0.0
0.39930075, 0.58533221
0.01172979, 0.21653463, -0.02783029
0.90450758, -0.30149236, -0.30149236
0.39930069, 0.55893785
0.01172971, -0.01134449, -0.00488395
0.67738885, 0.15256202, -0.71959591
0.56231362, 0.74234474
1.631e-05, -0.10189776, -0.00488393
0.0, -0.70708334, -0.70708334
0.39297405, 0.7177155
1.631e-05, -0.01134449, -0.00488395
0.0, 0.1745964, -0.98461866
0.56658632, 0.72119397
1.63e-05, 0.05010246, -0.00742497
0.0, -0.75447857, -0.65627003
0.06977141, 0.57717586
1.63e-05, 0.06923725, -0.02783029
0.0, -0.39744255, -0.91760004
0.10841732, 0.54241437
1.63e-05, 0.05010246, 0.01992065
0.0, -0.33033234, 0.94384593
0.08881646, 0.67003739
0.01172979, 0.05010246, 0.01992065
0.71895504, -0.24594867, 0.65004426
0.08806393, 0.64823449
0.01172977, 0.21653464, 0.01271867
0.71663564, 0.0301828, 0.69676811
0.39930075, 0.63476646
1.63e-05, 0.06923734, 0.01910266
0.0, 0.04300058, 0.99905396
0.12452757, 0.66856825
1.629e-05, 0.21653463, -0.02783029
0.0, -0.70708334, -0.70708334
0.39930069, 0.53382063
1.631e-05, -0.10189776, 0.06265631
0.0, -0.60386974, 0.79705191
0.37106639, 0.86864851
0.01172968, -0.10189793, -0.00488393
0.57731867, -0.57734919, -0.57734919
0.39297405, 0.74234474
0.01172974, -0.10189776, 0.06265631
0.56428725, -0.49851984, 0.65804011
0.39297414, 0.86864851
1.631e-05, -0.01134449, 0.03719677
0.0, 0.27063814, 0.96264535
0.57078719, 0.84370928
0.01172977, -0.01134449, 0.03719677
0.71300393, 0.21622364, 0.66692096
0.56231385, 0.82103781
1.63e-05, 0.05010246, 0.01992065
0.0, -0.33033234, 0.94384593
0.06617221, 0.64823443
0.01012552, 0.0050568, 0.00112215
0.75725579, 0.08188116, -0.64793849
0.59298486, 0.75357644
0.01012558, 0.0050568, 0.03258547
0.68736839, 0.22354808, 0.69103062
0.59298491, 0.81241451
1.631e-05, 0.0050568, 0.03258547
0.0, 0.27063814, 0.96264535
0.59927416, 0.83054648
1.631e-05, 0.0050568, 0.00112215
0.0, 0.08163701, -0.99664295
0.5949651, 0.73392218
1.63e-05, 0.05010246, -0.00742497
0.0, -0.75447857, -0.65627003
0.67352581, 0.71906328
0.01172974, 0.05010238, -0.00742497
0.68605608, -0.55531478, -0.47001556
0.67722261, 0.73759288
1.63e-05, 0.05010246, 0.01992065
0.0, -0.33033234, 0.94384593
0.68237019, 0.80924772
0.01172979, 0.05010246, 0.01992065
0.71895504, -0.24594867, 0.65004426
0.67722273, 0.78873055
0.00923736, 0.32079613, 0.00852978
0.56840724, 0.5957213, 0.56743068
0.63432688, 0.64804846
1.628e-05, 0.32079613, -0.01371608
0.0, 1.0, 0.0
0.6515708, 0.60644752
1.628e-05, 0.32079613, 0.00852978
0.0, 0.71984011, 0.69411296
0.6515708, 0.64804846
0.01172981, 0.24695864, -0.01371608
0.99984741, 0.01684622, 0.0
0.49624693, 0.60644752
0.00923736, 0.32079613, -0.01371608
0.69505906, 0.71892452, 0.0
0.63432688, 0.60644752
1.629e-05, 0.21653467, 0.01271867
0.0, -0.48628193, 0.87377542
0.42870045, 0.67502207
0.01172981, 0.22636968, 0.01819205
0.62623984, -0.07049776, 0.77642143
0.45774436, 0.66611737
1.629e-05, 0.22636968, 0.01819205
0.0, -0.09042634, 0.99588001
0.44709224, 0.68525767
1.628e-05, 0.24695864, 0.01121579
0.0, 0.18051699, 0.98355055
0.49778, 0.67491019
1.628e-05, 0.32079613, 0.00852978
0.0, 0.71984011, 0.69411296
0.63553375, 0.66524023
0.01172979, 0.21653463, -0.03262714
0.57734919, -0.57734919, -0.57734919
0.39930069, 0.54996747
0.01172981, 0.21653463, -0.01371608
1.0, 0.0, 0.0
0.43935242, 0.60644752
0.01172981, 0.24695864, 0.01121581
0.7435835, 0.13257241, 0.65532398
0.49624693, 0.65307146
1.628e-05, 0.24695864, 0.01121579
0.0, 0.18051699, 0.98355055
0.50327653, 0.67381787
1.628e-05, 0.32079607, -0.03262714
0.0, 0.70708334, -0.70708334
0.65157074, 0.57108283
0.00923733, 0.32079607, -0.03262714
0.56663716, 0.58607745, -0.57911921
0.63432688, 0.57108283
0.00212553, 0.37183505, -0.02697941
0.38267159, 0.0, -0.92385632
0.77678955, 0.5570271
1.628e-05, 0.32079607, -0.02697937
0.0, 0.0, -0.99996948
0.68134403, 0.5530827
1.627e-05, 0.37183505, -0.02697941
0.0, 0.0, -1.0
0.77678955, 0.5530827
1.628e-05, 0.24695864, -0.03262714
0.0, 0.0, -1.0
0.4969855, 0.5492028
1.628e-05, 0.32079607, -0.03262714
0.0, 0.70708334, -0.70708334
0.63490832, 0.5538584
0.00212553, 0.32079607, -0.02697937
0.38267159, 0.0, -0.92385632
0.68134403, 0.5570271
0.00510844, 0.37183505, -0.02399646
0.92385632, 0.0, -0.38267159
0.77678955, 0.56260532
0.00510845, 0.32079607, -0.02399646
0.92385632, 0.0, -0.38267159
0.68134403, 0.56260532
0.00212553, 0.32079613, -0.00102047
0.38267159, 0.0, 0.92385632
0.68134403, 0.60557157
1.627e-05, 0.44983023, -0.00102047
0.0, -0.70708334, 0.70708334
0.92127073, 0.6102252
1.628e-05, 0.32079613, -0.00102047
0.0, 0.0, 1.0
0.6813336, 0.60975963
0.00212553, 0.32079613, -0.01120478
0.38267159, 0.0, -0.92385632
0.68134403, 0.58652639
0.00510844, 0.44983023, -0.00822186
0.54911953, -0.80416274, -0.22745445
0.92264462, 0.59210449
0.00510845, 0.32079613, -0.00822186
0.92385632, 0.0, -0.38267159
0.68134403, 0.59210449
0.00510845, 0.32079613, -0.01977801
0.92385632, 0.0, 0.38267159
0.68134403, 0.570494
0.00510844, 0.37183505, -0.01977801
0.92385632, 0.0, 0.38267159
0.77678955, 0.570494
0.00510844, 0.44983023, -0.0040034
0.54911953, -0.80416274, 0.22745445
0.92264462, 0.59999347
0.00510845, 0.32079613, -0.00400338
0.92385632, 0.0, 0.38267159
0.68134403, 0.59999347
0.00212553, 0.32079613, -0.0167951
0.38267159, 0.0, 0.92385632
0.68134403, 0.57607234
0.00212552, 0.37183505, -0.01679506
0.38267159, 0.0, 0.92385632
0.77678955, 0.57607234
0.00212552, 0.44983023, -0.00102047
0.22745445, -0.80419326, 0.54908901
0.92264462, 0.60557157
1.627e-05, 0.37183505, -0.01679506
0.0, 0.0, 0.99996948
0.77678955, 0.58001685
1.628e-05, 0.32079613, -0.0167951
0.0, 0.0, 1.0
0.68134403, 0.58001673
1.627e-05, 0.44983023, -0.01177589
0.0, -0.70708334, -0.70708334
0.92176175, 0.58163297
0.00212552, 0.44983023, -0.01120478
0.22742394, -0.80416274, -0.54915005
0.9226445, 0.58652639
1.627e-05, 0.44983023, -0.01120478
0.0, -0.70708334, -0.70708334
0.92136383, 0.58222026
1.628e-05, 0.32079613, -0.01120478
0.0, 0.0, -1.0
0.68133903, 0.58279771
1.627e-05, 0.37183505, -0.00045116
0.0, -0.70708334, 0.70708334
0.76602322, 0.6902231
0.00510844, 0.37183505, -0.01250094
0.70708334, -0.70708334, 0.0
0.77678955, 0.65446496
0.00510844, 0.37183505, -0.00045116
0.57734919, -0.57734919, 0.57734919
0.77678955, 0.67699885
1.627e-05, 0.38922244, -0.01250094
0.0, 0.84252447, -0.53862119
0.82242918, 0.65001422
0.00510844, 0.37993634, -0.01679506
0.7619251, 0.3937498, -0.51420635
0.79193914, 0.64643484
1.627e-05, 0.37993634, -0.01679506
0.0, 0.61781669, -0.78630942
0.79984635, 0.63426262
0.00510844, 0.38922244, -0.01250094
0.60359508, 0.6717124, -0.42942595
0.80930471, 0.65446496
1.627e-05, 0.37183505, -0.02697941
0.0, -0.32969147, -0.94405955
0.77387094, 0.62181497
0.00212553, 0.37183505, -0.02697941
0.27375102, -0.30060732, -0.91360211
0.77678955, 0.62738961
0.00510844, 0.37183505, -0.02399646
0.76241338, -0.46244699, -0.45258948
0.77678955, 0.63296777
0.00510844, 0.38922244, -0.00045116
0.57734919, 0.57734919, 0.57734919
0.80930471, 0.67699885
1.627e-05, 0.38922244, -0.00045116
0.0, 0.70708334, 0.70708334
0.81919765, 0.686984
0.00567955, 0.44983023, -0.00845843
0.71727651, -0.63023776, -0.29709768
0.92264462, 0.59166223
1.627e-05, 0.44983023, -0.00044936
0.0, -0.70708334, 0.70708334
0.92168123, 0.61121464
0.00567955, 0.44983023, -0.00376683
0.71727651, -0.63023776, 0.29709768
0.91494679, 0.38463187
0.00212552, 0.44983023, -0.00102047
0.22745445, -0.80419326, 0.54908901
0.91494679, 0.37949622
0.00510844, 0.44983023, -0.0040034
0.54911953, -0.80416274, 0.22745445
0.91494679, 0.38507426
0.00567955, 0.44983023, -0.00376683
0.71727651, -0.63023776, 0.29709768
0.92264462, 0.60043591
0.00567954, 0.47080594, -0.00376683
0.71056247, 0.70168155, -0.0519425
0.96187031, 0.60043591
0.00236208, 0.44983023, -0.00044936
0.29709768, -0.63026828, 0.717246
0.9226445, 0.60663968
0.00236208, 0.46050149, -0.01177589
0.30765709, 0.24530777, -0.91930908
0.94260031, 0.58545852
0.00236208, 0.44983023, -0.01177589
0.29709768, -0.63023776, -0.71727651
0.92264462, 0.58545852
0.00567955, 0.46476978, -0.00845843
0.70619833, 0.36582538, -0.6061281
0.95058227, 0.59166223
0.00236208, 0.47080594, -0.00044936
0.29709768, 0.63023776, 0.71727651
0.96187031, 0.60663968
0.00236208, 0.47080594, -0.00044936
0.29709768, 0.63023776, 0.71727651
0.98805034, 0.60795701
0.00567954, 0.47080594, -0.00376683
0.71056247, 0.70168155, -0.0519425
0.99459481, 0.60141248
0.00236208, 0.46050149, -0.01177589
0.30765709, 0.24530777, -0.91930908
0.98805034, 0.5856126
1.627e-05, 0.46050149, -0.01177589
0.0, 0.32435071, -0.94592118
0.9426831, 0.57954746
0.00212551, 0.44748098, -0.02183783
0.90450758, -0.30149236, 0.30149236
0.9182514, 0.55309474
1.627e-05, 0.44025517, -0.02183783
0.0, 0.59941405, 0.80040896
0.90654081, 0.5555768
0.00212559, 0.44025517, -0.02183783
0.86950284, 0.29602954, 0.39530626
0.90473872, 0.55309474
0.00212552, 0.44983023, -0.01120478
0.57731867, 0.57734919, 0.57734919
0.9226445, 0.57297903
1.627e-05, 0.44983023, -0.03943653
0.0, 0.70708334, -0.70708334
0.92804343, 0.520226
1.627e-05, 0.44983023, -0.01120478
0.0, 0.70708334, 0.70708334
0.92659563, 0.5769707
0.00212559, 0.43832552, -0.01525696
0.93575853, 0.28220466, -0.21134068
0.90113008, 0.56540132
0.00212558, 0.44748098, -0.01525696
0.90453809, -0.30146185, -0.30149236
0.9182514, 0.56540138
1.627e-05, 0.43487406, -0.01120478
0.0, -0.7833491, 0.62153995
0.88903487, 0.57827061
0.00212552, 0.4414655, -0.03943653
0.59035003, -0.50166327, -0.6322825
0.90700185, 0.52018422
0.00212552, 0.43487406, -0.01120478
0.56620991, -0.64568013, 0.51228368
0.89467573, 0.57297903
0.00212552, 0.44983023, -0.03943653
0.57734919, 0.57734919, -0.57734919
0.9226445, 0.52018422
1.627e-05, 0.4414655, -0.03943653
0.0, -0.62153995, -0.7833491
0.90700185, 0.51623976
1.627e-05, 0.44983023, -0.03943653
0.0, 0.70708334, -0.70708334
0.9226445, 0.51623982
1.627e-05, 0.44748098, -0.01525696
0.0, -0.70708334, -0.70708334
0.91489363, 0.56263155
1.627e-05, 0.43832552, -0.01525696
0.0, 0.80040896, -0.59941405
0.90563464, 0.56301093
1.629e-05, 0.21653463, -0.03262714
0.0, -0.70708334, -0.70708334
0.39930069, 0.53200805
0.01172979, 0.24695861, -0.03262714
0.57734919, 0.57734919, -0.57734919
0.45619518, 0.54996747
1.628e-05, 0.24695864, -0.02783029
0.0, 1.0, 0.0
0.46553606, 0.53200805
0.01172979, 0.24695861, -0.02783029
0.89440596, 0.44718772, 0.0
0.46553609, 0.54996747
0.00727378, 0.19735254, -0.03649527
0.0, 0.10559404, -0.99438459
0.47934309, 0.48882854
0.01014875, 0.08798319, 0.03827934
0.84517962, 0.50392163, 0.1779229
0.27284998, 0.89444213
1.629e-05, 0.1454137, 0.03827934
0.0, 0.70708334, 0.70708334
0.29179829, 0.787044
1.63e-05, 0.08798319, 0.03827934
0.0, 0.9429304, 0.33295694
0.29179829, 0.89444213
0.01014875, 0.07402657, 0.08498769
0.59416485, 0.48048341, 0.6450392
0.13935238, 0.87439103
1.63e-05, 0.08798319, 0.03827934
0.0, 0.9429304, 0.33295694
0.189946, 0.79476361
1.63e-05, 0.07402657, 0.08498769
0.0, 0.59736931, 0.8019349
0.15311095, 0.89677484
0.01014875, 0.0460874, 0.08498769
0.56266975, -0.66832483, 0.48649555
0.08710468, 0.87439103
0.01014875, 0.08798319, 0.03827934
0.84517962, 0.50392163, 0.1779229
0.16545188, 0.787044
1.63e-05, 0.0460874, 0.08498769
0.0, -0.80846584, 0.5884884
0.06238389, 0.89581527
0.01014875, 0.06790465, 0.01742468
0.76595354, -0.14468825, -0.62636191
0.12790403, 0.74804473
1.63e-05, 0.08798319, 0.03827934
0.0, 0.9429304, 0.33295694
0.12368324, 0.67904323
0.01014875, 0.08798319, 0.03827934
0.84517962, 0.50392163, 0.1779229
0.14565912, 0.68525767
0.01014874, 0.1454137, 0.03827934
0.57734919, 0.57734919, 0.57734919
0.27285004, 0.787044
1.629e-05, 0.1454137, 0.01437669
0.0, 0.99996948, 0.0
0.29179829, 0.74234474
0.0101487, 0.09522055, 0.01920956
0.90020448, 0.31342509, 0.30219427
0.17898625, 0.75138243
0.01014874, 0.1454137, 0.01437669
0.69808036, 0.71599478, 0.0
0.27285004, 0.74234474
1.63e-05, 0.09522055, 0.0350845
0.0, 0.70708334, -0.70708334
0.19934326, 0.75567256
0.0101487, 0.09522055, 0.0350845
0.90450758, 0.30149236, -0.30149236
0.17898625, 0.78106944
0.0101487, 0.12866333, 0.0350845
0.90450758, -0.30149236, -0.30149236
0.24152592, 0.78106944
0.0101487, 0.12866333, 0.01798948
0.90874964, -0.28962067, 0.3003937
0.24152592, 0.74910086
1.629e-05, 0.12866333, 0.0350845
0.0, -0.70708334, -0.70708334
0.224742, 0.76116277
1.629e-05, 0.12866333, 0.01798948
0.0, -0.69408244, 0.71987063
0.22836408, 0.75546779
1.63e-05, 0.09522055, 0.01920956
0.0, 0.71987063, 0.69408244
0.20055583, 0.75651987
1.629e-05, 0.21116193, 0.13037908
0.0, 0.05590991, 0.99841303
0.85504138, 0.99643077
0.00732093, 0.177233, 0.09622196
0.68282115, -0.57249671, 0.45381024
0.78743148, 0.9018106
0.00732093, 0.21116193, 0.13037908
0.57136756, 0.04586932, 0.81939149
0.85088027, 0.96568622
0.00732093, 0.19126338, 0.03233537
0.72985017, 0.65849787, -0.18344676
0.81366891, 0.78233935
1.629e-05, 0.18794268, 0.01338614
0.0, 0.64317757, -0.76567888
0.82270831, 0.72409523
1.629e-05, 0.19126338, 0.03233537
0.0, 0.96331674, -0.26834926
0.83524823, 0.77504189
0.00732093, 0.15076359, 0.03483794
0.69463181, -0.70607626, 0.13745537
0.73793232, 0.78701924
0.00732093, 0.18794268, 0.01338614
0.58702356, 0.52067631, -0.61986142
0.807459, 0.74690336
1.629e-05, 0.15076359, 0.03483794
0.0, -0.98153633, 0.1911069
0.71244627, 0.78873055
0.00732093, 0.14782788, 0.01338615
0.57051301, -0.61882383, -0.53990293
0.73244238, 0.74690336
0.00732093, 0.23587635, 0.09919329
0.58174384, 0.81109041, -0.06057924
0.89709753, 0.90736715
1.629e-05, 0.23587635, 0.09919329
0.0, 0.99719232, -0.07446516
0.92091447, 0.90644722
1.629e-05, 0.177233, 0.09622196
0.0, -0.78362375, 0.62117374
0.76948529, 0.91580544
0.00732093, 0.15889692, 0.06687749
0.67394024, -0.67940307, 0.29007843
0.753142, 0.8469349
1.629e-05, 0.15889692, 0.06687749
0.0, -0.91964477, 0.39268166
0.73426133, 0.85506292
0.00732093, 0.21292016, 0.07774151
0.74187446, 0.52507097, -0.4169744
0.85416806, 0.86725117
0.00732093, 0.20055172, 0.05628973
0.72472304, 0.62147892, -0.29749444
0.83103859, 0.82713525
1.629e-05, 0.21292016, 0.07774151
0.0, 0.78310496, -0.62187564
0.87190443, 0.85332482
1.629e-05, 0.20055172, 0.05628973
0.0, 0.90197456, -0.43174535
0.84735262, 0.81923704
1.628e-05, 0.32079613, 0.00171292
0.0, 0.0, -1.0
0.6813336, 0.38667035
-0.00253035, 0.4458186, 0.00612378
-0.72057253, 0.55467391, 0.4159978
0.91494668, 0.3784281
1.627e-05, 0.4458186, 0.0017129
0.0, 0.55467391, -0.83202612
0.91494668, 0.38667023
-0.00253034, 0.32079613, 0.00612378
-0.86602372, 0.0, 0.49998474
0.6813336, 0.37842822
0.00256289, 0.4458186, 0.00612378
0.72057253, 0.55467391, 0.4159978
0.91494668, 0.3784281
0.0025629, 0.32079613, 0.00612378
0.86602372, 0.0, 0.49998474
0.6813336, 0.37842822
0.02306674, 0.20432277, -0.00953665
0.57734919, 0.57734919, 0.57734919
0.64633441, 0.48735303
0.02306674, 0.19833753, -0.01552192
0.57734919, -0.57734919, -0.57734919
0.63368744, 0.5
0.02306674, 0.20432277, -0.01552192
0.57734919, 0.57734919, -0.57734919
0.64633441, 0.50000006
0.02306674, 0.19833753, -0.00953665
0.57734919, -0.57734919, 0.57734919
0.64633441, 0.52529395
0.01172979, 0.19833753, -0.01552192
0.0, -0.70708334, -0.70708334
0.67028952, 0.51264691
0.02306674, 0.19833753, -0.01552192
0.57734919, -0.57734919, -0.57734919
0.64633441, 0.51264697
0.01172979, 0.20432277, -0.00953665
0.0, 0.70708334, 0.70708334
0.67028958, 0.48735309
0.01172979, 0.20432277, -0.01552192
0.0, 0.70708334, -0.70708334
0.67028952, 0.5
0.02306674, 0.19833753, -0.00953665
0.57734919, -0.57734919, 0.57734919
0.64633441, 0.47470605
0.01172979, 0.19833753, -0.00953665
0.0, -0.70708334, 0.70708334
0.67028958, 0.47470611
-0.01169721, 0.24695864, -0.01371608
-1.0, 0.0, 0.0
0.45619524, 0.41466904
1.63e-05, 0.06923725, -0.02783029
0.0, -0.39744255, -0.91760004
0.1101751, 0.45719618
1.63e-05, 0.06923725, -0.02783029
0.0, -0.39744255, -0.91760004
0.12384698, 0.46618056
1.631e-05, -0.10189776, -0.00488393
0.0, -0.70708334, -0.70708334
0.37106633, 0.25765669
1.63e-05, 0.05010246, -0.00742497
0.0, -0.75447857, -0.65627003
0.066172, 0.40290451
1.631e-05, 0.0050568, 0.00112215
0.0, 0.08163701, -0.99664295
0.5949651, 0.26607919
1.628e-05, 0.32079607, -0.03262714
0.0, 0.70708334, -0.70708334
0.63490832, 0.44614279
-0.00209298, 0.37183505, -0.01679506
-0.38267159, 0.0, 0.92385632
0.77678955, 0.42392898
-0.00232955, 0.44983023, -0.00044936
-0.29709768, -0.63023776, 0.71727651
0.9226445, 0.41800141
1.626e-05, 0.47080594, -0.00044936
0.0, 0.70708334, 0.70708334
0.96581483, 0.3885206
-0.00564702, 0.46476978, -0.00845843
-0.70619833, 0.36582538, -0.6061281
0.97225046, 0.59215719
1.627e-05, 0.4414655, -0.03943653
0.0, -0.62153995, -0.7833491
0.90270352, 0.47960544
1.627e-05, 0.4414655, -0.03943653
0.0, -0.62153995, -0.7833491
0.90700185, 0.48255539
-0.00724121, 0.2337759, -0.03262714
0.0, 0.10559404, -0.99438459
0.54348308, 0.51424593
1.63e-05, 0.06790465, 0.01742468
0.0, -0.22507401, -0.97433394
0.10592818, 0.25817108
1.629e-05, 0.14782788, 0.01338615
0.0, -0.75350201, -0.65739924
0.71575391, 0.26941681
0.01172978, 0.24695864, -0.01371608
1.0, 0.0, 0.0
0.45619524, 0.58533221
1.629e-05, 0.21653467, 0.01271867
0.0, 0.04327524, 0.99905396
0.40025264, 0.65665871
1.63e-05, 0.06923725, -0.02783029
0.0, -0.39744255, -0.91760004
0.12384701, 0.53382063
1.631e-05, -0.10189776, -0.00488393
0.0, -0.70708334, -0.70708334
0.37106639, 0.74234474
1.631e-05, -0.10189776, 0.06265631
0.0, -0.60386974, 0.79705191
0.39297414, 0.90292691
1.63e-05, 0.05010246, -0.00742497
0.0, -0.75447857, -0.65627003
0.06617221, 0.5971272
0.01172981, 0.21653467, 0.01271867
0.79781485, -0.2931608, 0.52681053
0.43935257, 0.65588176
1.629e-05, 0.22636968, 0.01819205
0.0, -0.09042634, 0.99588001
0.46477386, 0.68686378
0.01172978, 0.24695864, -0.03262714
0.71431625, 0.02410962, -0.69936216
0.49624693, 0.57108283
1.627e-05, 0.37183505, -0.01250094
0.0, -1.0, 0.0
0.76262963, 0.65367955
0.00236208, 0.44983023, -0.00044936
0.29709768, -0.63026828, 0.717246
0.91494668, 0.3784281
1.626e-05, 0.47080594, -0.00044936
0.0, 0.70708334, 0.70708334
0.96581483, 0.61148071
0.00567955, 0.46476978, -0.00845843
0.70619833, 0.36582538, -0.6061281
0.99459481, 0.59215719
1.627e-05, 0.44748098, -0.02183783
0.0, -0.70708334, 0.70708334
0.91402173, 0.55635065
1.627e-05, 0.4414655, -0.03943653
0.0, -0.62153995, -0.7833491
0.9027034, 0.51918977
1.628e-05, 0.24695864, -0.03262714
0.0, 0.70708334, -0.70708334
0.45619518, 0.53200805
0.00727378, 0.2337759, -0.03262714
0.0, 0.10559404, -0.99438459
0.54348308, 0.48882854
1.63e-05, 0.06790465, 0.01742468
0.0, -0.22507401, -0.97433394
0.10592815, 0.74183035
1.629e-05, 0.14782788, 0.01338615
0.0, -0.75350201, -0.65739924
0.71575403, 0.7305845
0.02306674, 0.19833753, -0.00953665
0.57734919, -0.57734919, 0.57734919
0.63368744, 0.48735303
0.01172979, 0.19833753, -0.00953665
0.0, -0.70708334, 0.70708334
0.67028958, 0.52529395
# Number of Faces:
441
# Face Data:
0, 1, 2
3, 4, 5
6, 7, 8
9, 10, 1
0, 11, 12
13, 12, 14
15, 9, 5
3, 9, 0
8, 16, 17
18, 19, 20
18, 8, 17
1, 21, 2
22, 18, 23
23, 20, 24
22, 25, 6
26, 22, 27
28, 23, 24
29, 22, 23
30, 31, 32
31, 33, 34
35, 36, 37
31, 38, 39
4, 40, 5
41, 42, 35
43, 35, 44
45, 46, 30
47, 33, 46
48, 49, 50
47, 51, 52
53, 54, 55
56, 57, 58
59, 60, 61
62, 53, 55
63, 61, 64
65, 66, 62
67, 64, 57
68, 65, 69
70, 71, 72
70, 73, 60
74, 75, 76
77, 78, 79
78, 80, 74
81, 82, 83
84, 76, 75
78, 76, 85
79, 85, 84
74, 80, 81
86, 77, 82
81, 80, 86
70, 87, 88
67, 89, 90
91, 92, 93
63, 87, 59
90, 94, 95
87, 96, 88
95, 97, 87
89, 98, 90
99, 100, 101
102, 103, 99
104, 102, 105
88, 106, 71
107, 108, 109
110, 111, 112
111, 113, 114
115, 116, 114
111, 116, 112
117, 115, 118
107, 118, 115
107, 119, 120
120, 121, 113
113, 108, 122
123, 124, 125
126, 124, 127
128, 129, 130
5, 123, 15
131, 132, 133
134, 135, 136
137, 138, 135
139, 140, 138
135, 140, 136
141, 139, 142
143, 144, 131
145, 146, 147
148, 146, 149
137, 150, 149
151, 150, 147
152, 147, 146
153, 149, 150
154, 155, 156
157, 158, 159
160, 161, 158
162, 163, 161
164, 155, 165
157, 162, 160
166, 167, 154
161, 168, 166
169, 156, 164
170, 154, 169
158, 166, 170
171, 164, 165
172, 169, 171
159, 170, 172
173, 174, 175
176, 177, 178
179, 180, 181
175, 182, 183
173, 184, 185
186, 187, 173
175, 188, 178
175, 178, 177
189, 190, 191
192, 191, 193
193, 190, 179
194, 174, 185
193, 195, 196
192, 196, 197
195, 181, 198
195, 199, 200
201, 196, 202
202, 195, 200
203, 204, 205
203, 206, 207
208, 209, 210
211, 203, 212
213, 176, 178
209, 214, 215
216, 209, 215
207, 217, 204
206, 218, 207
219, 220, 221
218, 222, 223
224, 225, 226
227, 228, 229
230, 231, 232
233, 225, 234
232, 235, 236
237, 234, 238
236, 239, 227
237, 240, 241
242, 243, 244
245, 243, 230
246, 247, 248
249, 250, 251
252, 247, 250
253, 254, 255
246, 256, 257
248, 252, 256
256, 249, 257
247, 255, 250
251, 254, 253
255, 254, 250
243, 258, 231
239, 259, 228
260, 261, 262
231, 263, 235
264, 265, 263
266, 258, 267
268, 263, 258
269, 259, 265
270, 99, 101
271, 102, 99
102, 272, 105
273, 267, 242
274, 275, 276
277, 278, 279
277, 280, 281
282, 283, 284
282, 277, 279
285, 286, 287
283, 274, 276
288, 274, 281
289, 281, 280
275, 280, 276
290, 291, 213
291, 292, 293
129, 294, 130
290, 178, 188
295, 296, 297
298, 299, 300
301, 302, 298
303, 304, 301
300, 301, 298
304, 305, 306
307, 308, 296
309, 304, 310
309, 311, 312
302, 313, 307
314, 315, 316
309, 316, 317
312, 315, 313
318, 319, 320
321, 322, 323
324, 325, 321
326, 327, 324
318, 328, 329
327, 322, 325
330, 331, 319
332, 324, 331
320, 333, 328
319, 334, 333
331, 321, 334
328, 335, 329
333, 336, 335
334, 323, 336
337, 338, 339
340, 341, 338
342, 339, 341
339, 338, 341
343, 344, 345
346, 347, 348
349, 345, 350
347, 345, 348
351, 349, 352
0, 9, 1
3, 353, 4
6, 25, 7
9, 354, 10
0, 2, 11
13, 0, 12
15, 355, 9
0, 13, 3
3, 5, 9
8, 356, 16
18, 17, 19
18, 6, 8
1, 357, 21
22, 6, 18
23, 18, 20
22, 358, 25
26, 358, 22
28, 29, 23
29, 27, 22
30, 46, 31
31, 46, 33
35, 42, 36
31, 34, 38
4, 124, 40
35, 34, 41
33, 41, 34
43, 34, 35
45, 47, 46
47, 52, 33
48, 54, 49
47, 359, 51
53, 49, 54
56, 67, 57
59, 70, 60
62, 66, 53
63, 59, 61
65, 360, 66
67, 63, 64
68, 360, 65
70, 88, 71
70, 72, 73
74, 83, 75
77, 80, 78
83, 74, 81
81, 86, 82
84, 85, 76
78, 74, 76
79, 78, 85
86, 80, 77
70, 59, 87
67, 56, 89
91, 361, 92
63, 95, 87
90, 98, 94
87, 97, 96
95, 94, 97
89, 362, 98
99, 103, 100
102, 363, 103
104, 363, 102
88, 96, 106
107, 122, 108
110, 118, 111
111, 120, 113
115, 364, 116
111, 114, 116
117, 365, 115
115, 114, 122
114, 113, 122
120, 111, 107
115, 122, 107
107, 111, 118
107, 109, 119
120, 119, 121
113, 121, 108
123, 40, 124
126, 125, 124
128, 366, 129
5, 40, 123
131, 144, 132
134, 137, 135
137, 139, 138
139, 367, 140
135, 138, 140
141, 367, 139
143, 145, 144
150, 144, 147
139, 137, 146
137, 149, 146
147, 144, 145
139, 146, 145
148, 152, 146
137, 144, 150
151, 153, 150
152, 151, 147
153, 148, 149
154, 167, 155
157, 160, 158
160, 162, 161
162, 368, 163
164, 156, 155
157, 368, 162
166, 168, 167
161, 163, 168
169, 154, 156
170, 166, 154
158, 161, 166
171, 169, 164
172, 170, 169
159, 158, 170
173, 185, 174
176, 369, 177
179, 190, 180
175, 174, 182
173, 187, 184
186, 370, 187
175, 371, 188
177, 186, 173
173, 175, 177
189, 372, 190
192, 373, 191
193, 191, 190
194, 374, 174
193, 179, 195
192, 193, 196
195, 179, 181
195, 198, 199
201, 197, 196
202, 196, 195
203, 207, 204
203, 215, 206
208, 375, 209
211, 215, 203
213, 291, 176
206, 215, 214
209, 375, 214
216, 376, 209
207, 218, 217
206, 377, 218
219, 224, 220
218, 377, 222
224, 219, 225
227, 239, 228
230, 243, 231
233, 226, 225
232, 231, 235
237, 233, 234
236, 235, 239
237, 238, 240
242, 267, 243
245, 244, 243
246, 378, 247
249, 252, 250
255, 247, 378
378, 253, 255
246, 248, 256
248, 247, 252
256, 252, 249
251, 250, 254
243, 267, 258
239, 265, 259
260, 379, 261
231, 258, 263
264, 269, 265
266, 268, 258
268, 264, 263
269, 380, 259
270, 271, 99
271, 381, 102
102, 381, 272
273, 266, 267
274, 382, 275
277, 285, 278
277, 284, 280
282, 383, 283
282, 284, 277
285, 283, 286
280, 284, 276
285, 277, 274
277, 281, 274
276, 284, 283
285, 274, 283
288, 382, 274
289, 288, 281
275, 289, 280
290, 384, 291
291, 384, 292
129, 385, 294
290, 213, 178
295, 307, 296
298, 302, 299
301, 304, 302
303, 386, 304
300, 303, 301
304, 386, 305
307, 310, 308
310, 307, 314
307, 313, 314
312, 302, 309
310, 314, 309
309, 302, 304
309, 317, 311
302, 312, 313
314, 313, 315
309, 314, 316
312, 311, 315
318, 330, 319
321, 325, 322
324, 327, 325
326, 387, 327
318, 320, 328
327, 387, 322
330, 332, 331
332, 326, 324
320, 319, 333
319, 331, 334
331, 324, 321
328, 333, 335
333, 334, 336
334, 321, 323
337, 340, 338
340, 342, 341
342, 337, 339
343, 388, 344
346, 389, 347
349, 343, 345
347, 350, 345
351, 343, 349
