# Project Zomboid Skinned Mesh
# File Version:
1.0
# Model Name:
Cube
# Vertex Stride Element Count:
3
# Vertex Stride Size (in bytes):
76
# Vertex Stride Data:
# (Int)    Offset
# (String) Type
0
VertexArray
12
NormalArray
24
TextureCoordArray
# Vertex Count:
250
# Vertex Buffer:
0.01140484, 0.18463944, -0.01304398
0.57734919, 0.57734919, 0.57734919
0.70650125, 0.80587131
-0.0, 0.18463944, -0.05018114
0.0, 0.70708334, -0.70708334
0.70650125, 0.68239683
-0.0, 0.18463944, -0.01304398
0.0, 0.70708334, 0.70708334
0.70650125, 0.82022876
0.01140484, 0.02692351, -0.02286244
0.90450758, -0.30149236, 0.30149236
0.31786621, 0.78167713
0.01140484, 0.10840039, -0.05505857
0.69176304, 0.05020295, -0.72035891
0.51863724, 0.70234102
0.01140484, 0.02692351, -0.01304398
0.57734919, -0.57734919, 0.57734919
0.31786615, 0.80587131
-0.0, 0.02692351, -0.02286244
0.0, -0.70708334, 0.70708334
0.31786615, 0.80290502
-0.0, 0.02692351, -0.01304398
0.0, -0.70708334, 0.70708334
0.31786615, 0.82022876
0.01140484, -0.04044677, -0.05018114
0.57734919, -0.57734919, -0.57734919
0.15185553, 0.71435982
-0.0, 0.00180213, -0.05018114
0.0, -0.06888027, -0.99761957
0.25596315, 0.67948383
0.01140484, 0.00180213, -0.05018114
0.72292244, -0.04757836, -0.68926054
0.25596315, 0.71435982
-0.0, -0.04044677, -0.02286244
0.0, -0.70708334, 0.70708334
0.15185553, 0.80290502
0.01140484, -0.04044677, -0.02286244
0.57734919, -0.57734919, 0.57734919
0.15185553, 0.78167713
0.00950276, 0.07142048, 0.05100492
0.57734919, 0.57734919, 0.57734919
0.42751312, 0.98031932
0.00950276, 0.04351215, 0.05100492
0.63652456, -0.26828822, 0.72304451
0.35874271, 0.98031932
0.00950276, 0.03383301, 0.04267436
0.6241951, -0.7101047, 0.32572407
0.33489197, 0.9597916
0.01140484, -0.16465348, 0.00488432
0.70473343, 0.70943326, -0.00546281
0.06849757, 0.48934382
0.01140484, -0.15697721, 0.0620932
0.58177435, 0.66621906, 0.46653646
0.08741307, 0.63031507
0.01140484, -0.16431248, 0.0636995
0.57881403, -0.43024996, 0.69267863
0.06933782, 0.6342732
0.00950279, 0.16338299, -0.05832913
0.63023776, -0.71727651, -0.29709768
0.65412253, 0.65521899
0.00950277, 0.16895805, -0.06390417
0.63023776, -0.29709768, -0.71727651
0.66786015, 0.64148128
0.00950277, 0.18055166, -0.05832913
0.63023776, 0.71727651, -0.29709768
0.69642854, 0.65521899
0.00575729, 0.13027687, -0.06491195
0.57734919, 0.57734919, -0.57734919
0.5725441, 0.63899788
0.00575729, 0.11665346, -0.05155323
0.70708334, -0.70708334, 0.0
0.53897411, 0.6719158
0.00575729, 0.11665346, -0.06491195
0.57734919, -0.57734919, -0.57734919
0.53897411, 0.63899788
0.0095028, -0.03893612, -0.05018114
0.70708334, -0.70708334, 0.0
0.15557803, 0.67529687
0.00950277, -0.03042419, -0.06734207
0.63023776, -0.29709768, -0.71727651
0.17655273, 0.63300985
0.0095028, -0.01272304, -0.05018114
0.70708334, 0.70708334, 0.0
0.22017087, 0.67529687
-0.0, 0.16338299, -0.05832913
0.0, -0.92385632, -0.38267159
0.65412253, 0.62892649
-0.0, 0.16895805, -0.06390417
0.0, -0.38267159, -0.92385632
0.66786015, 0.61434147
-0.0, 0.13027687, -0.06491195
0.0, 0.70708334, -0.70708334
0.5725441, 0.62587243
-0.0, 0.03383301, -0.01304398
0.0, -1.0, 0.0
0.308451, 0.82204652
0.00950276, 0.03383301, -0.01304398
0.70708334, -0.70708334, 0.0
0.33489197, 0.82249337
-0.0, 0.18055166, -0.05018114
0.0, 1.0, 0.0
0.69887882, 0.66509548
0.00950279, 0.18055166, -0.05018114
0.70708334, 0.70708334, 0.0
0.69642854, 0.67529687
-0.0, 0.11665346, -0.06491195
0.0, -0.70708334, -0.70708334
0.53897411, 0.62587243
-0.0, 0.04351215, 0.05100492
0.0, -0.34788048, 0.93752861
0.35874271, 0.99999905
0.00950277, -0.01272304, -0.05883013
0.63023776, 0.71727651, -0.29709768
0.22017087, 0.65398452
-0.0, -0.01272304, -0.05018114
0.0, 1.0, 0.0
0.22424413, 0.66680974
0.00950276, 0.07142048, -0.01304398
0.70708334, 0.70708334, 0.0
0.42751312, 0.82249337
-0.0, 0.07142048, 0.05100492
0.0, 0.70708334, 0.70708334
0.4494676, 0.99999905
0.00950277, -0.02123502, -0.06734207
0.63023776, 0.29709768, -0.71727651
0.1991962, 0.63300985
-0.0, -0.01272304, -0.05883013
0.0, 0.92385632, -0.38267159
0.22017087, 0.62962258
0.00950277, 0.17497657, -0.06390417
0.63023776, 0.29709768, -0.71727651
0.68269092, 0.64148128
-0.0, 0.18055166, -0.05832913
0.0, 0.92385632, -0.38267159
0.69642854, 0.62892649
-0.0, 0.13027687, -0.05155323
0.0, 0.99996948, 0.0
0.58200699, 0.66951579
0.00575729, 0.13027687, -0.05155323
0.70708334, 0.70708334, 0.0
0.5725441, 0.6719158
-0.0, -0.02123502, -0.06734207
0.0, 0.38267159, -0.92385632
0.1991962, 0.60621011
-0.0, -0.03893612, -0.05883013
0.0, -0.92385632, -0.38267159
0.15557803, 0.62962258
0.0095028, -0.03893612, -0.05883013
0.63023776, -0.71727651, -0.29709768
0.15557803, 0.65398452
-0.0, -0.03042419, -0.06734207
0.0, -0.38267159, -0.92385632
0.17655273, 0.60621011
0.00950279, 0.16338299, -0.05018114
0.70708334, -0.70708334, 0.0
0.65412253, 0.67529687
-0.0, 0.17497657, -0.06390417
0.0, 0.38267159, -0.92385632
0.68269092, 0.61434147
0.01140484, -0.16673142, -0.01060174
0.68727684, 0.15933713, -0.70867032
0.06337723, 0.45118386
0.00689469, -0.04044677, -0.04512422
-0.71645254, -0.18393506, -0.67293316
0.37456137, 0.36611539
0.01140484, -0.04044677, -0.04512422
0.63872188, -0.20288706, -0.74217963
0.3745614, 0.36611539
-0.0, -0.15697721, 0.0620932
0.0, 0.81911677, 0.5735954
0.09153838, 0.63244992
-0.0, -0.1817542, -0.00649494
0.0, -0.86269724, -0.50569171
0.02266927, 0.45912057
0.01140484, -0.1817542, -0.00649494
0.57856989, -0.70363474, -0.41245764
0.02635883, 0.46130359
-0.0, -0.16673142, -0.01060174
0.0, 0.55241555, -0.83355206
0.06567346, 0.4454177
-0.0, -0.16465348, 0.00488432
0.0, 0.99108857, -0.13296914
0.07271411, 0.48905957
-0.0, -0.16431248, 0.0636995
0.0, -0.5276345, 0.8494522
0.06680073, 0.64194244
0.01140484, -0.04044677, -0.02743046
0.14639729, 0.25995666, 0.95443588
0.3745614, 0.40971535
0.00689469, -0.16673142, -0.01060174
-0.82934052, -0.14993744, -0.53822446
0.06337723, 0.45118386
0.00954144, 0.19828577, -0.03680336
0.71727651, 0.63023776, -0.29709768
0.74898666, 0.7473242
0.00395219, 0.18463944, -0.04239262
0.38267159, 0.0, -0.92385632
0.71536005, 0.73355138
0.00395219, 0.19828577, -0.04239262
0.29709768, 0.63023776, -0.71727651
0.74898666, 0.73355138
0.00486357, 0.23639946, -0.03486574
0.71727651, 0.63023776, -0.29709768
0.84290451, 0.7520988
0.00486357, 0.19828577, -0.03083661
0.54911953, 0.80416274, 0.22745445
0.74898666, 0.76202719
0.00486357, 0.19828577, -0.03486574
0.54911953, 0.80416274, -0.22745445
0.74898666, 0.7520988
0.00954144, 0.19828577, -0.02889897
0.71727651, 0.63023776, 0.29709768
0.74898666, 0.76680177
0.00954144, 0.18463944, -0.03680336
0.92385632, 0.0, -0.38267159
0.71536005, 0.7473242
0.00486357, 0.23639946, -0.03083661
0.71727651, 0.63023776, 0.29709768
0.84290451, 0.76202719
0.00201456, 0.19828577, -0.02798759
0.22745445, 0.80416274, 0.54911953
0.74898666, 0.77276884
0.00395219, 0.19828577, -0.02330972
0.29709768, 0.63023776, 0.71727651
0.74898666, 0.7805745
0.00954144, 0.18463944, -0.02889897
0.92385632, 0.0, 0.38267159
0.71536005, 0.76680177
-0.0, 0.19828577, -0.02330972
0.0, 0.70708334, 0.70708334
0.74898666, 0.78641574
0.00395219, 0.18463944, -0.02330972
0.38267159, 0.0, 0.92385632
0.71536005, 0.7805745
-0.0, 0.23639946, -0.02798759
0.0, 0.70708334, 0.70708334
0.87002581, 0.76904753
0.00486357, 0.23639946, -0.03083661
0.71727651, 0.63023776, 0.29709768
0.88201028, 0.7620272
0.00486357, 0.23639946, -0.03486574
0.71727651, 0.63023776, -0.29709768
0.88201028, 0.7520988
-0.0, 0.19828577, -0.04239262
0.0, 0.70708334, -0.70708334
0.74898666, 0.72728571
0.00201456, 0.19828577, -0.03771476
0.22745445, 0.80416274, -0.54911953
0.74898666, 0.74122709
-0.0, 0.23639946, -0.03771476
0.0, 0.70708334, -0.70708334
0.84290451, 0.736889
-0.0, 0.19828577, -0.03771476
0.0, 0.70708334, -0.70708334
0.74898666, 0.736889
0.00201456, 0.23639946, -0.03771476
0.29709768, 0.63023776, -0.71727651
0.84290451, 0.74122709
-0.0, 0.03383301, 0.04267436
0.0, -0.90893275, 0.41691336
0.308451, 0.9597916
0.00201456, 0.23639946, -0.02798759
0.29709768, 0.63023776, 0.71727651
0.84290451, 0.77276884
-0.0, 0.19828577, -0.02798759
0.0, 0.70708334, 0.70708334
0.74898666, 0.77709602
-0.0, 0.18463944, -0.04239262
0.0, 0.0, -1.0
0.71536005, 0.72728571
0.0054871, 0.10482211, 0.00549604
0.62947476, 0.71645254, 0.30063784
0.53303856, 0.86817867
0.0054871, 0.09756424, 0.01262175
0.6310007, 0.29355755, 0.71803951
0.51515412, 0.88573748
0.0054871, 0.09676819, 0.00993497
0.80416274, -0.22745445, -0.54911953
0.51319277, 0.87911683
0.0054871, 0.08236809, 0.01262175
0.65736872, -0.17886898, 0.73201698
0.47770879, 0.88573748
-0.0, 0.07142048, 0.00693193
0.0, -0.46113467, 0.88729513
0.4507322, 0.88620198
0.0054871, 0.07142048, 0.00693193
0.79375589, -0.2804651, 0.53965878
0.4507322, 0.87171686
0.0054871, 0.10209279, -0.01304398
0.70708334, -0.70708334, 0.0
0.52631342, 0.82249337
-0.0, 0.10209279, 0.00461038
0.0, -0.92385632, -0.38267159
0.51587319, 0.86120367
-0.0, 0.10209279, -0.01304398
0.0, -1.0, 0.0
0.51556778, 0.82280654
0.0054871, 0.07142048, 0.00380956
0.56245613, 0.39796138, -0.72472304
0.4507322, 0.86402291
-0.0, 0.08257489, 0.00993497
0.0, 0.24845119, -0.96862698
0.48166749, 0.86723691
0.00548711, 0.08257489, 0.00993497
0.76751, 0.15924558, -0.62089908
0.47821841, 0.87911683
-0.0, 0.09756424, 0.01262175
0.0, 0.37842953, 0.9256264
0.52184772, 0.89885622
-0.0, 0.09676819, 0.00993497
0.0, -0.38267159, -0.92385632
0.5092231, 0.86912996
-0.0, 0.08236809, 0.01262175
0.0, -0.23734245, 0.97140414
0.47770879, 0.90079719
0.0054871, 0.10482211, -0.01304398
0.70708334, 0.70708334, 0.0
0.53303856, 0.82249337
-0.0, 0.10482211, 0.00549604
0.0, 0.92208624, 0.38691366
0.54555756, 0.87419182
0.00548711, 0.10209279, 0.00461038
0.80416274, -0.54911953, -0.22745445
0.52631342, 0.86599624
0.00882273, 0.06933348, 0.05100492
0.70708334, 0.70708334, 0.0
0.95315754, 0.79379536
0.00882273, 0.04615745, 0.08539903
0.57734919, -0.57734919, 0.57734919
0.89604831, 0.87854752
0.00882273, 0.04615745, 0.05100492
0.70708334, -0.70708334, 0.0
0.89604831, 0.79379536
-0.0, 0.04615745, 0.05100492
0.0, -1.0, 0.0
0.87871659, 0.79379536
-0.0, 0.06933348, 0.08539903
0.0, 0.70708334, 0.70708334
0.97123253, 0.87854752
0.00882273, 0.06933348, 0.08539903
0.57734919, 0.57734919, 0.57734919
0.95315754, 0.87854752
-0.0, 0.04615745, 0.08539903
0.0, -0.70708334, 0.70708334
0.87871659, 0.87854752
-0.0, 0.1432033, -0.05018114
0.0, 0.06955168, -0.99755853
0.6043967, 0.68070787
0.01140484, 0.1432033, -0.05018114
0.72307503, 0.04803614, -0.68904692
0.6043967, 0.71435982
-0.0, 0.0369492, -0.05505857
0.0, -0.06888027, -0.99761957
0.34257072, 0.67427045
0.01140484, 0.0369492, -0.05505857
0.69191563, -0.04971465, -0.72023684
0.34257072, 0.70234102
0.01140484, 0.18463944, -0.05018114
0.57734919, 0.57734919, -0.57734919
0.70650125, 0.71435982
-0.0, 0.10840039, -0.05505857
0.0, 0.06955168, -0.99755853
0.51863724, 0.67411274
-0.01140484, 0.18463944, -0.01304398
-0.57734919, 0.57734919, 0.57734919
0.70650125, 0.80587131
-0.01140484, 0.0369492, -0.05505857
-0.69191563, -0.04971465, -0.72023684
0.34257072, 0.29765916
-0.01140484, 0.00180213, -0.05018114
-0.72292244, -0.04757836, -0.68926054
0.25596315, 0.28564036
-0.01140484, 0.02692351, -0.02286244
-0.90450758, -0.30149236, 0.30149236
0.31786621, 0.21832305
-0.01140484, 0.02692351, -0.01304398
-0.57734919, -0.57734919, 0.57734919
0.31786615, 0.19412887
-0.0, 0.02692351, -0.02286244
0.0, -0.70708334, 0.70708334
0.31786615, 0.19709516
-0.0, 0.02692351, -0.01304398
0.0, -0.70708334, 0.70708334
0.31786615, 0.17977142
-0.0, 0.00180213, -0.05018114
0.0, -0.06888027, -0.99761957
0.25596315, 0.32051635
-0.01140484, -0.04044677, -0.05018114
-0.57734919, -0.57734919, -0.57734919
0.15185553, 0.28564036
-0.01140484, -0.04044677, -0.05018114
-0.57734919, -0.57734919, -0.57734919
0.15185553, 0.71435982
-0.01140484, -0.04044677, -0.02286244
-0.57734919, -0.57734919, 0.57734919
0.15185553, 0.78167713
-0.01140484, 0.18463944, -0.01304398
-0.57734919, 0.57734919, 0.57734919
0.70650125, 0.19412887
-0.0, 0.18463944, -0.01304398
0.0, 0.70708334, 0.70708334
0.70650125, 0.17977142
-0.01140484, -0.04044677, -0.02286244
-0.57734919, -0.57734919, 0.57734919
0.15185553, 0.21832305
-0.00950276, 0.03383301, 0.04267436
-0.6241951, -0.7101047, 0.32572407
0.33489197, 0.04020858
-0.00950276, 0.07142048, 0.05100492
-0.57734919, 0.57734919, 0.57734919
0.42751312, 0.01968086
-0.00950276, 0.07142048, -0.01304398
-0.70708334, 0.70708334, 0.0
0.42751312, 0.1775068
-0.01140484, -0.16431248, 0.0636995
-0.57881403, -0.43024996, 0.69267863
0.06933782, 0.6342732
-0.01140484, -0.16465348, 0.00488432
-0.70473343, 0.70943326, -0.00546281
0.06849757, 0.48934382
-0.01140484, -0.1817542, -0.00649494
-0.57856989, -0.70363474, -0.41245764
0.02635883, 0.46130359
-0.00950277, 0.18055166, -0.05832913
-0.63023776, 0.71727651, -0.29709768
0.69642854, 0.65521899
-0.00950279, 0.16338299, -0.05832913
-0.63023776, -0.71727651, -0.29709768
0.65412253, 0.65521899
-0.00950279, 0.16338299, -0.05018114
-0.70708334, -0.70708334, 0.0
0.65412253, 0.67529687
-0.00575729, 0.11665346, -0.05155323
-0.70708334, -0.70708334, 0.0
0.53897411, 0.6719158
-0.00575729, 0.13027687, -0.06491195
-0.57734919, 0.57734919, -0.57734919
0.5725441, 0.63899788
-0.00575729, 0.11665346, -0.06491195
-0.57734919, -0.57734919, -0.57734919
0.53897411, 0.63899788
-0.00950277, -0.02123502, -0.06734207
-0.63023776, 0.29709768, -0.71727651
0.1991962, 0.63300985
-0.00950277, -0.03042419, -0.06734207
-0.63023776, -0.29709768, -0.71727651
0.17655273, 0.63300985
-0.0095028, -0.01272304, -0.05018114
-0.70708334, 0.70708334, 0.0
0.22017087, 0.67529687
-0.00950277, 0.16895805, -0.06390417
-0.63023776, -0.29709768, -0.71727651
0.66786015, 0.64148128
-0.0, 0.03383301, -0.01304398
0.0, -1.0, 0.0
0.308451, 0.17795366
-0.00950276, 0.03383301, -0.01304398
-0.70708334, -0.70708334, 0.0
0.33489197, 0.1775068
-0.00950279, 0.18055166, -0.05018114
-0.70708334, 0.70708334, 0.0
0.69642854, 0.67529687
-0.0, 0.04351215, 0.05100492
0.0, -0.34788048, 0.93752861
0.35874271, 1.01e-06
-0.00950276, 0.04351215, 0.05100492
-0.63652456, -0.26828822, 0.72304451
0.35874271, 0.01968086
-0.00950277, -0.01272304, -0.05883013
-0.63023776, 0.71727651, -0.29709768
0.22017087, 0.65398452
-0.0, 0.07142048, 0.05100492
0.0, 0.70708334, 0.70708334
0.4494676, 1.01e-06
-0.00950277, 0.17497657, -0.06390417
-0.63023776, 0.29709768, -0.71727651
0.68269092, 0.64148128
-0.00575729, 0.13027687, -0.05155323
-0.70708334, 0.70708334, 0.0
0.5725441, 0.6719158
-0.0095028, -0.03893612, -0.05018114
-0.70708334, -0.70708334, 0.0
0.15557803, 0.67529687
-0.0095028, -0.03893612, -0.05883013
-0.63023776, -0.71727651, -0.29709768
0.15557803, 0.65398452
-0.00689469, -0.04044677, -0.04512422
0.71645254, -0.18393506, -0.67293316
0.37456137, 0.36611539
-0.01140484, -0.16673142, -0.01060174
-0.68727684, 0.15933713, -0.70867032
0.06337723, 0.45118386
-0.01140484, -0.04044677, -0.04512422
-0.63872188, -0.20288706, -0.74217963
0.3745614, 0.36611539
-0.01140484, -0.15697721, 0.0620932
-0.58177435, 0.66621906, 0.46653646
0.08741307, 0.63031507
-0.00689469, -0.16673142, -0.01060174
0.82934052, -0.14993744, -0.53822446
0.06337723, 0.45118386
-0.01140484, -0.04044677, -0.02743046
-0.14639729, 0.25995666, 0.95443588
0.3745614, 0.40971535
-0.01140484, -0.15977481, 0.04124369
-0.54325998, -0.14932707, 0.82616657
0.08051933, 0.57893872
-0.01140484, -0.14589383, 0.01528651
-0.74495679, 0.53028965, 0.40467542
0.11472417, 0.51497638
-0.01140481, -0.15276907, 0.01251318
-0.96813869, 0.06344798, -0.24213386
0.09778254, 0.50814247
-0.00395219, 0.18463944, -0.04239262
-0.38267159, 0.0, -0.92385632
0.71536005, 0.73355138
-0.00954144, 0.19828577, -0.03680336
-0.71727651, 0.63023776, -0.29709768
0.74898666, 0.7473242
-0.00395219, 0.19828577, -0.04239262
-0.29709768, 0.63023776, -0.71727651
0.74898666, 0.73355138
-0.00486357, 0.19828577, -0.03083661
-0.54911953, 0.80416274, 0.22745445
0.74898666, 0.76202719
-0.00486357, 0.23639946, -0.03486574
-0.71727651, 0.63023776, -0.29709768
0.84290451, 0.7520988
-0.00486357, 0.19828577, -0.03486574
-0.54911953, 0.80416274, -0.22745445
0.74898666, 0.7520988
-0.00954144, 0.18463944, -0.03680336
-0.92385632, 0.0, -0.38267159
0.71536005, 0.7473242
-0.00954144, 0.19828577, -0.02889897
-0.71727651, 0.63023776, 0.29709768
0.74898666, 0.76680177
-0.00201456, 0.19828577, -0.02798759
-0.22745445, 0.80416274, 0.54911953
0.74898666, 0.77276884
-0.00486357, 0.23639946, -0.03083661
-0.71727651, 0.63023776, 0.29709768
0.84290451, 0.76202719
-0.00954144, 0.18463944, -0.02889897
-0.92385632, 0.0, 0.38267159
0.71536005, 0.76680177
-0.00395219, 0.19828577, -0.02330972
-0.29709768, 0.63023776, 0.71727651
0.74898666, 0.7805745
-0.00395219, 0.18463944, -0.02330972
-0.38267159, 0.0, 0.92385632
0.71536005, 0.7805745
-0.00486357, 0.23639946, -0.03486574
-0.71727651, 0.63023776, -0.29709768
0.85804123, 0.7520988
-0.0, 0.23639946, -0.03771476
0.0, 0.70708334, -0.70708334
0.87002581, 0.74507838
-0.00201456, 0.19828577, -0.03771476
-0.22745445, 0.80416274, -0.54911953
0.74898666, 0.74122709
-0.00201456, 0.23639946, -0.03771476
-0.29709768, 0.63023776, -0.71727651
0.84290451, 0.74122709
-0.0, 0.03383301, 0.04267436
0.0, -0.90893275, 0.41691336
0.308451, 0.04020858
-0.00201456, 0.23639946, -0.02798759
-0.29709768, 0.63023776, 0.71727651
0.84290451, 0.77276884
-0.0054871, 0.09676819, 0.00993497
-0.80416274, -0.22745445, -0.54911953
0.51319277, 0.12088335
-0.0054871, 0.08236809, 0.01262175
-0.65736872, -0.17886898, 0.73201698
0.47770879, 0.1142627
-0.0054871, 0.09756424, 0.01262175
-0.6310007, 0.29355755, 0.71803951
0.51515412, 0.1142627
-0.0, 0.07142048, 0.00693193
0.0, -0.46113467, 0.88729513
0.4507322, 0.1137982
-0.0054871, 0.07142048, 0.00693193
-0.79375589, -0.2804651, 0.53965878
0.4507322, 0.12828332
-0.0054871, 0.10209279, -0.01304398
-0.70708334, -0.70708334, 0.0
0.52631342, 0.1775068
-0.0, 0.10209279, 0.00461038
0.0, -0.92385632, -0.38267159
0.51587319, 0.13879651
-0.00548711, 0.10209279, 0.00461038
-0.80416274, -0.54911953, -0.22745445
0.52631342, 0.13400394
-0.0, 0.08257489, 0.00993497
0.0, 0.24845119, -0.96862698
0.48166749, 0.13276327
-0.0054871, 0.07142048, 0.00380956
-0.56245613, 0.39796138, -0.72472304
0.4507322, 0.13597727
-0.00548711, 0.08257489, 0.00993497
-0.76751, 0.15924558, -0.62089908
0.47821841, 0.12088335
-0.0, 0.09756424, 0.01262175
0.0, 0.37842953, 0.9256264
0.52184772, 0.10114396
-0.0054871, 0.10482211, 0.00549604
-0.62947476, 0.71645254, 0.30063784
0.53303856, 0.13182151
-0.0, 0.08236809, 0.01262175
0.0, -0.23734245, 0.97140414
0.47770879, 0.09920299
-0.0, 0.10482211, 0.00549604
0.0, 0.92208624, 0.38691366
0.54555756, 0.12580836
-0.0054871, 0.10482211, -0.01304398
-0.70708334, 0.70708334, 0.0
0.53303856, 0.1775068
-0.00882273, 0.04615745, 0.08539903
-0.57734919, -0.57734919, 0.57734919
0.89604831, 0.87854752
-0.00882273, 0.06933348, 0.05100492
-0.70708334, 0.70708334, 0.0
0.95315754, 0.79379536
-0.00882273, 0.04615745, 0.05100492
-0.70708334, -0.70708334, 0.0
0.89604831, 0.79379536
-0.00882273, 0.06933348, 0.08539903
-0.57734919, 0.57734919, 0.57734919
0.95315754, 0.87854752
-0.00943821, -0.15276907, 0.01251318
0.96813869, 0.06344798, -0.24213386
0.09778254, 0.50814247
-0.00943825, -0.14589383, 0.01528651
0.74495679, 0.53028965, 0.40470594
0.11472417, 0.51497638
-0.00943824, -0.15977481, 0.04124369
0.54325998, -0.14932707, 0.82616657
0.08051933, 0.57893872
-0.00943825, -0.16465348, 0.00488432
0.58397168, -0.67384869, -0.45258948
0.06849757, 0.48934382
-0.00943825, -0.14077656, -0.00132773
0.64601582, -0.40263069, -0.64845729
0.12733388, 0.4740364
-0.01140484, -0.14077656, -0.00132773
-0.64601582, -0.40263069, -0.64845729
0.12733388, 0.4740364
-0.00943825, -0.12363794, -0.00578667
0.54106265, 0.73543507, -0.40781885
0.16956598, 0.46304893
-0.01140484, -0.12363794, -0.00578667
-0.54106265, 0.73543507, -0.40781885
0.16956598, 0.46304893
-0.00943825, -0.15484594, 0.0023327
0.57457197, 0.4329966, -0.69447923
0.09266479, 0.48305625
-0.01140484, -0.15484594, 0.0023327
-0.57457197, 0.4329966, -0.69447923
0.09266479, 0.48305625
-0.0, 0.1432033, -0.05018114
0.0, 0.06955168, -0.99755853
0.6043967, 0.31929231
-0.01140484, 0.10840039, -0.05505857
-0.69176304, 0.05020295, -0.72035891
0.51863724, 0.29765916
-0.01140484, 0.1432033, -0.05018114
-0.72307503, 0.04803614, -0.68904692
0.6043967, 0.28564036
-0.0, 0.0369492, -0.05505857
0.0, -0.06888027, -0.99761957
0.34257072, 0.32572973
-0.0, 0.18463944, -0.05018114
0.0, 0.70708334, -0.70708334
0.70650125, 0.31760335
-0.01140484, 0.18463944, -0.05018114
-0.57734919, 0.57734919, -0.57734919
0.70650125, 0.28564036
-0.0, 0.10840039, -0.05505857
0.0, 0.06955168, -0.99755853
0.51863724, 0.32588744
-0.0, -0.04044677, -0.05018114
0.0, -0.70708334, -0.70708334
0.15185553, 0.69176722
-0.0, 0.11665346, -0.05155323
0.0, -1.0, 0.0
0.52915609, 0.66951579
-0.0, 0.07142048, -0.01304398
0.0, 1.0, 0.0
0.4494676, 0.82249337
-0.0, -0.03893612, -0.05018114
0.0, -1.0, 0.0
0.15138988, 0.66680974
-0.0, 0.16338299, -0.05018114
0.0, -1.0, 0.0
0.65128297, 0.66509548
-0.0, 0.18463944, -0.02330972
0.0, 0.0, 1.0
0.71536005, 0.78641574
0.00201456, 0.23639946, -0.03771476
0.29709768, 0.63023776, -0.71727651
0.87498993, 0.74507838
0.00201456, 0.23639946, -0.02798759
0.29709768, 0.63023776, 0.71727651
0.87498993, 0.76904753
-0.0, 0.23639946, -0.02798759
0.0, 0.70708334, 0.70708334
0.84290451, 0.77709602
-0.0, 0.07142048, 0.00380956
0.0, 0.48133793, -0.87652212
0.45675066, 0.85327905
-0.0, 0.10482211, -0.01304398
0.0, 1.0, 0.0
0.54811531, 0.82325035
-0.0, 0.06933348, 0.05100492
0.0, 1.0, 0.0
0.97123253, 0.79379536
-0.01140484, 0.18463944, -0.05018114
-0.57734919, 0.57734919, -0.57734919
0.70650125, 0.71435982
-0.0, -0.04044677, -0.05018114
0.0, -0.70708334, -0.70708334
0.15185553, 0.30823296
-0.0, -0.04044677, -0.02286244
0.0, -0.70708334, 0.70708334
0.15185553, 0.19709516
-0.0, 0.07142048, -0.01304398
0.0, 1.0, 0.0
0.4494676, 0.1775068
-0.00201456, 0.23639946, -0.03771476
-0.29709768, 0.63023776, -0.71727651
0.86506158, 0.74507838
-0.00486357, 0.23639946, -0.03083661
-0.71727651, 0.63023776, 0.29709768
0.85804123, 0.7620272
-0.00201456, 0.23639946, -0.02798759
-0.29709768, 0.63023776, 0.71727651
0.86506158, 0.76904753
-0.0, 0.10209279, -0.01304398
0.0, -1.0, 0.0
0.51556778, 0.17719364
-0.0, 0.07142048, 0.00380956
0.0, 0.48133793, -0.87652212
0.45675066, 0.14672112
-0.0, 0.09676819, 0.00993497
0.0, -0.38267159, -0.92385632
0.5092231, 0.13087022
-0.0, 0.10482211, -0.01304398
0.0, 1.0, 0.0
0.54811531, 0.17674983
# Number of Faces:
344
# Face Data:
0, 1, 2
3, 4, 5
6, 5, 7
8, 9, 10
11, 8, 12
7, 0, 2
6, 12, 3
13, 14, 15
16, 17, 18
19, 20, 21
22, 23, 24
25, 26, 27
20, 28, 29
24, 30, 22
15, 31, 32
21, 33, 34
23, 35, 24
13, 36, 14
37, 38, 27
39, 40, 13
41, 42, 37
43, 44, 21
22, 45, 46
26, 47, 41
25, 48, 49
26, 48, 50
51, 28, 19
20, 52, 43
53, 54, 55
56, 18, 17
57, 53, 58
59, 16, 53
60, 17, 16
61, 58, 18
62, 63, 16
62, 53, 55
64, 65, 66
67, 68, 69
70, 71, 64
72, 73, 68
74, 75, 70
76, 77, 74
78, 79, 80
81, 82, 66
83, 82, 84
85, 69, 82
66, 69, 64
64, 68, 70
14, 86, 15
73, 76, 74
87, 88, 73
66, 89, 81
70, 73, 74
90, 91, 92
93, 94, 95
96, 97, 98
99, 100, 101
90, 102, 91
92, 100, 103
91, 104, 93
105, 106, 90
92, 97, 107
108, 109, 110
109, 111, 110
108, 112, 113
113, 114, 109
4, 115, 116
10, 117, 118
116, 1, 119
118, 120, 4
1, 121, 2
122, 123, 124
125, 126, 127
128, 129, 123
130, 11, 131
132, 127, 133
134, 126, 124
135, 136, 137
138, 139, 140
141, 142, 143
144, 145, 146
147, 148, 149
150, 28, 142
30, 146, 145
151, 135, 152
33, 141, 153
35, 144, 146
154, 136, 155
38, 156, 149
157, 137, 136
42, 147, 156
44, 158, 141
45, 145, 159
47, 148, 147
48, 160, 161
148, 48, 161
28, 143, 142
52, 150, 158
162, 163, 164
138, 56, 165
163, 57, 140
139, 59, 163
165, 60, 139
140, 61, 138
166, 167, 139
167, 163, 139
168, 169, 170
171, 172, 173
174, 175, 176
177, 178, 172
179, 180, 174
181, 182, 178
183, 76, 182
184, 78, 185
81, 186, 84
186, 83, 84
176, 187, 186
173, 176, 186
172, 174, 176
188, 155, 135
76, 179, 182
88, 189, 179
89, 173, 81
178, 179, 174
190, 191, 192
193, 191, 194
195, 196, 197
198, 199, 200
201, 202, 192
190, 198, 200
203, 192, 191
204, 205, 202
196, 190, 197
206, 207, 208
111, 206, 208
112, 207, 209
114, 209, 206
210, 211, 212
213, 168, 139
214, 170, 215
216, 215, 217
212, 169, 168
218, 139, 219
170, 218, 219
211, 217, 169
220, 221, 222
223, 123, 122
224, 222, 225
226, 122, 221
0, 119, 1
119, 0, 116
3, 12, 10
0, 4, 116
118, 4, 3
0, 5, 4
12, 8, 10
10, 118, 3
6, 3, 5
8, 227, 9
11, 227, 8
7, 5, 0
6, 11, 12
15, 32, 39
39, 13, 15
18, 58, 16
53, 16, 58
21, 34, 51
51, 19, 21
20, 43, 21
22, 46, 23
37, 27, 41
25, 49, 26
26, 41, 27
20, 19, 28
24, 35, 30
15, 86, 31
21, 44, 33
23, 228, 35
13, 40, 36
37, 42, 38
39, 229, 40
41, 47, 42
43, 52, 44
22, 30, 45
26, 50, 47
25, 230, 48
26, 49, 48
51, 231, 28
20, 29, 52
53, 63, 54
56, 61, 18
57, 59, 53
59, 60, 16
60, 56, 17
61, 57, 58
62, 54, 63
62, 16, 53
64, 71, 65
67, 72, 68
70, 75, 71
72, 87, 73
74, 77, 75
76, 232, 77
80, 233, 185
185, 78, 80
234, 79, 78
81, 84, 82
83, 85, 82
85, 67, 69
66, 82, 69
64, 69, 68
14, 36, 86
73, 88, 76
87, 235, 88
66, 65, 89
70, 68, 73
107, 96, 105
93, 95, 101
95, 99, 101
107, 105, 90
93, 101, 92
92, 107, 90
91, 93, 92
93, 104, 94
96, 107, 97
99, 236, 100
90, 106, 102
92, 101, 100
91, 102, 104
105, 237, 106
92, 103, 97
108, 113, 109
109, 114, 111
108, 238, 112
113, 112, 114
4, 120, 115
10, 9, 117
116, 115, 1
118, 117, 120
1, 239, 121
125, 132, 221
222, 221, 132
132, 225, 222
129, 134, 123
124, 125, 221
221, 122, 124
123, 134, 124
125, 124, 126
128, 240, 129
130, 227, 11
132, 125, 127
134, 241, 126
137, 152, 135
135, 155, 136
163, 140, 139
138, 165, 139
143, 153, 141
141, 158, 150
150, 142, 141
144, 159, 145
160, 149, 148
156, 147, 149
148, 161, 160
150, 29, 28
30, 35, 146
151, 188, 135
33, 44, 141
35, 228, 144
154, 157, 136
38, 42, 156
157, 242, 137
42, 47, 147
44, 52, 158
45, 30, 145
47, 50, 148
48, 230, 160
148, 50, 48
28, 231, 143
52, 29, 150
162, 166, 163
138, 61, 56
163, 59, 57
139, 60, 59
165, 56, 60
140, 57, 61
166, 162, 167
167, 164, 163
219, 139, 170
169, 217, 215
170, 139, 168
169, 215, 170
171, 177, 172
174, 180, 175
177, 181, 178
179, 189, 180
181, 183, 182
183, 232, 76
185, 243, 184
184, 244, 78
245, 78, 244
81, 173, 186
186, 187, 83
176, 175, 187
173, 172, 176
172, 178, 174
188, 154, 155
76, 88, 179
88, 235, 189
89, 171, 173
178, 182, 179
205, 195, 197
202, 205, 197
199, 194, 200
200, 194, 191
192, 202, 190
190, 200, 191
202, 197, 190
193, 203, 191
195, 246, 196
198, 247, 199
201, 204, 202
190, 248, 198
203, 201, 192
204, 249, 205
196, 248, 190
206, 209, 207
111, 114, 206
112, 238, 207
114, 112, 209
212, 213, 210
210, 214, 211
213, 218, 210
214, 216, 211
213, 212, 168
214, 210, 170
216, 214, 215
212, 211, 169
218, 213, 139
170, 210, 218
211, 216, 217
220, 226, 221
223, 128, 123
224, 220, 222
226, 223, 122
