# Project Zomboid Skinned Mesh
# File Version:
1.0
# Model Name:
Cube
# Vertex Stride Element Count:
3
# Vertex Stride Size (in bytes):
76
# Vertex Stride Data:
# (Int)    Offset
# (String) Type
0
VertexArray
12
NormalArray
24
TextureCoordArray
# Vertex Count:
143
# Vertex Buffer:
0.00126454, 0.02097767, -0.02990242
0.0, -0.8665731, 0.49900815
0.7675578, 0.13695657
0.00252909, 0.02097767, -0.03502008
0.56996369, -0.53654593, -0.62227243
0.77384055, 0.11192662
0.00252909, 0.02097767, -0.02990242
0.61015654, -0.68657494, 0.39533678
0.77384055, 0.13535279
0.00252909, 0.02466875, -0.03447093
0.73809016, 0.09927671, -0.66731775
0.79073662, 0.11444038
-0.0, 0.02466875, -0.03447093
0.0, 0.14712973, -0.98910487
0.78890699, 0.0956381
-0.00126454, 0.02097767, -0.02990242
0.0, -0.8665731, 0.49900815
0.76755774, 0.13695663
-0.00252909, 0.02466875, -0.02776011
-0.55384994, -0.41792047, 0.72008425
0.79073662, 0.14515924
-0.00252909, 0.02097767, -0.02990242
-0.61015654, -0.68657494, 0.39533678
0.77384055, 0.13535279
-0.00252909, 0.02466875, -0.03447093
-0.73809016, 0.09927671, -0.66731775
0.79073662, 0.11444038
-0.00252909, 0.02097767, -0.03502008
-0.56996369, -0.53654593, -0.62227243
0.77384055, 0.11192662
-0.0, 0.02097767, -0.02990242
0.0, -0.8665731, 0.49900815
0.76062572, 0.13950109
-0.0, 0.02097767, -0.03502008
0.0, -0.65300453, -0.75734735
0.76312011, 0.10311854
-0.0, 0.02466875, -0.02776011
0.0, -0.50196844, 0.86486405
0.78060418, 0.15766102
0.00697823, 0.1022439, -0.02196702
0.99902338, 0.0, -0.04376354
0.39951235, 0.333942
0.00578056, 0.1246675, -0.03560996
0.5492416, 0.58207953, -0.59956664
0.50215697, 0.39639318
0.00697823, 0.1246675, -0.02196702
0.71599478, 0.69737846, -0.03134251
0.50215697, 0.33394223
0.00578056, 0.1246675, -0.03560996
0.5492416, 0.58207953, -0.59956664
0.6629045, 0.60361183
-0.0, 0.1246675, -0.02196702
0.0, 1.0, 0.0
0.63644385, 0.66606274
0.00697823, 0.1246675, -0.02196702
0.71599478, 0.69737846, -0.03134251
0.66838682, 0.66606274
-0.0, 0.02466875, -0.02196702
0.0, -1.0, 0.0
0.01242835, 0.33394223
0.00578055, 0.02466875, -0.03560996
0.5492416, -0.58207953, -0.59956664
0.04440969, 0.39639318
0.00697823, 0.02466875, -0.02196702
0.71599478, -0.69737846, -0.03134251
0.04440969, 0.33394223
-0.0, 0.10224392, -0.03560996
0.0, 0.0, -1.0
0.39995739, 0.42066878
-0.0, 0.1246675, -0.03560996
0.0, 0.70708334, -0.70708334
0.5011369, 0.42066878
0.00310626, 0.09147424, 0.00333563
0.86001158, -0.30506301, -0.40897855
0.35021389, 0.21811843
-0.0, 0.09668165, -0.01216004
0.0, -0.81194496, 0.58369702
0.36386392, 0.292373
0.00310626, 0.09668165, -0.01216004
0.59633166, -0.46855068, -0.65175331
0.37405092, 0.28905058
-0.0, 0.1246675, -0.01216004
0.0, 0.70708334, 0.70708334
0.50195575, 0.25711048
0.00697823, 0.10224389, -0.01216004
0.70708334, 0.0, 0.70708334
0.39951229, 0.28905058
0.00697823, 0.1246675, -0.01216004
0.57734919, 0.57734919, 0.57734919
0.50215697, 0.28905058
-0.0, 0.09668165, -0.01216004
0.0, -0.81194496, 0.58369702
0.37462631, 0.26227725
0.00697823, 0.07010612, -0.01216004
0.85854673, 0.28952909, 0.42310861
0.25240064, 0.28905058
0.00697823, 0.09668165, -0.01216004
0.70708334, 0.0, 0.70708334
0.37405095, 0.28905058
0.00310626, 0.10224389, -0.01216004
0.21250038, 0.25998718, 0.94192326
0.39951229, 0.28905058
-0.0, 0.09497035, 0.00620702
0.0, 0.57551807, 0.817774
0.3742874, 0.19379008
0.00310627, 0.09497035, 0.00620702
0.6020081, 0.45951721, 0.65297401
0.3662174, 0.20497465
0.00011943, 0.07382769, 0.00689977
0.0, -0.0938139, 0.99557483
0.26859063, 0.18631577
0.00310626, 0.07382769, 0.00689977
0.63081759, 0.02627644, 0.77544481
0.26943627, 0.20180351
0.0, 0.02576112, 0.01891276
0.0, -0.98144472, -0.19162571
0.01942591, 0.14942628
0.00697823, 0.03704228, -0.00875742
0.88726461, -0.43687245, 0.1478927
0.10104989, 0.27347493
0.00697823, 0.02576112, 0.01891276
0.66609699, -0.73198646, -0.14291818
0.04941006, 0.14681375
-0.0, 0.07010612, -0.01216004
0.0, 0.56471449, 0.82525104
0.27220544, 0.26239735
0.00697823, 0.06530044, 0.00020797
0.89440596, 0.41682181, 0.16196173
0.23040251, 0.23243552
0.00697823, 0.02466875, -0.01602017
0.61049229, -0.68730736, 0.39353618
0.04440969, 0.30672032
0.0, 0.03704228, -0.00875742
0.0, -0.94717246, 0.32065797
0.06712422, 0.25843924
-0.0, 0.02466875, -0.01602017
0.0, -0.8677938, 0.49687186
0.01252002, 0.30672032
0.00310626, 0.09668165, -0.01216004
0.59633166, -0.46855068, -0.65175331
0.37457892, 0.27434373
0.00310626, 0.07388286, 0.0039547
0.69115269, 0.28485978, -0.66417432
0.26968876, 0.21528476
-0.0, 0.06530044, 0.00020797
0.0, 0.40006715, -0.91647083
0.23576409, 0.24462128
0.0, 0.07388286, 0.0039547
0.0, 0.18710898, -0.98232979
0.27250111, 0.22845739
0.00697823, 0.1246675, -0.01216004
0.57734919, 0.57734919, 0.57734919
0.66838682, 0.7109544
0.00697823, 0.05381672, 0.02976271
0.77385783, 0.6304819, 0.05987731
0.1778354, 0.09714782
-0.0, 0.06359238, 0.00460387
0.0, 0.9320963, 0.36216316
0.25016794, 0.20546174
-0.0, 0.05381672, 0.02976271
0.0, 0.9955138, 0.09454634
0.22066943, 0.08866668
0.0, 0.0561622, 0.04256354
0.0, 0.67931151, 0.73384809
0.20911349, 2.62e-06
0.00697823, 0.02578374, 0.03453549
0.59224218, -0.63801998, 0.49204993
0.04951358, 0.07530022
0.00697823, 0.0561622, 0.04256354
0.55766475, 0.56386, 0.60911894
0.18857196, 0.03855151
0.0052461, 0.03005329, -0.03560996
0.63139743, -0.74266791, -0.22299875
0.81538457, 0.10922635
0.0052461, 0.03515364, -0.03835788
0.62770468, 0.52610856, -0.57371747
0.83873153, 0.09664756
0.0052461, 0.03638205, -0.03560996
0.59083831, 0.73650318, -0.32923368
0.84435457, 0.10922635
0.00191351, 0.11623642, -0.03560996
0.65443891, -0.57573169, -0.49009675
0.93581563, 0.10922635
-0.0, 0.11984918, -0.03914544
0.0, 0.18216498, -0.98324531
0.95235318, 0.09304261
0.00191351, 0.12348785, -0.03560996
0.43491927, 0.49934384, -0.74932098
0.96900922, 0.10922635
-0.0, 0.11623642, -0.03560996
0.0, -0.97323525, -0.22974333
0.92997229, 0.10413581
-0.0, 0.11707108, -0.03914544
0.0, -0.44239631, -0.89681691
0.93963635, 0.09304261
0.0052461, 0.0312817, -0.03970071
0.5751518, -0.37238684, -0.72835475
0.82100755, 0.09050077
-0.0, 0.03515364, -0.03835788
0.0, 0.67583239, -0.73702198
0.84568369, 0.06741256
-0.0, 0.12348785, -0.03560996
0.0, 0.69685966, -0.71718496
0.97227871, 0.10171115
-0.0, 0.03638205, -0.03560996
0.0, 0.91293067, -0.40809351
0.8664937, 0.07823569
-0.0, 0.0312817, -0.03970071
0.0, -0.45521408, -0.89037752
0.81339437, 0.06750607
-0.00578056, 0.1246675, -0.03560996
-0.5492416, 0.58207953, -0.59956664
0.50215709, 0.60361183
-0.00697823, 0.10224392, -0.02196702
-0.99902338, 0.0, -0.04376354
0.39951259, 0.66606286
-0.00697823, 0.1246675, -0.02196702
-0.71599478, 0.69737846, -0.03134251
0.50215709, 0.6660628
-0.00578056, 0.1246675, -0.03560996
-0.5492416, 0.58207953, -0.59956664
0.60998321, 0.60361183
-0.0, 0.1246675, -0.03560996
0.0, 0.70708334, -0.70708334
0.63644385, 0.60361183
-0.00578055, 0.02466875, -0.03560996
-0.5492416, -0.58207953, -0.59956664
0.04440981, 0.60361183
-0.0, 0.02466875, -0.02196702
0.0, -1.0, 0.0
0.01266534, 0.6660628
-0.00697823, 0.02466875, -0.02196702
-0.71599478, -0.69737846, -0.03134251
0.04440981, 0.6660628
-0.0, 0.1246675, -0.03560996
0.0, 0.70708334, -0.70708334
0.50215709, 0.5800578
-0.00578056, 0.10224392, -0.03560996
-0.67546618, 0.0, -0.73735774
0.3995125, 0.60361192
-0.0, 0.09668165, -0.01216004
0.0, -0.81194496, 0.58369702
0.36386117, 0.70762977
-0.00310626, 0.09147424, 0.00333563
-0.86001158, -0.30506301, -0.40897855
0.35021403, 0.78188638
-0.00310626, 0.09668165, -0.01216004
-0.59633166, -0.46855068, -0.65175331
0.37405106, 0.71095449
-0.00697823, 0.10224389, -0.01216004
-0.70708334, 0.0, 0.70708334
0.39951241, 0.71095449
-0.0, 0.1246675, -0.01216004
0.0, 0.70708334, 0.70708334
0.50199449, 0.74274519
-0.00697823, 0.1246675, -0.01216004
-0.57734919, 0.57734919, 0.57734919
0.50215709, 0.7109544
-0.00697823, 0.07010612, -0.01216004
-0.85854673, 0.28952909, 0.42310861
0.25240076, 0.71095449
-0.0, 0.09668165, -0.01216004
0.0, -0.81194496, 0.58369702
0.37421763, 0.73777676
-0.00697823, 0.09668165, -0.01216004
-0.70708334, 0.0, 0.70708334
0.37405106, 0.71095458
-0.0, 0.09497035, 0.00620702
0.0, 0.57551807, 0.817774
0.37421429, 0.80686244
-0.00310626, 0.10224389, -0.01216004
-0.21250038, 0.25998718, 0.94192326
0.39951241, 0.71095449
-0.00310627, 0.09497035, 0.00620702
-0.6020081, 0.45951721, 0.65297401
0.36621752, 0.79503031
-0.00310626, 0.07382769, 0.00689977
-0.63081759, 0.02627644, 0.77544481
0.26943639, 0.79820137
-0.00697823, 0.03704228, -0.00875742
-0.88726461, -0.43687245, 0.1478927
0.10105, 0.7265301
0.0, 0.02576112, 0.01891276
0.0, -0.98144472, -0.19162571
0.01942516, 0.85058251
-0.00697823, 0.02576112, 0.01891276
-0.66609699, -0.73198646, -0.14291818
0.04941018, 0.85319118
-0.00697823, 0.06530044, 0.00020797
-0.89440596, 0.41682181, 0.16196173
0.23040265, 0.76756942
-0.0, 0.07010612, -0.01216004
0.0, 0.56471449, 0.82525104
0.2721726, 0.73757422
0.0, 0.03704228, -0.00875742
0.0, -0.94717246, 0.32065797
0.06709538, 0.74156135
-0.00697823, 0.02466875, -0.01602017
-0.61049229, -0.68730736, 0.39353618
0.04440981, 0.69328472
-0.0, 0.02466875, -0.01602017
0.0, -0.8677938, 0.49687186
0.01266534, 0.69328472
-0.00310626, 0.10224389, -0.01216004
-0.21250038, 0.25998718, 0.94192326
0.39882579, 0.72709402
-0.00310626, 0.07388286, 0.0039547
-0.69115269, 0.28485978, -0.66417432
0.2696889, 0.78472035
-0.0, 0.06530044, 0.00020797
0.0, 0.40006715, -0.91647083
0.23576419, 0.75537613
-0.00697823, 0.1246675, -0.01216004
-0.57734919, 0.57734919, 0.57734919
0.60450083, 0.7109544
-0.00697823, 0.1246675, -0.02196702
-0.71599478, 0.69737846, -0.03134251
0.60450089, 0.66606274
-0.0, 0.06359238, 0.00460387
0.0, 0.9320963, 0.36216316
0.25016823, 0.79454324
-0.00697823, 0.05381672, 0.02976271
-0.77385783, 0.6304819, 0.05987731
0.17783554, 0.90285718
-0.0, 0.05381672, 0.02976271
0.0, 0.9955138, 0.09454634
0.22066963, 0.91133804
-0.00697823, 0.02578374, 0.03453549
-0.59224218, -0.63801998, 0.49204993
0.0495137, 0.92470475
0.0, 0.0561622, 0.04256354
0.0, 0.67931151, 0.73384809
0.20911324, 1.00000172
-0.00697823, 0.0561622, 0.04256354
-0.55766475, 0.56386, 0.60911894
0.18857208, 0.96145343
-0.0052461, 0.03515364, -0.03835788
-0.62770468, 0.52610856, -0.57371747
0.83873153, 0.09664756
-0.0052461, 0.03005329, -0.03560996
-0.63139743, -0.74266791, -0.22299875
0.81538457, 0.10922635
-0.0052461, 0.03638205, -0.03560996
-0.59083831, 0.73650318, -0.32923368
0.84435457, 0.10922635
-0.00191351, 0.11623642, -0.03560996
-0.65443891, -0.57573169, -0.49009675
0.93581563, 0.10922635
-0.00191351, 0.12348785, -0.03560996
-0.43491927, 0.49934384, -0.74932098
0.96900922, 0.10922635
-0.0052461, 0.0312817, -0.03970071
-0.5751518, -0.37238684, -0.72835475
0.82100755, 0.09050077
0.00697823, 0.06359238, 0.00460387
0.89440596, 0.41682181, 0.16196173
0.22258379, 0.21231318
0.00578056, 0.1022439, -0.03560996
0.67546618, 0.0, -0.73735774
0.39951238, 0.39639324
-0.0, 0.02466875, -0.03560996
0.0, -0.70708334, -0.70708334
0.04440969, 0.42066878
-0.0, 0.10224392, -0.03560996
0.0, 0.0, -1.0
0.39909196, 0.58005777
0.00023887, 0.06359238, 0.00460387
0.0, -0.21884823, 0.97573781
0.21921247, 0.80332412
-0.00697823, 0.06359238, 0.00460387
-0.69493699, 0.12729271, 0.7076937
0.22258392, 0.78769185
0.00023887, 0.06359238, 0.00460387
0.0, -0.21884823, 0.97573781
0.21919747, 0.19827527
-0.0, 0.09147424, 0.00333563
0.0, -0.59788811, -0.80153811
0.34248498, 0.77124132
-0.0, 0.09147424, 0.00333563
0.0, -0.59788811, -0.80153811
0.34244964, 0.22881174
-0.0, 0.02578373, 0.03453549
0.0, -0.79186374, 0.61067539
0.01768462, 0.94617054
-0.0, 0.02578373, 0.03453549
0.0, -0.79186374, 0.61067539
0.01768285, 0.05383444
0.00252909, 0.02466875, -0.02776011
0.55384994, -0.41792047, 0.72008425
0.79073662, 0.14515924
-0.0, 0.10224389, -0.01216004
0.0, 0.56202888, 0.8270821
0.39888665, 0.25777948
-0.0, 0.10224389, -0.01216004
0.0, 0.56202888, 0.8270821
0.41352105, 0.28288144
-0.0, 0.06530044, 0.00020797
0.0, 0.9320963, 0.36216316
0.2518028, 0.22170556
0.00310626, 0.10224389, -0.01216004
0.21250038, 0.25998718, 0.94192326
0.39862433, 0.27294064
-0.0, 0.1246675, -0.01216004
0.0, 0.70708334, 0.70708334
0.63644385, 0.7109544
-0.0, 0.03005329, -0.03560996
0.0, -0.95773184, -0.2875759
0.79376078, 0.08511144
-0.0, 0.02466875, -0.03560996
0.0, -0.70708334, -0.70708334
0.04440981, 0.5800578
-0.0, 0.10224389, -0.01216004
0.0, 0.56202888, 0.8270821
0.39942923, 0.74232864
-0.0, 0.10224389, -0.01216004
0.0, 0.56202888, 0.8270821
0.41361874, 0.71715045
0.00011943, 0.07382769, 0.00689977
0.0, -0.0938139, 0.99557483
0.26835251, 0.81333816
-0.0, 0.06530044, 0.00020797
0.0, 0.9320963, 0.36216316
0.25180951, 0.77827859
-0.00310626, 0.09668165, -0.01216004
-0.59633166, -0.46855068, -0.65175331
0.37441641, 0.72579187
0.0, 0.07388286, 0.0039547
0.0, 0.18710898, -0.98232979
0.27252421, 0.77153987
# Number of Faces:
182
# Face Data:
0, 1, 2
3, 2, 1
1, 4, 3
5, 6, 7
8, 7, 6
4, 9, 8
0, 10, 11
1, 11, 4
12, 5, 10
4, 11, 9
13, 14, 15
16, 17, 18
19, 20, 21
14, 22, 23
24, 25, 26
27, 28, 29
29, 13, 15
30, 31, 32
33, 34, 35
35, 36, 37
38, 39, 40
41, 42, 31
43, 44, 45
28, 46, 32
47, 48, 49
17, 50, 18
21, 45, 19
26, 35, 24
24, 35, 37
51, 52, 53
54, 55, 56
57, 58, 59
60, 61, 62
60, 63, 64
65, 66, 58
61, 67, 62
58, 68, 59
57, 69, 65
70, 71, 72
73, 17, 74
75, 76, 77
78, 79, 70
80, 81, 82
83, 84, 85
71, 85, 72
86, 87, 88
89, 90, 91
92, 89, 91
93, 94, 95
96, 97, 86
98, 99, 100
83, 88, 101
102, 103, 96
104, 17, 105
100, 77, 76
82, 91, 90
92, 81, 102
106, 107, 108
109, 110, 111
112, 113, 114
61, 115, 116
115, 64, 63
66, 117, 112
61, 116, 67
68, 112, 114
69, 113, 117
118, 40, 39
13, 20, 119
119, 120, 22
121, 75, 79
93, 96, 86
79, 77, 71
122, 92, 123
37, 124, 118
125, 102, 81
47, 126, 24
95, 127, 109
128, 40, 55
108, 111, 110
56, 53, 54
11, 10, 5
12, 0, 129
5, 9, 11
129, 0, 2
0, 11, 1
3, 129, 2
8, 9, 7
12, 6, 5
13, 119, 14
16, 74, 17
19, 120, 20
14, 119, 22
24, 126, 25
27, 130, 28
29, 28, 13
30, 41, 31
33, 131, 34
35, 34, 36
38, 44, 39
41, 132, 42
43, 39, 44
28, 130, 133
46, 30, 32
28, 133, 46
47, 42, 48
17, 134, 50
21, 43, 45
26, 33, 35
37, 118, 47
47, 24, 37
118, 42, 47
51, 118, 52
54, 128, 55
57, 65, 58
60, 64, 61
65, 69, 66
58, 66, 68
57, 135, 69
70, 79, 71
73, 105, 17
75, 136, 76
78, 121, 79
80, 125, 81
83, 137, 84
71, 83, 85
86, 97, 87
89, 138, 90
92, 139, 89
93, 98, 94
96, 140, 97
98, 93, 99
88, 87, 141
101, 137, 83
88, 141, 101
102, 142, 103
104, 134, 17
100, 99, 77
82, 81, 91
96, 123, 102
92, 91, 81
102, 123, 92
106, 123, 107
109, 127, 110
112, 117, 113
61, 64, 115
66, 69, 117
68, 66, 112
69, 135, 113
21, 13, 31
28, 32, 13
43, 21, 39
55, 40, 51
13, 32, 31
31, 42, 39
51, 56, 55
42, 118, 39
39, 21, 31
51, 40, 118
13, 21, 20
119, 20, 120
121, 136, 75
88, 83, 71
71, 77, 86
93, 95, 123
77, 99, 93
86, 88, 71
123, 96, 93
109, 111, 107
107, 123, 95
86, 77, 93
95, 109, 107
79, 75, 77
122, 139, 92
37, 36, 124
125, 142, 102
47, 49, 126
95, 94, 127
128, 38, 40
108, 107, 111
56, 51, 53
12, 10, 0
5, 7, 9
