# Project Zomboid Skinned Mesh
# File Version:
1.0
# Model Name:
Cube
# Vertex Stride Element Count:
3
# Vertex Stride Size (in bytes):
76
# Vertex Stride Data:
# (Int)    Offset
# (String) Type
0
VertexArray
12
NormalArray
24
TextureCoordArray
# Vertex Count:
132
# Vertex Buffer:
0.00422943, 0.09280631, 0.00182182
0.59840691, 0.45725882, 0.657857
0.34968349, 0.79320681
0.0, 0.06461205, 0.00182182
0.0, 0.0, 1.0
0.25917643, 0.80750117
0.00422943, 0.06461205, 0.00182182
0.64723653, 0.0, 0.76226079
0.23158948, 0.79320681
0.00712589, 0.0381982, -0.03740168
0.6774804, -0.47218239, -0.56392103
0.12095331, 0.62891585
0.0, 0.1218377, -0.03949334
0.0, 0.03375347, -0.99942017
0.47128347, 0.59968144
0.00712591, 0.1218377, -0.03740168
0.79528183, 0.27466658, -0.54039127
0.47128364, 0.62891585
0.00712587, 0.02688845, -0.01910663
0.56147951, -0.82726526, 0.017304
0.07358168, 0.7055462
0.0, 0.03387391, -0.02426253
0.0, -0.82204658, -0.56941438
0.06990361, 0.66575435
0.00712587, 0.03387391, -0.02426253
0.78682822, -0.5053255, -0.35422835
0.10284062, 0.68395039
0.00504688, 0.12437481, -0.01842129
0.58128607, 0.46024963, 0.67097998
0.48191065, 0.70841694
0.0050469, 0.12437481, -0.02526342
0.9416486, 0.33652762, 0.0
0.48191062, 0.67975816
0.00504688, 0.15180388, -0.02020712
0.58082825, 0.59398174, 0.55656606
0.59679991, 0.70093688
0.00422946, 0.07285196, -0.00046891
0.81933039, 0.24948882, -0.51615953
0.26610315, 0.78361191
0.00422946, 0.09083, -0.00046891
0.86510819, -0.29367962, -0.40656757
0.34140551, 0.78361191
0.00504691, 0.12437481, -0.03740168
0.73018587, 0.25208288, -0.63499862
0.48191059, 0.62891585
0.0, 0.15180388, -0.03949334
0.0, 0.63020724, -0.77639091
0.59679991, 0.60532603
0.00504691, 0.15180388, -0.03740168
0.6646626, 0.60084844, -0.4440138
0.59679991, 0.62891591
0.00712587, 0.06876814, -0.0153813
0.87560654, 0.29871517, 0.37949768
0.24899761, 0.72115031
0.00712587, 0.1218377, -0.02526342
0.9416486, 0.33652762, 0.0
0.47128347, 0.67975816
0.00504691, 0.15180388, -0.03740168
0.6646626, 0.60084844, -0.4440138
0.8093003, 0.7782837
0.0, 0.15180388, -0.02020712
0.0, 0.72969759, 0.68373668
0.83043885, 0.85030212
0.00504688, 0.15180388, -0.02020712
0.58082825, 0.59398174, 0.55656606
0.80930042, 0.85030212
0.0, 0.06696096, -0.00790091
0.0, 0.97201455, 0.23480941
0.26653889, 0.7567237
0.00712587, 0.06696096, -0.00790091
0.70708334, 0.68730736, 0.16605121
0.24142812, 0.75248234
0.0, 0.12437481, -0.01842129
0.0, 0.27771842, 0.96063113
0.48191065, 0.7368139
0.00712587, 0.09576661, -0.0153813
0.70241404, 0.01492355, 0.71160007
0.36208296, 0.72115031
0.0, 0.06876814, -0.0153813
0.0, 0.61851865, 0.78572953
0.25779322, 0.73729527
0.0, 0.09576661, -0.0153813
0.0, -0.94930875, -0.3142491
0.36208296, 0.72115031
0.00422946, 0.09576661, -0.0153813
0.7759636, -0.59877318, -0.19821772
0.36208296, 0.72115031
0.00712587, 0.06461205, 0.00182182
0.70708334, 0.68730736, 0.16605121
0.23158948, 0.79320681
0.0, 0.05516274, 0.04093454
0.0, 0.61851865, 0.78572953
0.21237336, 0.98713979
0.00712587, 0.05516274, 0.04093454
0.59083831, 0.49900815, 0.6339305
0.19201057, 0.95703346
0.0, 0.09083, -0.00046891
0.0, -0.58552814, -0.81063265
0.33072105, 0.76961538
0.00712587, 0.12183756, -0.01704232
0.68199712, 0.34852138, 0.64293343
0.47128344, 0.71419278
0.0, 0.09925711, -0.01552787
0.0, 0.0544145, 0.99850458
0.3763243, 0.75377062
0.00712587, 0.09925711, -0.01552787
0.70427567, 0.03863643, 0.70882291
0.37670317, 0.72053611
0.0, 0.0204244, 0.04093454
0.0, -0.82189399, 0.56959748
0.01119973, 0.98713979
0.00712587, 0.0204244, 0.04093454
0.5607776, -0.6805017, 0.47160253
0.04650606, 0.95703349
0.00422946, 0.06696096, -0.00790091
0.50013733, 0.67857903, -0.53788871
0.24142812, 0.75248234
0.0, 0.07285196, -0.00046891
0.0, 0.43519396, -0.90032655
0.2756308, 0.76283936
0.0, 0.03969508, -0.01045804
0.0, -0.95260477, 0.30411693
0.08743005, 0.74759102
0.00712587, 0.03969508, -0.01045804
0.87585068, -0.45970032, 0.14676352
0.12722301, 0.74177158
0.0, 0.12183756, -0.01704232
0.0, 0.27863398, 0.96038699
0.47128347, 0.74155599
0.0, 0.09576661, -0.0153813
0.0, 0.02096622, 0.99975586
0.35956514, 0.75277154
0.0, 0.09280631, 0.00182182
0.0, 0.57072663, 0.82110047
0.36580598, 0.81136857
0.0, 0.02688845, -0.01910663
0.0, -0.99975586, 0.02090518
0.05059245, 0.70472795
0.00293005, 0.02038817, -0.01746175
0.55903804, -0.39835811, 0.72713399
0.72135413, 0.12039506
0.0, 0.01960837, -0.02687498
0.0, -0.77608567, -0.63057345
0.69883585, 0.07105422
0.00293005, 0.01960837, -0.02687498
0.57951599, -0.6324656, -0.51390117
0.71808785, 0.08096677
0.00293005, 0.03431313, -0.02481414
0.82595295, 0.26319164, 0.49848932
0.77968001, 0.08959901
0.0, 0.02038817, -0.01746175
0.0, -0.4804529, 0.87701041
0.71304524, 0.13810903
0.0, 0.03531566, -0.02882461
0.0, -0.1231727, -0.99237037
0.78180748, 0.05500269
0.00293005, 0.03531566, -0.02882461
0.60780662, -0.09781183, -0.78801841
0.78387946, 0.07280111
0.0, 0.12437481, -0.03949334
0.0, 0.0, -1.0
0.48191065, 0.60009703
0.0, 0.0381982, -0.03949334
0.0, -0.54585403, -0.83785516
0.12095331, 0.59968144
0.00416496, 0.0446905, -0.04169124
0.57734919, 0.0, -0.8164922
0.88835037, 0.10972172
0.0, 0.04812633, -0.03825554
0.0, 0.70708334, -0.70711386
0.91452539, 0.10076457
0.00416496, 0.04812633, -0.03825554
0.44718772, 0.63243508, -0.6324656
0.90274119, 0.12411249
0.00416496, 0.0412548, -0.03825554
0.44718772, -0.63243508, -0.63243508
0.87395966, 0.12411249
0.0, 0.0446905, -0.04169124
0.0, 0.0, -1.0
0.88617313, 0.09236151
0.00128527, 0.14422758, -0.03906155
0.63606679, -0.59111303, -0.49592578
0.94304216, 0.11679947
0.0, 0.14888498, -0.04169124
0.0, 0.40488908, -0.91433454
0.96255016, 0.10578448
0.00128526, 0.14970832, -0.03906155
0.63606679, 0.59111303, -0.4959563
0.96599853, 0.11679935
0.0, 0.14505088, -0.04169124
0.0, -0.40488908, -0.91433454
0.94649059, 0.10578448
0.0, 0.14422758, -0.03906155
0.0, -0.95431381, -0.29877621
0.9394387, 0.11351037
0.0, 0.14970832, -0.03906155
0.0, 0.95431381, -0.29877621
0.96960199, 0.11351025
0.0, 0.06461205, 0.00182182
0.0, 0.0, 1.0
0.2591764, 0.1544742
-0.00422943, 0.09280631, 0.00182182
-0.59840691, 0.45725882, 0.657857
0.34968349, 0.16876847
-0.00422943, 0.06461205, 0.00182182
-0.64723653, 0.0, 0.76226079
0.23158948, 0.16876847
0.0, 0.1218377, -0.03949334
0.0, 0.03375347, -0.99942017
0.47128347, 0.40031445
-0.00712589, 0.0381982, -0.03740168
-0.6774804, -0.47218239, -0.56392103
0.12095331, 0.3710801
-0.00712591, 0.1218377, -0.03740168
-0.79528183, 0.27466658, -0.54039127
0.47128364, 0.37108016
0.0, 0.03387391, -0.02426253
0.0, -0.82204658, -0.56941438
0.06990362, 0.33424163
-0.00712587, 0.02688845, -0.01910663
-0.56147951, -0.82726526, 0.017304
0.0735817, 0.29444975
-0.00712587, 0.03387391, -0.02426253
-0.78682822, -0.5053255, -0.35422835
0.10284063, 0.31604558
-0.00504691, 0.15180388, -0.03740168
-0.6646626, 0.60084844, -0.4440138
0.59679991, 0.37108004
-0.0050469, 0.12437481, -0.02526342
-0.9416486, 0.33652762, 0.0
0.48191062, 0.32023776
-0.00504688, 0.15180388, -0.02020712
-0.58082825, 0.59398174, 0.55656606
0.59679991, 0.29905909
-0.00422946, 0.07285196, -0.00046891
-0.81933039, 0.24948882, -0.51615953
0.26610315, 0.17836338
0.0, 0.15180388, -0.03949334
0.0, 0.63020724, -0.77639091
0.59679991, 0.39466989
-0.00504691, 0.12437481, -0.03740168
-0.73018587, 0.25208288, -0.63499862
0.48191059, 0.3710801
-0.00712587, 0.03969508, -0.01045804
-0.87585068, -0.45970032, 0.14676352
0.12722301, 0.25822437
-0.00712587, 0.06696096, -0.00790091
-0.70708334, 0.68730736, 0.16605121
0.24142812, 0.24751359
-0.00712587, 0.06876814, -0.0153813
-0.87560654, 0.29871517, 0.37949768
0.24899761, 0.27884561
-0.00504688, 0.12437481, -0.01842129
-0.58128607, 0.46024963, 0.67097998
0.48191059, 0.29157901
-0.00712587, 0.1218377, -0.02526342
-0.9416486, 0.33652762, 0.0
0.47128347, 0.32023776
-0.00712587, 0.12183756, -0.01704232
-0.68199712, 0.34852138, 0.64293343
0.47128344, 0.28580314
-0.00504691, 0.15180388, -0.03740168
-0.6646626, 0.60084844, -0.4440138
0.85157764, 0.7782837
-0.00504688, 0.15180388, -0.02020712
-0.58082825, 0.59398174, 0.55656606
0.85157752, 0.85030212
0.0, 0.06696096, -0.00790091
0.0, 0.97201455, 0.23480941
0.26653883, 0.24327224
0.0, 0.12437481, -0.01842129
0.0, 0.27771842, 0.96063113
0.48191065, 0.26318204
0.0, 0.06876814, -0.0153813
0.0, 0.61851865, 0.78572953
0.25779319, 0.26270062
-0.00712587, 0.09576661, -0.0153813
-0.70241404, 0.01492355, 0.71160007
0.36208296, 0.27884561
0.0, 0.09576661, -0.0153813
0.0, -0.94930875, -0.3142491
0.36208296, 0.24082494
-0.00422946, 0.09083, -0.00046891
-0.86510819, -0.29367962, -0.40656757
0.34140551, 0.17836338
-0.00422946, 0.09576661, -0.0153813
-0.7759636, -0.59877318, -0.19821772
0.36208296, 0.24082494
0.0, 0.05516274, 0.04093454
0.0, 0.61851865, 0.78572953
0.21237339, 0.01285619
-0.00712587, 0.06461205, 0.00182182
-0.70708334, 0.68730736, 0.16605121
0.23158948, 0.2067892
-0.00712587, 0.05516274, 0.04093454
-0.59083831, 0.49900815, 0.6339305
0.19201057, 0.04296249
0.0, 0.09083, -0.00046891
0.0, -0.58552814, -0.81063265
0.33072105, 0.19235992
0.0, 0.09925711, -0.01552787
0.0, 0.0544145, 0.99850458
0.37632433, 0.24622536
-0.00712587, 0.09925711, -0.01552787
-0.70427567, 0.03863643, 0.70882291
0.37670317, 0.27945983
0.0, 0.0204244, 0.04093454
0.0, -0.82189399, 0.56959748
0.01119973, 0.01285619
-0.00712587, 0.0204244, 0.04093454
-0.5607776, -0.6805017, 0.47160253
0.04650605, 0.04296249
0.0, 0.07285196, -0.00046891
0.0, 0.43519396, -0.90032655
0.2756308, 0.1991359
-0.00422946, 0.06696096, -0.00790091
-0.50013733, 0.67857903, -0.53788871
0.24142812, 0.20949292
0.0, 0.06461205, 0.00182182
0.0, 0.97201455, 0.23480941
0.2591764, 0.19249487
0.0, 0.03969508, -0.01045804
0.0, -0.95260477, 0.30411693
0.08743005, 0.25240499
0.0, 0.12183756, -0.01704232
0.0, 0.27863398, 0.96038699
0.47128347, 0.2584399
0.0, 0.09576661, -0.0153813
0.0, 0.02096622, 0.99975586
0.35956514, 0.24722439
0.0, 0.09925711, -0.01552787
0.0, 0.93728447, 0.34849086
0.37632433, 0.20820469
-0.00422946, 0.09925711, -0.01552787
-0.59828484, 0.75103003, 0.27924436
0.37670317, 0.24143916
0.0, 0.02688845, -0.01910663
0.0, -0.99975586, 0.02090518
0.05059246, 0.295268
-0.00293005, 0.02038817, -0.01746175
-0.55903804, -0.39835811, 0.72713399
0.72135413, 0.12039506
-0.00293005, 0.01960837, -0.02687498
-0.57951599, -0.6324656, -0.51390117
0.71808785, 0.08096677
-0.00293005, 0.03431313, -0.02481414
-0.82595295, 0.26319164, 0.49848932
0.77968001, 0.08959901
-0.00293005, 0.03531566, -0.02882461
-0.60780662, -0.09781183, -0.78801841
0.78387946, 0.07280111
0.0, 0.12437481, -0.03949334
0.0, 0.0, -1.0
0.48191065, 0.39989895
0.0, 0.0381982, -0.03949334
0.0, -0.54585403, -0.83785516
0.12095331, 0.40031445
-0.00416496, 0.0446905, -0.04169124
-0.57734919, 0.0, -0.8164922
0.88835037, 0.10972172
-0.00416496, 0.04812633, -0.03825554
-0.44718772, 0.63243508, -0.6324656
0.90274119, 0.12411243
-0.00416496, 0.0412548, -0.03825554
-0.44718772, -0.63243508, -0.63243508
0.87395966, 0.12411243
-0.00128527, 0.14422758, -0.03906155
-0.63606679, -0.59111303, -0.49592578
0.94304216, 0.11679947
-0.00128526, 0.14970832, -0.03906155
-0.63606679, 0.59111303, -0.4959563
0.96599853, 0.11679935
0.00422946, 0.09925711, -0.01552787
0.59828484, 0.75103003, 0.27924436
0.37670317, 0.72053611
0.0, 0.15180388, -0.03949334
0.0, 0.63020724, -0.77639091
0.83043885, 0.7695231
0.0, 0.15180388, -0.02020712
0.0, 0.72969759, 0.68373668
0.59679991, 0.71727991
0.0, 0.03431313, -0.02481414
0.0, 0.46690267, 0.88427383
0.78617442, 0.10320628
0.0, 0.0412548, -0.03825554
0.0, -0.70708334, -0.70708334
0.86344397, 0.1046291
0.0, 0.09280631, 0.00182182
0.0, 0.57072663, 0.82110047
0.36580598, 0.15060669
0.0, 0.15180388, -0.02020712
0.0, 0.72969759, 0.68373668
0.59679991, 0.2827161
0.0, 0.06696096, -0.00790091
0.0, 0.78365427, -0.62117374
0.26653883, 0.20525157
# Number of Faces:
170
# Face Data:
0, 1, 2
3, 4, 5
6, 7, 8
9, 10, 11
12, 13, 0
14, 15, 16
17, 8, 18
9, 18, 10
5, 4, 14
19, 20, 21
17, 22, 23
11, 24, 9
25, 26, 17
13, 27, 28
29, 30, 31
12, 32, 13
33, 34, 35
31, 36, 37
38, 39, 12
23, 1, 29
37, 40, 41
9, 42, 33
35, 43, 25
0, 34, 44
41, 45, 6
18, 14, 10
3, 18, 8
46, 47, 48
48, 49, 46
49, 50, 46
48, 51, 52
53, 14, 4
54, 8, 7
8, 54, 3
55, 56, 57
58, 59, 55
60, 61, 62
58, 55, 57
63, 60, 64
62, 61, 65
66, 67, 68
69, 70, 71
72, 73, 74
75, 76, 77
68, 67, 78
79, 80, 75
81, 82, 83
84, 85, 86
71, 80, 69
20, 87, 88
89, 83, 82
90, 77, 84
91, 92, 83
93, 94, 95
96, 97, 98
99, 78, 94
100, 86, 101
102, 98, 103
104, 105, 78
106, 82, 97
107, 103, 81
108, 84, 86
109, 101, 92
67, 110, 111
112, 81, 73
85, 80, 71
85, 70, 74
47, 113, 114
114, 115, 116
50, 115, 113
51, 114, 116
117, 69, 80
118, 72, 74
74, 70, 118
56, 119, 120
59, 121, 119
122, 61, 63
121, 120, 119
63, 64, 122
123, 65, 61
0, 44, 1
3, 54, 4
6, 45, 7
16, 11, 10
10, 14, 16
2, 38, 12
13, 28, 124
2, 12, 0
13, 124, 0
14, 53, 15
18, 33, 35
35, 25, 18
17, 23, 41
29, 31, 41
41, 6, 8
31, 37, 41
18, 25, 17
23, 29, 41
41, 8, 17
9, 33, 18
19, 125, 20
17, 26, 22
11, 126, 24
25, 43, 26
13, 32, 27
29, 1, 30
12, 39, 32
33, 42, 34
31, 30, 36
38, 22, 39
23, 22, 1
37, 36, 40
9, 24, 42
35, 34, 43
0, 124, 34
41, 40, 45
18, 5, 14
3, 5, 18
46, 50, 47
48, 52, 49
49, 127, 50
48, 47, 51
55, 59, 56
58, 128, 59
60, 63, 61
66, 129, 67
69, 118, 70
72, 112, 73
84, 77, 76
75, 80, 76
67, 111, 94
111, 95, 94
78, 105, 68
67, 94, 78
79, 117, 80
101, 86, 85
85, 74, 83
81, 103, 98
74, 73, 81
92, 101, 85
97, 82, 81
83, 92, 85
81, 98, 97
83, 74, 81
84, 76, 85
20, 125, 87
89, 91, 83
90, 130, 77
91, 109, 92
93, 99, 94
96, 106, 97
99, 104, 78
100, 108, 86
102, 96, 98
104, 131, 105
106, 89, 82
107, 102, 103
108, 90, 84
109, 100, 101
67, 129, 110
112, 107, 81
85, 76, 80
85, 71, 70
47, 50, 113
114, 113, 115
50, 127, 115
51, 47, 114
56, 59, 119
59, 128, 121
122, 123, 61
