# Project Zomboid Skinned Mesh
# File Version:
1.0
# Model Name:
Cube
# Vertex Stride Element Count:
3
# Vertex Stride Size (in bytes):
76
# Vertex Stride Data:
# (Int)    Offset
# (String) Type
0
VertexArray
12
NormalArray
24
TextureCoordArray
# Vertex Count:
303
# Vertex Buffer:
0.01266218, 0.1235119, 0.01632079
0.70708334, 0.0, 0.70708334
0.56477499, 0.76008189
0.01266214, 0.08951148, -0.01631575
0.65379804, -0.38019958, -0.65416425
0.49882448, 0.69677675
0.01266216, 0.12351187, -0.02564813
0.67824334, -0.09811701, -0.72823268
0.56477499, 0.67867476
0.0, 0.23597959, -0.02564813
0.0, 0.70708334, -0.70708334
0.78292513, 0.65090501
0.01266218, 0.23597959, 0.01632079
0.57734919, 0.57734919, 0.57734919
0.78292513, 0.7600421
0.01266222, 0.23597956, -0.02564813
0.57734919, 0.57731867, -0.57734919
0.78292513, 0.67867512
0.01266216, 0.12351187, -0.02564813
0.67824334, -0.09811701, -0.72823268
0.56487924, 0.67867512
0.0, 0.08951154, -0.01631575
0.0, -0.26468703, -0.96432388
0.49882448, 0.6694786
0.0, 0.1235119, -0.02564813
0.0, -0.13351847, -0.99102753
0.56487924, 0.65090501
0.01266218, 0.1235119, 0.01632079
0.70708334, 0.0, 0.70708334
0.56487924, 0.7600421
0.0, 0.09767735, 0.01632079
0.0, 0.76326793, 0.64607686
0.5147928, 0.78694263
0.01266218, 0.09767735, 0.01632079
0.92324597, 0.29319131, 0.24817652
0.5147928, 0.7600421
0.0, 0.12351193, 0.01632079
0.0, 0.0, 1.0
0.56487924, 0.78694263
0.01266218, 0.23597959, 0.01632079
0.57734919, 0.57734919, 0.57734919
0.78292871, 0.76008189
0.0, 0.09767735, 0.01632079
0.0, 0.76326793, 0.64607686
0.51066518, 0.79834171
0.01266218, 0.10084701, 0.03524815
0.65147865, 0.75444806, 0.07971434
0.47803125, 0.81354983
0.01266218, 0.09767735, 0.01632079
0.92324597, 0.29319131, 0.24817652
0.48618829, 0.77125035
0.01266215, 0.07041852, 0.0027645
0.70708334, -0.49983215, -0.50013733
0.41903815, 0.75057244
0.01266214, 0.08951148, -0.01631575
0.65379804, -0.38019958, -0.65416425
0.48465905, 0.70237237
0.01266214, -0.11742705, 0.09605476
0.56697285, -0.39152196, 0.72469252
0.0258786, 0.94356233
0.0, -0.13237238, 0.01566927
0.0, -0.80471206, -0.59364605
0.00619713, 0.7502633
0.01266214, -0.13237238, 0.01566927
0.57383955, -0.65901667, -0.48615986
0.0258786, 0.77559118
0.01266214, -0.09156862, 0.08523492
0.66716516, 0.41142002, 0.6209296
0.08020091, 0.92083231
0.0, -0.11742675, 0.09605476
0.0, -0.47529528, 0.87978756
0.00619713, 0.97760015
0.01266214, 0.06549262, 0.03440205
0.80855739, -0.58497882, -0.06326487
0.40948814, 0.81190939
0.0, 0.06139483, 0.02123056
0.0, -0.9886471, 0.15021211
0.38302925, 0.81135073
0.01266214, 0.06139483, 0.02123056
0.87505722, -0.46214178, 0.14377269
0.40154356, 0.78637326
0.0, 0.03885698, 0.08123403
0.0, -0.90856653, 0.41767633
0.32614577, 0.92416429
0.0, 0.06549267, 0.03440205
0.0, -0.99417096, -0.10751671
0.37842137, 0.83518413
0.01266214, 0.07954219, 0.0891369
0.58766443, 0.38874477, 0.70955533
0.43672663, 0.91802622
0.01266214, 0.03885698, 0.08123403
0.56212044, -0.75142676, 0.34543902
0.35784835, 0.90270457
0.0, 0.07954225, 0.0891369
0.0, 0.48048341, 0.87697989
0.44933298, 0.94502688
0.0, 0.10084707, 0.03524815
0.0, 0.99444562, 0.10507523
0.50227529, 0.82485166
0.0, 0.06139483, 0.02123056
0.0, -0.9886471, 0.15021211
0.0484269, 0.66843551
0.01266214, 0.06139483, 0.01178217
0.63020724, -0.717246, -0.29721975
0.02387828, 0.65011758
0.01266214, 0.06139483, 0.02123056
0.0, -1.0, 0.0
0.02387828, 0.66843551
0.00785267, 0.12364484, -0.02572631
0.56990266, -0.72832423, -0.38035217
0.81023103, 0.07695562
0.00785267, 0.14810967, -0.03454857
0.77303386, 0.17087314, -0.6108585
0.85766196, 0.05985171
0.00785267, 0.16657978, -0.02572631
0.54118472, 0.71251565, -0.44651631
0.89347082, 0.07695562
0.0, 0.53259373, -0.0211393
0.0, 0.70708334, -0.70708334
0.61524147, 0.14010274
0.0026463, 0.51287794, -0.0211393
0.35453352, 0.37611011, -0.85604417
0.57701701, 0.14649189
0.0, 0.51287758, -0.0211393
0.0, 0.44721824, -0.89440596
0.57701701, 0.14010274
0.00785267, 0.16105106, -0.03454857
0.61262858, 0.38270211, -0.69148839
0.88275212, 0.05985171
0.0, 0.16657978, -0.02572631
0.0, 0.84734643, -0.53099155
0.89347082, 0.06420654
0.00638873, 0.53259373, -0.01739684
0.71727651, 0.63023776, -0.29709768
0.61524147, 0.15668774
0.0026463, 0.53259373, -0.0211393
0.29709768, 0.63023776, -0.71727651
0.61524147, 0.14649189
0.00638873, 0.53259373, -0.01210425
0.71727651, 0.63023776, 0.29709768
0.61524147, 0.16694868
0.00638873, 0.51287794, -0.01739684
0.85604417, 0.37607959, -0.35456404
0.57701701, 0.15668774
0.0, 0.38628885, 0.01449998
0.0, 0.70708334, 0.70708334
0.39901373, 0.28052753
0.0026463, 0.38628885, 0.01060512
0.22745445, 0.80416274, 0.54911953
0.39901367, 0.26630884
0.0, 0.38628885, 0.01060513
0.0, 0.70708334, 0.70708334
0.3990137, 0.27840906
0.00264629, 0.53259373, -0.00836183
0.29709768, 0.63026828, 0.717246
0.61524147, 0.17711926
0.00638873, 0.51287794, -0.01210425
0.85601366, 0.37607959, 0.35459456
0.57701701, 0.16694868
0.0, 0.16105106, -0.03454857
0.0, 0.48423719, -0.87490463
0.88275212, 0.04651356
0.0, 0.53259373, -0.00836183
0.0, 0.70708334, 0.70708334
0.61524147, 0.18355155
0.00264629, 0.51287794, -0.00836183
0.35450301, 0.37614062, 0.85604417
0.57701701, 0.17711926
0.00638873, 0.53259373, 0.00686269
0.71727651, 0.63023776, 0.29709768
0.57701701, 0.25450212
0.00638873, 0.38628885, 0.00157011
0.54911953, 0.80416274, -0.22745445
0.39901367, 0.24424106
0.00638873, 0.53259373, 0.00157011
0.71727651, 0.63023776, -0.29709768
0.57701701, 0.24424106
0.0, 0.13303168, -0.04370011
0.0, -0.26865444, -0.96322519
0.82842958, 0.02738661
0.00785267, 0.13303168, -0.04370011
0.57402265, -0.21997741, -0.78868985
0.82842958, 0.04210907
0.0102836, 0.38628885, 0.008476
0.71727651, 0.63023776, 0.29709768
0.39901367, 0.25762981
0.00638873, 0.38628885, 0.0068627
0.54911953, 0.80416274, 0.22745445
0.39901367, 0.25450224
0.0026463, 0.38628885, -0.00217232
0.22745445, 0.80416274, -0.54911953
0.39901367, 0.2337963
0.0026463, 0.53259373, -0.00217232
0.29709768, 0.63023776, -0.71727651
0.57701701, 0.2337963
0.00264629, 0.53259373, 0.01060512
0.29709768, 0.63023776, 0.71727651
0.57701701, 0.26630884
0.0, 0.53259373, 0.01060512
0.0, 0.70708334, 0.70708334
0.57701701, 0.27840906
0.0, 0.38628885, -0.00217232
0.0, 0.70708334, -0.70708334
0.39901373, 0.22346097
0.0, 0.53259373, -0.00217232
0.0, 0.70708334, -0.70708334
0.57701701, 0.22346097
0.0, 0.14810967, -0.03454857
0.0, 0.26935637, -0.96301156
0.85766196, 0.04008192
0.00491184, 0.137326, 0.03122681
0.64775538, 0.29758599, 0.70128483
0.88681877, 0.8272406
0.0, 0.10084707, 0.03524815
0.0, 0.10956145, 0.99395734
0.81748295, 0.84566315
0.00491184, 0.10084707, 0.03524815
0.71938229, 0.07608265, 0.69038969
0.81609535, 0.83503707
0.0, -0.13237238, 0.01566927
0.0, -0.80471206, -0.59364605
0.00619705, 0.55154726
-0.01266214, -0.00527926, 0.00088652
-0.38645589, -0.10654011, -0.91610461
0.27227959, 0.55487871
0.0, -0.00527926, 0.00088652
0.0, -0.11551256, -0.99328595
0.26326716, 0.58494473
0.00491184, 0.13258317, 0.02885541
0.87331766, -0.31858271, -0.36844996
0.87762344, 0.82264301
0.0049119, 0.10802214, 0.03021049
0.90810877, 0.28406629, -0.30759606
0.83000594, 0.82527037
0.0, 0.10802214, 0.03021049
0.0, 0.67842644, -0.73464155
0.83651179, 0.81878278
0.0, 0.13258317, 0.02885541
0.0, -0.6540727, -0.75640124
0.87199736, 0.81631726
0.00491184, 0.15528099, 0.01632079
0.40357676, 0.58439893, 0.70393991
0.92162877, 0.79834171
0.0, 0.137326, 0.03122681
0.0, 0.39063692, 0.92052978
0.89056718, 0.8356728
0.00491184, 0.13512404, 0.01632079
0.7480697, -0.65034944, -0.13180944
0.88254946, 0.79834171
0.0, 0.13512404, 0.01632079
0.0, -0.98004091, -0.19864498
0.8764466, 0.7971824
0.00491184, 0.10768338, 0.01632079
0.71251565, 0.7014069, -0.01709037
0.82934922, 0.79834171
0.00425962, 0.38628885, -0.00606718
0.29709768, 0.63023776, -0.71727651
0.39901367, 0.23065871
0.0, -0.00527926, 0.00088652
0.0, -0.11551256, -0.99328595
0.26326713, 0.71686518
0.01266214, -0.00527926, 0.00088652
0.38645589, -0.10654011, -0.91610461
0.27227959, 0.74693143
0.00425961, 0.38628885, 0.01449997
0.29709768, 0.63023776, 0.71727651
0.39901367, 0.26863915
0.0, 0.38628885, -0.00606715
0.0, 0.70708334, -0.70708334
0.3990137, 0.22118479
0.0102836, 0.35004008, -4.319e-05
0.92385632, 0.0, -0.38267159
0.32873696, 0.24111336
0.0102836, 0.38628885, -4.319e-05
0.71727651, 0.63023776, -0.29709768
0.3990137, 0.24111325
0.0102836, 0.35004008, 0.008476
0.92385632, 0.0, 0.38267159
0.32873696, 0.25762981
0.00425962, 0.35004008, -0.00606718
0.38267159, 0.0, -0.92385632
0.32873696, 0.23065871
0.00425961, 0.35004008, 0.01449997
0.38267159, 0.0, 0.92385632
0.32873696, 0.26863915
0.0, 0.35004008, 0.01449998
0.0, 0.0, 1.0
0.32873696, 0.28052753
0.0, 0.5077365, -0.03536779
0.0, -0.09674367, -0.99530017
0.9424789, 0.04823869
0.0, 0.52501702, -0.0211393
0.0, 0.63560897, -0.77196568
0.9787358, 0.07153785
0.0026463, 0.52501702, -0.0211393
0.4036378, 0.54390085, -0.73564869
0.97598135, 0.0758242
0.0, 0.49716672, -0.0211393
0.0, -0.80272835, -0.59630114
0.91840541, 0.07223016
0.00159872, 0.50135088, -0.02677188
0.73625904, -0.18872645, -0.64980012
0.93009901, 0.06490403
0.0026463, 0.49716672, -0.0211393
0.51667839, -0.63847774, -0.57039094
0.9219873, 0.0758242
0.0026463, 0.50225616, -0.0211393
0.88964504, 0.39506212, -0.22894986
0.93185425, 0.0758242
0.01014285, 0.35004008, -0.01539305
0.1727958, 0.56166267, -0.80910671
0.77681017, 0.8539319
0.0169058, 0.23597959, 0.00031655
0.73201698, -0.66435742, -0.15085299
0.5556761, 0.88438874
0.01014285, 0.23597959, -0.01539305
0.1727958, -0.56166267, -0.80910671
0.5556761, 0.8539319
0.0169058, 0.35004008, 0.00031655
0.73201698, 0.66435742, -0.15085299
0.77681017, 0.88438874
0.0169058, 0.23597959, 0.01089949
0.72243416, -0.63576162, 0.27179784
0.5556761, 0.90490633
0.0169058, 0.35004008, 0.01089949
0.72243416, 0.63576162, 0.27179784
0.77681017, 0.90490633
0.00738152, 0.23597959, 0.02176475
0.32224494, -0.624897, 0.71105075
0.5556761, 0.93803645
0.00738152, 0.35004008, 0.02176475
0.32224494, 0.624897, 0.71105075
0.77681017, 0.93769112
0.0, 0.23597959, 0.02176475
0.0, -0.70708334, 0.70708334
0.5556761, 0.95876016
0.0086933, 0.23597959, -0.01114968
0.92257452, 0.05261391, 0.38212225
0.00195855, 0.1669488
0.00638873, 0.28330627, -0.01739684
0.92355114, 0.02649007, -0.38251901
0.09371287, 0.15668774
0.00638873, 0.28330627, -0.01210425
0.92355114, 0.02649007, 0.38254952
0.09371287, 0.1669488
0.00360088, 0.23597959, -0.00605727
0.38215277, 0.05261391, 0.92257452
0.00195855, 0.17711926
0.0026463, 0.28330627, -0.00836183
0.38251901, 0.02649007, 0.92355114
0.09371287, 0.17711926
0.0026463, 0.28330627, -0.0211393
0.38251901, 0.02649007, -0.92355114
0.09371287, 0.14649189
0.0, 0.23597959, -0.02344383
0.0, 0.04861598, -0.99880975
0.00195855, 0.14010274
0.0, 0.28330627, -0.02113926
0.0, 0.02432325, -0.99969482
0.09371287, 0.14010274
0.0, 0.23597959, -0.00605725
0.0, 0.04861598, 0.99880975
0.00195855, 0.18355155
0.0, 0.28330627, -0.00836183
0.0, 0.02432325, 0.99969482
0.09371287, 0.18355155
0.00360089, 0.23597959, -0.02344383
0.38215277, 0.05261391, -0.92257452
0.00195855, 0.14649189
0.0, 0.23597959, -0.00606715
0.0, -0.89452803, -0.44694358
0.5556761, 0.83470947
0.0, 0.35004008, -0.00606715
0.0, 0.89452803, -0.44694358
0.77681017, 0.83470947
0.0, 0.35004008, 0.02176475
0.0, 0.70708334, 0.70708334
0.77681017, 0.95876016
0.00638873, 0.51707816, -0.01210425
0.70708334, 0.70708334, 0.0
0.49225542, 0.19116741
0.00638873, 0.50808948, 0.00157011
0.70708334, -0.70708334, 0.0
0.47482881, 0.21767849
0.00638873, 0.50808948, -0.01210425
0.70708334, -0.70708334, 0.0
0.47482881, 0.19116741
0.0, 0.50808948, 0.00157011
0.0, -1.0, 0.0
0.47482881, 0.21767849
0.0, 0.51707816, -0.01210425
0.0, 1.0, 0.0
0.49225542, 0.19116741
0.00638873, 0.51707816, 0.00157011
0.70708334, 0.70708334, 0.0
0.49225542, 0.21767849
-0.01266218, 0.1235119, 0.01632079
-0.70708334, 0.0, 0.70708334
0.56477499, 0.54172787
-0.01266214, 0.08951148, -0.01631575
-0.65379804, -0.38019958, -0.65416425
0.49882448, 0.60503301
-0.01266218, 0.09767735, 0.01632079
-0.92324597, 0.29319131, 0.24817652
0.5146637, 0.54172787
-0.01266218, 0.23597959, 0.01632079
-0.57734919, 0.57734919, 0.57734919
0.78292513, 0.54176804
-0.01266222, 0.23597956, -0.02564813
-0.57734919, 0.57731867, -0.57734919
0.78292513, 0.623135
-0.01266216, 0.12351187, -0.02564813
-0.67824334, -0.09811701, -0.72823268
0.56487924, 0.623135
0.0, 0.08951154, -0.01631575
0.0, -0.26468703, -0.96432388
0.49882448, 0.63233146
-0.01266218, 0.1235119, 0.01632079
-0.70708334, 0.0, 0.70708334
0.56487924, 0.54176804
0.0, 0.09767735, 0.01632079
0.0, 0.76326793, 0.64607686
0.5146637, 0.51486745
0.0, 0.12351193, 0.01632079
0.0, 0.0, 1.0
0.56487924, 0.51486745
0.0, 0.23597965, 0.01632079
0.0, 0.70708334, 0.70708334
0.78292513, 0.51486745
-0.01266218, 0.23597959, 0.01632079
-0.57734919, 0.57734919, 0.57734919
0.78292871, 0.54172787
0.0, 0.09767735, 0.01632079
0.0, 0.76326793, 0.64607686
0.51066518, 0.50346842
-0.01266218, 0.10084701, 0.03524815
-0.65147865, 0.75444806, 0.07971434
0.47803125, 0.48826021
0.0, 0.10084707, 0.03524815
0.0, 0.99444562, 0.10507523
0.50227529, 0.47695845
-0.01266218, 0.09767735, 0.01632079
-0.92324597, 0.29319131, 0.24817652
0.48618829, 0.53055975
-0.01266215, 0.07041852, 0.0027645
-0.70708334, -0.49983215, -0.50013733
0.41903815, 0.55123764
0.00707572, -0.03729293, 0.03072331
0.86272776, -0.15570544, -0.48106328
0.08020091, 0.92083231
0.00707572, 0.0652649, 0.00951833
0.86172062, 0.16879788, 0.47843868
0.40154356, 0.78637326
0.00707572, -0.06124455, 0.05415964
0.26703694, 0.32065797, 0.90874964
0.08020091, 0.92083231
-0.01266214, -0.11742705, 0.09605476
-0.56697285, -0.39152196, 0.72469252
0.02587861, 0.35824782
-0.01266214, -0.13237238, 0.01566927
-0.57383955, -0.65901667, -0.48615986
0.02587861, 0.52621898
0.0, -0.11742675, 0.09605476
0.0, -0.47529528, 0.87978756
0.00619711, 0.32421046
-0.01266214, -0.09156862, 0.08523492
-0.66716516, 0.41142002, 0.6209296
0.08020091, 0.38097787
0.0, 0.06139483, 0.02123056
0.0, -0.9886471, 0.15021211
0.38302925, 0.49045938
-0.01266214, 0.06549262, 0.03440205
-0.80855739, -0.58497882, -0.06326487
0.40948814, 0.48990065
-0.01266214, 0.06139483, 0.02123056
-0.67479473, -0.72960603, 0.11087374
0.40154356, 0.51543686
0.0, 0.03885698, 0.08123403
0.0, -0.90856653, 0.41767633
0.32614577, 0.37764579
-0.01266214, 0.03885698, 0.08123403
-0.56212044, -0.75142676, 0.34543902
0.35784835, 0.39910549
-0.01266214, 0.07954219, 0.0891369
-0.58766443, 0.38874477, 0.70955533
0.43672663, 0.38378388
0.0, 0.07954225, 0.0891369
0.0, 0.48048341, 0.87697989
0.44933298, 0.35678333
-0.01266214, 0.06139483, 0.02123056
-0.67479473, -0.72960603, 0.11087374
0.07297549, 0.66843551
0.0, 0.06139483, 0.01178215
0.0, -1.0, 0.0
0.0484269, 0.65011752
-0.00785267, 0.16657978, -0.02572631
-0.54118472, 0.71251565, -0.44651631
0.89347082, 0.07695562
-0.00785267, 0.16105106, -0.03454857
-0.61262858, 0.38270211, -0.69148839
0.88275212, 0.05985171
-0.00785267, 0.14810967, -0.03454857
-0.77303386, 0.17087314, -0.6108585
0.85766196, 0.05985171
-0.0026463, 0.5128777, -0.0211393
-0.35456404, 0.37607959, -0.85604417
0.57701701, 0.14649189
-0.0026463, 0.53259373, -0.0211393
-0.29709768, 0.63023776, -0.71727651
0.61524147, 0.14649189
-0.00638873, 0.53259373, -0.01739684
-0.71727651, 0.63023776, -0.29709768
0.61524147, 0.15668774
-0.00638873, 0.5128777, -0.01739684
-0.85604417, 0.37607959, -0.35456404
0.57701701, 0.15668774
-0.00638873, 0.53259373, -0.01210425
-0.71727651, 0.63023776, 0.29709768
0.61524147, 0.16694868
-0.0026463, 0.38628885, 0.01060512
-0.22745445, 0.80416274, 0.54911953
0.39901367, 0.26630884
-0.00638873, 0.5128777, -0.01210425
-0.85601366, 0.37607959, 0.35459456
0.57701701, 0.16694868
-0.00264629, 0.53259373, -0.00836183
-0.29709768, 0.63026828, 0.717246
0.61524147, 0.17711926
-0.00264629, 0.5128777, -0.00836183
-0.35453352, 0.37611011, 0.85604417
0.57701701, 0.17711926
-0.00638873, 0.38628885, 0.00157011
-0.54911953, 0.80416274, -0.22745445
0.3990137, 0.24424106
-0.00638873, 0.53259373, 0.00686269
-0.71727651, 0.63023776, 0.29709768
0.57701701, 0.25450212
-0.00638873, 0.53259373, 0.00157011
-0.71727651, 0.63023776, -0.29709768
0.57701701, 0.24424106
-0.00785267, 0.12364484, -0.02572631
-0.56990266, -0.72832423, -0.38035217
0.81023103, 0.07695562
-0.00785267, 0.13303168, -0.04370011
-0.57402265, -0.21997741, -0.78868985
0.82842958, 0.04210907
-0.0102836, 0.38628885, 0.008476
-0.71727651, 0.63023776, 0.29709768
0.3990137, 0.25762981
-0.00638873, 0.38628885, 0.0068627
-0.54911953, 0.80416274, 0.22742394
0.3990137, 0.25450212
-0.0026463, 0.38628885, -0.00217232
-0.22745445, 0.80416274, -0.54911953
0.39901367, 0.2337963
-0.0026463, 0.53259373, -0.00217232
-0.29709768, 0.63023776, -0.71727651
0.57701701, 0.2337963
-0.00264629, 0.53259373, 0.01060512
-0.29709768, 0.63026828, 0.71727651
0.57701701, 0.26630884
-0.00707572, 0.0652649, 0.00951833
-0.86172062, 0.16879788, 0.47843868
0.40154356, 0.51543686
-0.00707572, -0.03729293, 0.03072331
-1.0, 0.0, 0.0
0.08020091, 0.38097787
-0.00707572, -0.06124455, 0.05415964
-0.26703694, 0.32065797, 0.90874964
0.08020091, 0.38097787
0.0, 0.10084707, 0.03524815
0.0, 0.10956145, 0.99395734
0.81748295, 0.45614713
-0.00491184, 0.137326, 0.03122681
-0.64775538, 0.29758599, 0.70128483
0.88681877, 0.4745695
-0.00491184, 0.10084707, 0.03524815
-0.71938229, 0.07608265, 0.69038969
0.81609535, 0.46677309
-0.0049119, 0.10802214, 0.03021049
-0.90810877, 0.28406629, -0.30759606
0.83000594, 0.47653979
-0.00491184, 0.13258317, 0.02885541
-0.87331766, -0.31858271, -0.36844996
0.87762344, 0.47916716
0.0, 0.10802214, 0.03021049
0.0, 0.67842644, -0.73464155
0.83651179, 0.4830274
0.0, 0.137326, 0.03122681
0.0, 0.39063692, 0.92052978
0.89056724, 0.46613735
-0.00491184, 0.15528099, 0.01632079
-0.40357676, 0.58439893, 0.70393991
0.92162877, 0.50346842
-0.00491184, 0.13512404, 0.01632079
-0.7480697, -0.65034944, -0.13180944
0.88254946, 0.50346842
0.0, 0.13258317, 0.02885541
0.0, -0.6540727, -0.75640124
0.87199736, 0.48549289
-0.00491184, 0.10768338, 0.01632079
-0.71251565, 0.7014069, -0.01709037
0.82934922, 0.50346842
-0.00425962, 0.38628885, -0.00606718
-0.29709768, 0.63023776, -0.71727651
0.39901367, 0.23065871
-0.0102836, 0.38628885, -4.319e-05
-0.71727651, 0.63023776, -0.29709768
0.3990137, 0.24111325
-0.00425961, 0.38628885, 0.01449997
-0.29709768, 0.63023776, 0.71727651
0.39901367, 0.26863915
-0.0102836, 0.35004008, -4.319e-05
-0.92385632, 0.0, -0.38267159
0.32873696, 0.24111336
-0.0102836, 0.35004008, 0.008476
-0.92385632, 0.0, 0.38267159
0.32873696, 0.25762981
-0.00425962, 0.35004008, -0.00606718
-0.38267159, 0.0, -0.92385632
0.32873696, 0.23065871
-0.00425961, 0.35004008, 0.01449997
-0.38267159, 0.0, 0.92385632
0.32873696, 0.26863915
-0.0026463, 0.52501702, -0.0211393
-0.4036378, 0.54390085, -0.73564869
0.97598135, 0.0758242
0.0, 0.49716672, -0.0211393
0.0, -0.80272835, -0.59630114
0.9219873, 0.0758242
-0.00159872, 0.50135088, -0.02677185
-0.73625904, -0.18869594, -0.64980012
0.93009901, 0.06490409
0.0, 0.50135088, -0.02677188
0.0, -0.41596729, -0.90936005
0.93009901, 0.06490403
-0.0026463, 0.49716672, -0.0211393
-0.51667839, -0.63847774, -0.57039094
0.9219873, 0.0758242
-0.0026463, 0.50225616, -0.0211393
-0.88964504, 0.39506212, -0.22894986
0.93185425, 0.0758242
-0.0169058, 0.23597959, 0.00031655
-0.73201698, -0.66435742, -0.15085299
0.5556761, 0.88438874
-0.01014285, 0.35004008, -0.01539305
-0.1727958, 0.56166267, -0.80910671
0.77681017, 0.8539319
-0.01014285, 0.23597959, -0.01539305
-0.1727958, -0.56166267, -0.80910671
0.5556761, 0.8539319
-0.0169058, 0.23597959, 0.01089949
-0.72243416, -0.63576162, 0.27179784
0.5556761, 0.90490633
-0.0169058, 0.35004008, 0.00031655
-0.73201698, 0.66435742, -0.15085299
0.77681017, 0.88438874
-0.00738152, 0.23597959, 0.02176475
-0.32224494, -0.624897, 0.71105075
0.5556761, 0.93803638
-0.0169058, 0.35004008, 0.01089949
-0.72243416, 0.63576162, 0.27179784
0.77681017, 0.90490633
-0.00738152, 0.35004008, 0.02176475
-0.32224494, 0.624897, 0.71105075
0.77681017, 0.93769118
-0.00638873, 0.28330627, -0.01739684
-0.92355114, 0.02649007, -0.38251901
0.09371287, 0.15668774
-0.0086933, 0.23597959, -0.01114968
-0.92257452, 0.05261391, 0.38212225
0.00195855, 0.1669488
-0.00638873, 0.28330627, -0.01210425
-0.92355114, 0.02649007, 0.38254952
0.09371287, 0.1669488
-0.00360088, 0.23597959, -0.00605727
-0.38215277, 0.05261391, 0.92257452
0.00195855, 0.17712176
-0.0026463, 0.28330627, -0.00836183
-0.38251901, 0.02649007, 0.92355114
0.09371287, 0.17711926
-0.0026463, 0.28330627, -0.0211393
-0.38251901, 0.02649007, -0.92355114
0.09371287, 0.14649189
-0.00360089, 0.23597959, -0.02344383
-0.38215277, 0.05261391, -0.92257452
0.00195855, 0.14647388
-0.0086933, 0.23597959, -0.01835144
-0.92257452, 0.05261391, -0.38215277
0.00195855, 0.15668774
-0.00638873, 0.50808948, 0.00157011
-0.70708334, -0.70708334, 0.0
0.47482881, 0.21767849
-0.00638873, 0.51707816, -0.01210425
-0.70708334, 0.70708334, 0.0
0.49225542, 0.19116741
-0.00638873, 0.50808948, -0.01210425
-0.70708334, -0.70708334, 0.0
0.47482881, 0.19116741
-0.00638873, 0.51707816, 0.00157011
-0.70708334, 0.70708334, 0.0
0.49225542, 0.21767849
0.0, 0.51287723, -0.00836183
0.0, 0.44721824, 0.89440596
0.57701701, 0.18355155
0.0, 0.51287723, -0.00836183
0.0, 0.44721824, 0.89440596
0.7046681, 0.05729276
0.00638873, 0.51287794, -0.01210425
0.85601366, 0.37607959, 0.35459456
0.71910983, 0.06575233
0.0, 0.51287758, -0.0211393
0.0, 0.44721824, -0.89440596
0.7046681, 0.08617598
0.0, 0.51287758, -0.0211393
0.0, 0.44721824, -0.89440596
0.57701701, 0.14003921
0.0, 0.50135088, -0.02677188
0.0, -0.41596729, -0.90936005
0.92793512, 0.0627327
0.00159872, 0.50135088, -0.02677188
0.73625904, -0.18872645, -0.64980012
0.70762199, 0.04400426
0.0, 0.50225616, -0.0211393
0.0, 0.98730427, -0.15866573
0.7046681, 0.05454487
0.0026463, 0.50225616, -0.0211393
0.88964504, 0.39506212, -0.22894986
0.70955753, 0.05454487
-0.00159872, 0.50135088, -0.02677185
-0.73625904, -0.18869594, -0.64980012
0.70171428, 0.04400426
-0.0026463, 0.50225616, -0.0211393
-0.88964504, 0.39506212, -0.22894986
0.69977868, 0.05454487
0.0, 0.53259373, -0.0211393
0.0, 0.70708334, -0.70708334
0.7046681, 0.17586702
-0.00638873, 0.53259373, -0.01739684
-0.71727651, 0.63023776, -0.29709768
0.69022638, 0.16740716
0.0, 0.53259373, -0.00836183
0.0, 0.70708334, 0.70708334
0.7046681, 0.14698356
0.0, 0.0652649, 0.00951833
0.0, 0.33274332, 0.94299144
0.38302925, 0.49045938
0.0, -0.06124455, 0.05415966
0.0, 0.33274332, 0.94299144
0.06068813, 0.34825051
0.0, -0.06124455, 0.05415966
0.0, 0.33274332, 0.94299144
0.06068815, 0.95356
0.01266214, 0.06139483, 0.01178217
0.63020724, -0.717246, -0.29721975
0.40154356, 0.76805532
1e-08, 0.07041852, 0.0027645
0.0, -0.70686972, -0.70732749
0.41903815, 0.75057244
-1e-08, 0.07041852, 0.0027645
0.0, -0.70686972, -0.70732749
0.41903815, 0.55123764
-0.01266214, 0.06139483, 0.01178214
-0.63020724, -0.717246, -0.29721975
0.40154356, 0.53375489
-0.01266214, 0.08951148, -0.01631575
-0.65379804, -0.38019958, -0.65416425
0.48465905, 0.59943771
-0.00707572, -0.03729293, 0.03072331
0.0, -0.30796227, -0.95138401
0.08020091, 0.92083231
0.00707572, 0.081632, -0.00777226
0.30317086, -0.29346597, -0.90661335
0.40154356, 0.78637326
0.0, -0.00527926, 0.00088655
0.0, 0.69899595, 0.71507919
0.06068813, 0.34825051
0.0, -0.09156862, 0.08523495
0.0, 0.552324, 0.8336131
0.06068813, 0.34825051
0.0, -0.00527926, 0.00088655
0.0, 0.69899595, 0.71507919
0.06068815, 0.95356
0.0, -0.09156862, 0.08523495
0.0, 0.552324, 0.8336131
0.06068815, 0.95356
0.01266218, 0.09767735, 0.01632079
0.92324597, 0.29319131, 0.24817652
0.5146637, 0.76008189
0.0, 0.23597965, 0.01632079
0.0, 0.70708334, 0.70708334
0.78292507, 0.78694263
0.0, 0.12364484, -0.02572631
0.0, -0.8863796, -0.46290475
0.81023103, 0.06634468
0.00491184, 0.09767735, 0.01632079
1.0, 0.0, 0.0
0.80995011, 0.79834171
0.0, 0.15528099, 0.01632079
0.0, 0.6387524, 0.76940215
0.92783523, 0.80618598
0.0, 0.10768338, 0.01632079
0.0, 0.99969482, -0.02435377
0.83656859, 0.79836179
0.0, 0.35004008, -0.00606715
0.0, 0.0, -1.0
0.32873696, 0.22118479
0.0086933, 0.23597959, -0.01835144
0.92257452, 0.05261391, -0.38215277
0.00195855, 0.15668774
0.0, 0.50808948, -0.01210425
0.0, -1.0, 0.0
0.47482881, 0.19116741
0.0, 0.51707816, 0.00157011
0.0, 1.0, 0.0
0.49225542, 0.21767849
-0.01266216, 0.12351187, -0.02564813
-0.67824334, -0.09811701, -0.72823268
0.56477499, 0.623135
0.0, 0.06549267, 0.03440205
0.0, -0.99417096, -0.10751671
0.37842134, 0.46662599
-0.01266214, 0.06139483, 0.01178214
-0.63020724, -0.717246, -0.29721975
0.07297549, 0.65011752
-0.00707572, 0.081632, -0.00777226
-1.0, 0.0, 0.0
0.40154356, 0.51543686
-0.00491184, 0.09767735, 0.01632079
-1.0, 0.0, 0.0
0.80995011, 0.50346842
0.0, 0.15528099, 0.01632079
0.0, 0.6387524, 0.76940215
0.92783529, 0.49562424
0.0, 0.13512404, 0.01632079
0.0, -0.98004091, -0.19864498
0.8764466, 0.50462773
0.0, 0.10768338, 0.01632079
0.0, 0.99969482, -0.02435377
0.83656859, 0.5034484
0.0026463, 0.51287794, -0.0211393
0.35453352, 0.37611011, -0.85604417
0.71065009, 0.08617598
0.00638873, 0.51287794, -0.01739684
0.85604417, 0.37607959, -0.35456404
0.71910983, 0.07771641
-0.0026463, 0.5128777, -0.0211393
-0.35456404, 0.37607959, -0.85604417
0.69868618, 0.08617616
-0.00638873, 0.5128777, -0.01739684
-0.85604417, 0.37607959, -0.35456404
0.69022638, 0.07771641
-0.00638873, 0.5128777, -0.01210425
-0.85601366, 0.37607959, 0.35459456
0.69022638, 0.06575233
-0.00264629, 0.5128777, -0.00836183
-0.35453352, 0.37611011, 0.85604417
0.69868618, 0.05729276
0.00264629, 0.51287794, -0.00836183
0.35450301, 0.37614062, 0.85604417
0.71065009, 0.05729276
0.0, 0.50135088, -0.02677188
0.0, -0.41596729, -0.90936005
0.7046681, 0.04400426
-0.00264629, 0.53259373, -0.00836183
-0.29709768, 0.63026828, 0.717246
0.69868618, 0.14698356
-0.00638873, 0.53259373, -0.01210425
-0.71727651, 0.63023776, 0.29709768
0.69022638, 0.15544331
0.00264629, 0.53259373, -0.00836183
0.29709768, 0.63026828, 0.717246
0.71065009, 0.14698356
0.00638873, 0.53259373, -0.01210425
0.71727651, 0.63023776, 0.29709768
0.71910983, 0.15544331
0.00638873, 0.53259373, -0.01739684
0.71727651, 0.63023776, -0.29709768
0.71910983, 0.16740716
0.0026463, 0.53259373, -0.0211393
0.29709768, 0.63023776, -0.71727651
0.71065009, 0.17586702
-0.0026463, 0.53259373, -0.0211393
-0.29709768, 0.63023776, -0.71727651
0.69868618, 0.17586702
0.0, 0.0652649, 0.00951833
0.0, 0.33274332, 0.94299144
0.38302925, 0.81135073
-0.0, 0.06139483, 0.01178217
0.0, -0.70686972, -0.70732749
0.40154356, 0.76805532
0.0, 0.08951148, -0.01631575
0.0, -0.70686972, -0.70732749
0.48465905, 0.70237237
0.0, 0.06139483, 0.01178214
0.0, -0.7068392, -0.70732749
0.40154356, 0.53375489
0.0, 0.08951148, -0.01631575
0.0, -0.70686972, -0.70732749
0.48465905, 0.59943771
-0.00707572, 0.081632, -0.00777226
0.0, -0.30796227, -0.95138401
0.40154356, 0.78637326
-0.01266214, -0.00527926, 0.00088652
0.0, 0.69899595, 0.71507919
0.08020091, 0.38097787
0.01266214, -0.00527926, 0.00088652
0.0, 0.69899595, 0.71507919
0.08020091, 0.92083231
# Number of Faces:
368
# Face Data:
0, 1, 2
3, 4, 5
6, 7, 8
9, 10, 11
4, 12, 9
5, 8, 3
0, 5, 13
14, 15, 16
16, 17, 18
19, 20, 21
22, 23, 19
24, 25, 26
24, 27, 28
29, 27, 30
31, 15, 32
24, 29, 30
33, 34, 35
36, 37, 38
39, 40, 41
42, 43, 38
44, 40, 45
46, 47, 44
48, 49, 50
51, 52, 46
37, 53, 42
54, 55, 51
56, 57, 58
36, 59, 60
61, 57, 62
58, 63, 64
65, 62, 56
66, 49, 65
64, 67, 68
60, 69, 37
66, 56, 68
70, 71, 72
73, 74, 75
76, 70, 77
76, 78, 79
80, 81, 70
82, 79, 83
84, 78, 77
57, 85, 63
21, 86, 87
88, 62, 49
63, 89, 67
90, 85, 91
92, 91, 61
93, 89, 85
94, 61, 88
95, 88, 48
96, 97, 98
99, 100, 101
101, 100, 102
103, 104, 105
106, 107, 104
108, 109, 107
110, 111, 109
112, 113, 114
115, 114, 116
117, 118, 119
120, 116, 121
113, 122, 117
123, 103, 105
124, 125, 108
107, 111, 123
126, 127, 128
129, 128, 127
130, 131, 126
132, 133, 134
135, 3, 136
137, 138, 133
139, 140, 141
135, 141, 142
136, 8, 137
136, 132, 143
144, 145, 146
147, 148, 145
149, 150, 151
73, 152, 153
154, 155, 152
156, 157, 158
157, 159, 160
159, 161, 160
162, 145, 161
161, 157, 160
163, 164, 33
165, 166, 167
39, 168, 169
43, 166, 165
168, 170, 169
171, 172, 170
173, 48, 50
174, 175, 172
53, 167, 166
176, 54, 175
177, 178, 179
59, 180, 181
177, 182, 183
184, 179, 185
178, 173, 186
173, 66, 186
67, 185, 68
69, 181, 167
179, 178, 68
187, 188, 189
190, 191, 192
192, 191, 193
194, 195, 193
196, 197, 191
198, 199, 194
195, 200, 193
177, 201, 202
15, 26, 17
22, 21, 87
183, 203, 173
184, 89, 201
201, 204, 202
202, 205, 182
89, 206, 201
182, 207, 203
203, 95, 48
96, 208, 97
209, 210, 211
212, 213, 210
214, 215, 216
217, 218, 214
219, 220, 217
111, 221, 219
222, 223, 224
224, 225, 226
227, 118, 228
226, 120, 121
222, 228, 229
215, 123, 216
220, 124, 218
123, 217, 214
230, 231, 232
232, 129, 230
233, 130, 231
113, 40, 47
114, 47, 52
116, 52, 55
227, 171, 168
222, 174, 171
224, 176, 174
234, 116, 55
226, 234, 176
235, 236, 237
117, 41, 40
238, 227, 168
96, 102, 100
239, 96, 100
210, 96, 239
213, 96, 210
240, 241, 242
241, 243, 244
245, 246, 247
248, 189, 249
150, 250, 151
153, 155, 74
158, 145, 148
251, 252, 17
252, 18, 17
253, 254, 148
255, 253, 148
256, 257, 149
258, 155, 259
22, 260, 261
0, 262, 1
3, 263, 4
6, 1, 7
9, 12, 10
4, 263, 12
5, 6, 8
0, 2, 5
14, 32, 15
16, 15, 17
19, 23, 20
22, 261, 23
24, 28, 25
24, 30, 27
29, 31, 27
31, 29, 15
24, 15, 29
33, 164, 34
36, 60, 37
37, 42, 38
39, 45, 40
42, 53, 43
44, 47, 40
46, 52, 47
48, 88, 49
51, 55, 52
37, 69, 53
54, 234, 55
56, 62, 57
36, 264, 59
61, 91, 57
58, 57, 63
65, 49, 62
66, 50, 49
64, 63, 67
60, 59, 69
64, 68, 58
66, 65, 56
56, 58, 68
70, 81, 71
73, 153, 74
72, 265, 77
265, 84, 77
82, 80, 70
72, 77, 70
76, 82, 70
76, 77, 78
80, 266, 81
82, 76, 79
84, 267, 78
57, 91, 85
21, 20, 86
88, 61, 62
63, 85, 89
90, 93, 85
92, 90, 91
93, 268, 89
94, 92, 61
95, 94, 88
99, 239, 100
103, 106, 104
106, 108, 107
108, 110, 109
110, 125, 111
112, 269, 113
115, 112, 114
117, 122, 118
120, 115, 116
113, 269, 122
123, 124, 103
108, 106, 124
103, 124, 106
125, 110, 108
123, 105, 104
104, 107, 123
109, 111, 107
126, 131, 127
129, 270, 128
130, 271, 131
132, 272, 133
135, 142, 3
137, 8, 138
139, 134, 140
135, 139, 141
136, 3, 8
136, 272, 132
144, 147, 145
147, 255, 148
149, 257, 150
73, 154, 152
154, 259, 155
156, 273, 157
157, 273, 159
159, 162, 161
162, 146, 145
161, 145, 157
163, 274, 164
180, 165, 167
167, 181, 180
39, 41, 168
43, 53, 166
168, 171, 170
171, 174, 172
173, 203, 48
174, 176, 175
53, 69, 167
176, 234, 54
177, 183, 178
59, 264, 180
177, 202, 182
184, 177, 179
178, 183, 173
173, 50, 66
67, 184, 185
69, 59, 181
66, 68, 178
185, 179, 68
178, 186, 66
187, 275, 188
190, 196, 191
200, 276, 193
191, 197, 198
191, 198, 194
193, 276, 192
191, 194, 193
194, 199, 195
196, 277, 197
198, 278, 199
195, 279, 200
177, 184, 201
251, 17, 26
15, 24, 26
22, 19, 21
183, 182, 203
184, 67, 89
201, 206, 204
202, 204, 205
89, 268, 206
182, 205, 207
203, 207, 95
209, 212, 210
214, 218, 215
217, 220, 218
219, 221, 220
111, 125, 221
222, 229, 223
224, 223, 225
227, 119, 118
226, 225, 120
222, 227, 228
215, 124, 123
215, 218, 124
220, 221, 125
125, 124, 220
214, 216, 123
123, 111, 217
219, 217, 111
230, 233, 231
232, 270, 129
233, 271, 130
113, 117, 40
114, 113, 47
116, 114, 52
227, 222, 171
222, 224, 174
224, 226, 176
234, 121, 116
226, 121, 234
280, 237, 281
282, 283, 237
284, 285, 235
235, 286, 236
236, 281, 237
237, 283, 284
284, 235, 237
117, 119, 41
238, 119, 227
96, 98, 102
213, 208, 96
240, 287, 241
241, 287, 243
288, 247, 289
290, 291, 247
292, 293, 245
245, 294, 246
246, 289, 247
247, 291, 292
292, 245, 247
248, 187, 189
150, 295, 250
153, 152, 155
148, 254, 158
158, 157, 145
251, 296, 252
252, 297, 18
253, 298, 254
255, 299, 253
256, 300, 257
258, 301, 155
22, 302, 260
