# Project Zomboid Skinned Mesh
# File Version:
1.0
# Model Name:
Cube
# Vertex Stride Element Count:
3
# Vertex Stride Size (in bytes):
76
# Vertex Stride Data:
# (Int)    Offset
# (String) Type
0
VertexArray
12
NormalArray
24
TextureCoordArray
# Vertex Count:
330
# Vertex Buffer:
0.0, 0.28930882, -0.03099151
0.0, 0.16293833, -0.98660237
0.59523928, 0.6929788
0.01344246, 0.30178735, -0.02675361
0.74568927, 0.10855434, -0.65736872
0.62033492, 0.72642386
0.01344246, 0.28930882, -0.03099151
0.67217016, 0.12063967, -0.73046052
0.59523928, 0.71790081
0.0121845, 0.09538756, 0.01417195
0.75911742, 0.0, 0.65092927
0.19562846, 0.80873168
0.0121845, 0.21896033, -0.02724395
0.70708334, 0.0, -0.70708334
0.44415289, 0.7254377
0.0121845, 0.21896033, 0.01417195
0.70708334, 0.0, 0.70708334
0.44415289, 0.80873168
0.0, 0.09538756, 0.01417195
0.0, 0.0, 0.99996948
0.19562846, 0.83323669
0.0, 0.21896033, 0.01417195
0.0, 0.0, 1.0
0.44415289, 0.83323663
0.0121845, 0.09400629, -0.02724395
0.6769616, -0.10278634, -0.728782
0.19285059, 0.7254377
0.0, 0.21896033, -0.02724395
0.0, 0.0, -1.0
0.44407761, 0.69964892
0.0, 0.30178735, -0.02675361
0.0, 0.16293833, -0.98660237
0.62033492, 0.70285702
0.01344246, 0.43363243, -0.02675361
0.57734919, 0.57734919, -0.57734919
0.88549644, 0.72642386
0.0, 0.08501377, -0.02465525
0.0, -0.27661976, -0.96096683
0.17476544, 0.70444441
0.0, 0.09400629, -0.02724395
0.0, -0.13968322, -0.99017304
0.19285059, 0.69964892
0.0062393, 0.13077645, 0.02952155
0.83526111, -0.47959837, -0.26880702
0.26680106, 0.86751163
0.00623929, 0.16927938, 0.01417195
0.29984435, 0.4521012, 0.84002197
0.34423709, 0.83664113
0.0062393, 0.12074813, 0.04029254
0.62776572, 0.06683554, 0.77547532
0.24663293, 0.88917381
0.0121845, 0.08501377, -0.02465525
0.71138644, -0.1944029, -0.67534411
0.17476544, 0.73064411
0.0, 0.21896033, -0.03099151
0.0, -0.70708334, -0.70708334
0.45375663, 0.6929788
0.0121845, 0.21896033, -0.02724395
0.0, -1.0, 0.0
0.45375651, 0.7254377
0.0, 0.21896033, -0.02724395
0.0, -1.0, 0.0
0.45375663, 0.70082891
0.01344246, 0.21896033, -0.03099151
0.57734919, -0.57734919, -0.57731867
0.45375663, 0.71790081
0.01344246, 0.28930882, 0.01780178
0.70708334, 0.0, 0.70708334
0.59523928, 0.81603181
0.01344246, 0.21896033, 0.01780178
0.57734919, -0.57734919, 0.57731867
0.45375663, 0.81603181
0.0121845, 0.21896033, 0.01417195
0.0, -1.0, 0.0
0.45375651, 0.80873168
0.0, 0.21896033, 0.01780178
0.0, -0.70708334, 0.70708334
0.45375663, 0.83455783
0.0, 0.21896033, 0.01417195
0.0, -1.0, 0.0
0.45375663, 0.8278017
0.01344246, 0.30178735, 0.01780178
0.70708334, 0.0, 0.70708334
0.62033492, 0.81603181
0.0, 0.43363243, 0.01780178
0.0, 0.70708334, 0.70708334
0.88549644, 0.83455783
0.0, 0.30178735, 0.01780178
0.0, 0.0, 1.0
0.62047732, 0.83455783
0.0, 0.28930882, 0.01780178
0.0, 0.0, 1.0
0.59523928, 0.83455783
0.01344246, 0.43363243, 0.01780178
0.57734919, 0.57734919, 0.57734919
0.88549644, 0.81603181
0.00721549, 0.53254741, -0.0198595
0.54911953, -0.80416274, -0.22745445
0.57322621, 0.5481016
0.00298875, 0.43363243, -0.0240862
0.38267159, 0.0, -0.92385632
0.37429351, 0.539601
0.00298875, 0.53254741, -0.0240862
0.22745445, -0.80416274, -0.54911953
0.57322621, 0.53960091
0.00721549, 0.53254741, -0.01388196
0.54911953, -0.80416274, 0.22745445
0.57322621, 0.56012332
0.00721548, 0.43363243, -0.0198595
0.92385632, 0.0, -0.38267159
0.37429363, 0.5481016
0.00298875, 0.53254741, -0.00965526
0.22745445, -0.80416274, 0.54911953
0.57322621, 0.57347894
0.00721549, 0.43363243, -0.01388196
0.92385632, 0.0, 0.38267159
0.37429351, 0.56012332
0.0, 0.43363243, -0.0240862
0.0, 0.0, -1.0
0.37427515, 0.53432518
0.0, 0.53254741, -0.0240862
0.0, -0.70708334, -0.70708334
0.57322621, 0.53368902
0.00861175, 0.55704325, -0.001145
0.71727651, 0.63023776, -0.29709768
0.62249136, 0.60640997
0.0035671, 0.47091025, -0.00618967
0.37839898, 0.14877774, -0.9135716
0.44926482, 0.59626442
0.00356711, 0.55704325, -0.00618967
0.29709768, 0.63023776, -0.71727651
0.62249136, 0.5962643
0.00861175, 0.55704325, 0.0059892
0.71727651, 0.63023776, 0.29709768
0.62249136, 0.620758
0.00861174, 0.47091025, -0.001145
0.9135716, 0.14877774, -0.37839898
0.44926482, 0.60640997
0.0035671, 0.55704325, 0.01103384
0.29709768, 0.63023776, 0.71727651
0.62249136, 0.63090354
0.00861175, 0.47091025, 0.0059892
0.9135716, 0.14877774, 0.37839898
0.44926482, 0.620758
0.0, 0.47091025, -0.00618967
0.0, 0.13318278, -0.99105805
0.44926482, 0.58889022
0.0, 0.55704325, -0.00618967
0.0, 0.70708334, -0.70708334
0.62250161, 0.58913812
0.0, 0.55704325, 0.01103384
0.0, 0.70708334, 0.70708334
0.65802085, 0.63090354
0.00861175, 0.55704325, 0.0059892
0.71727651, 0.63023776, 0.29709768
0.64070117, 0.620758
0.00861175, 0.55704325, -0.001145
0.71727651, 0.63023776, -0.29709768
0.64070117, 0.60640997
0.01344246, 0.43363243, -0.02675361
0.57734919, 0.57734919, -0.57734919
0.88549644, 0.27358621
0.0, 0.43363243, 0.01780178
0.0, 0.70708334, 0.70708334
0.88549644, 0.16545218
0.01344246, 0.43363243, 0.01780178
0.57734919, 0.57734919, 0.57734919
0.88549644, 0.18397826
0.0, 0.55704325, 0.01103384
0.0, 0.70708334, 0.70708334
0.62250662, 0.63780007
0.0035671, 0.47091025, 0.01103384
0.37839898, 0.14877774, 0.9135716
0.44926482, 0.63090354
0.0, 0.53254741, -0.00965526
0.0, -0.70708334, 0.70708334
0.57322621, 0.57980549
0.00298875, 0.43363243, -0.00965526
0.38267159, 0.0, 0.92385632
0.37414378, 0.57347894
0.01033704, 0.46460831, 0.00670385
0.91491437, 0.13879818, 0.37897885
0.43659025, 0.62219524
0.00428174, 0.46460831, -0.00791492
0.37897885, 0.13879818, -0.91491437
0.43659025, 0.5927946
0.0, 0.46460831, 0.01275915
0.0, 0.1332133, 0.99105805
0.43659025, 0.64242285
0.0, 0.47091025, 0.01103387
0.0, 0.1332133, 0.99105805
0.44926482, 0.63828304
0.00428174, 0.46460831, 0.01275912
0.37897885, 0.13879818, 0.91491437
0.43659025, 0.63437343
0.0, 0.46460831, -0.00791492
0.0, 0.13318278, -0.99105805
0.43659025, 0.58470899
0.00428174, 0.43363243, -0.00791492
0.38267159, 0.0, -0.92385632
0.37429351, 0.5927946
0.00428174, 0.43363243, 0.01275912
0.38267159, 0.0, 0.92385632
0.37429351, 0.63437343
0.01033702, 0.43363243, -0.00185965
0.92385632, 0.0, -0.38267159
0.37429363, 0.60497266
0.01033702, 0.46460831, -0.00185965
0.91491437, 0.13879818, -0.37897885
0.43659025, 0.60497266
0.0, 0.43363243, 0.01275915
0.0, 0.0, 1.0
0.37440139, 0.64342824
0.01033704, 0.43363243, 0.00670385
0.92385632, 0.0, 0.38267159
0.37429363, 0.62219524
0.00376367, 0.56093204, -0.0077844
0.29709768, 0.63023776, 0.71727651
0.6303134, 0.57472777
0.0, 0.53254741, -0.0077844
0.0, -0.70708334, 0.70708334
0.57322621, 0.58134103
0.00376367, 0.53254741, -0.0077844
0.29709768, -0.63023776, 0.71727651
0.57322621, 0.57472777
0.0090863, 0.53254741, -0.02063442
0.71727651, -0.63023776, -0.29709768
0.57322621, 0.54654306
0.0, 0.53254741, -0.02595705
0.0, -0.70708334, -0.70708334
0.57322621, 0.5310142
0.0090863, 0.53254741, -0.01310704
0.71727651, -0.63023776, 0.29709768
0.57322621, 0.56168181
0.0, 0.56093204, -0.0077844
0.0, 0.70708334, 0.70708334
0.66679728, 0.57238656
0.0090863, 0.56093204, -0.01310704
0.71727651, 0.63023776, 0.29709768
0.64852321, 0.56168181
0.0090863, 0.56093204, -0.02063442
0.71727651, 0.63023776, -0.29709768
0.64852321, 0.54654306
0.0090863, 0.56093204, -0.01310704
0.71727651, 0.63023776, 0.29709768
0.6303134, 0.56168181
0.00376367, 0.56093204, -0.02595705
0.29709768, 0.63023776, -0.71727651
0.6303134, 0.5358384
0.00376367, 0.53254741, -0.02595705
0.29709768, -0.63023776, -0.71727651
0.57322621, 0.5358384
0.0, 0.56093204, -0.02595705
0.0, 0.70708334, -0.70708334
0.6303134, 0.5310142
0.0090863, 0.56093204, -0.02063442
0.71727651, 0.63023776, -0.29709768
0.6303134, 0.54654306
0.0121845, 0.1006697, 0.0334979
0.64098024, 0.76601458, 0.04812769
0.1658887, 0.84759927
0.0, 0.07693752, 0.09085055
0.0, 0.55571157, 0.83135474
0.13194937, 0.96294451
0.0121845, 0.07693752, 0.09085055
0.60081792, 0.44419691, 0.66457105
0.11815962, 0.96294451
0.0121845, 0.06507155, 0.02728234
0.86745811, -0.48747215, 0.0990936
0.09429508, 0.8350988
0.0121845, 0.05157069, -0.01334905
0.60823387, -0.60237432, -0.5168615
0.06714284, 0.75338262
0.0, 0.08501377, -0.02465525
0.0, -0.32026124, -0.94732505
0.1344023, 0.69996059
0.0121845, 0.08501377, -0.02465525
0.69200718, -0.2311777, -0.68382823
0.1344023, 0.73064411
0.0, 0.04727235, 0.01117839
0.0, -0.94573808, 0.32490006
0.03653198, 0.80271113
0.0121845, 0.04727235, 0.01117839
0.61278117, -0.74733728, 0.25675222
0.05849823, 0.80271113
0.0, 0.03559222, 0.09085055
0.0, -0.84279919, 0.53816342
0.00419566, 0.96294451
0.0121845, 0.03559222, 0.09085055
0.55787838, -0.69945371, 0.44663838
0.03500748, 0.96294451
0.0121845, 0.09538756, 0.01417195
0.89474165, 0.43073824, -0.11770989
0.15526533, 0.80873168
0.0, 0.1006697, 0.0334979
0.0, 0.9980163, 0.06271554
0.1801202, 0.84759927
0.0, 0.05157069, -0.01334905
0.0, -0.7589038, -0.65117341
0.06714284, 0.72682011
0.0, 0.06507155, 0.02728234
0.0, -0.97994936, 0.19922483
0.06341338, 0.8350988
0.0161205, 0.28697926, 0.02160935
0.76073486, 0.14432204, 0.63280129
0.59055406, 0.94904292
0.0, 0.26990607, 0.02982442
0.0, -0.53215122, 0.84661394
0.55621707, 0.99999928
0.01612058, 0.26990607, 0.02982442
0.55735952, -0.44181645, 0.70293283
0.55621707, 0.96556473
0.0062393, 0.12025297, 0.03595938
0.81133455, -0.07525864, -0.5796991
0.24563688, 0.88045913
0.0, 0.13077645, 0.02952155
0.0, -0.87231058, -0.48893705
0.25969273, 0.86578417
0.0161206, 0.42073113, -0.01689242
0.65349287, 0.19479965, -0.73140657
0.85954922, 0.87160981
0.01612055, 0.3732315, 0.02905425
0.68141729, -0.08658101, 0.72673726
0.76402098, 0.96401572
0.0161207, 0.34243101, 0.02160935
0.73470259, -0.08023316, 0.67357403
0.70207626, 0.94904292
0.00623929, 0.09538756, 0.01417195
0.63881344, -0.74217963, 0.20255135
0.19562846, 0.83664113
0.0, 0.10069198, 0.0336071
0.0, -0.72637105, 0.68727684
0.1979003, 0.88582534
0.0, 0.09538756, 0.01417195
0.0, -0.96469009, 0.26328319
0.18521553, 0.84139264
0.00623929, 0.13077645, 0.01417195
0.70708334, -0.70708334, 0.0
0.26680106, 0.83664113
0.0, 0.13077645, 0.01417195
0.0, -1.0, 0.0
0.25372154, 0.8389864
0.00623929, 0.10168228, 0.01417195
0.7277444, 0.68266857, -0.06573687
0.20828837, 0.83664113
0.0, 0.10329188, 0.03088339
0.0, 0.77248454, -0.63499862
0.22066611, 0.86334717
0.00623931, 0.10329188, 0.03088339
0.85647142, 0.39875484, -0.3277688
0.21152526, 0.87025046
0.00623931, 0.10069198, 0.0336071
0.61473435, -0.57289344, 0.54206979
0.20629644, 0.87572831
0.0, 0.52723676, -0.03765434
0.0, 0.4412061, -0.89739674
0.56254673, 0.48393083
0.0, 0.53119147, -0.0198595
0.0, 0.97616506, -0.21692556
0.58167028, 0.51214966
0.00721549, 0.53119147, -0.0198595
0.67152929, 0.61748099, -0.40952787
0.57050061, 0.51971915
0.0, 0.12025297, 0.03595938
0.0, -0.12872708, -0.99166846
0.24461263, 0.87016392
0.0, 0.12074813, 0.04029254
0.0, 0.08587909, 0.99627674
0.24757117, 0.90133804
0.01612058, 0.26990607, 0.02982442
0.55735952, -0.44181645, 0.70293283
0.55621707, 0.03444535
0.0, 0.26990607, -0.01689242
0.0, -0.70708334, -0.70708334
0.55621707, 0.13630921
0.0161206, 0.26990607, -0.01689242
0.57734919, -0.57734919, -0.57734919
0.55621707, 0.12840027
0.01612055, 0.43639082, -0.00791353
0.60975981, 0.68578142, -0.39728996
0.8910442, 0.88966775
0.0, 0.42073113, -0.01689242
0.0, 0.2573626, -0.96630758
0.85954922, 0.86370087
0.0, 0.43639082, -0.00791353
0.0, 0.86526078, -0.50126654
0.8910442, 0.87963372
0.01612055, 0.39557219, 0.02905425
0.68712425, 0.06625568, 0.72347176
0.80895156, 0.96401572
0.0, 0.3732315, 0.02905425
0.0, -0.11828974, 0.9929502
0.76402098, 0.99606848
0.01612055, 0.43639082, -0.00791353
0.60975981, 0.68578142, -0.39728996
0.8910442, 0.11034232
0.0, 0.43639082, 0.00603468
0.0, 0.92385632, -0.38267159
0.89104396, 0.08229011
0.01612055, 0.43639082, 0.00603468
0.80416274, 0.54911953, -0.22745445
0.89104396, 0.08229011
0.0, 0.34243101, 0.02160935
0.0, -0.11828974, 0.9929502
0.70207626, 0.98143578
0.01612058, 0.44373918, 0.02469001
0.57734919, 0.57734919, 0.57734919
0.90582269, 0.04477149
0.0, 0.44373918, 0.01338305
0.0, 0.92385632, -0.38267159
0.90582269, 0.0675115
0.0, 0.44373918, 0.02469001
0.0, 0.70708334, 0.70708334
0.90582269, 0.01470584
0.01612055, 0.41919047, 0.02469001
0.72820216, 0.06250191, 0.68245488
0.85645145, 0.95523858
0.0, 0.44373918, 0.02469001
0.0, 0.70708334, 0.70708334
0.90582269, 0.98530418
0.0, 0.41919047, 0.02469001
0.0, 0.09121983, 0.99581897
0.85645145, 0.98530418
0.0161206, 0.44373918, 0.01338305
0.63023776, 0.71727651, -0.29709768
0.90582269, 0.0675115
0.0, 0.28697926, 0.02160935
0.0, 0.22235785, 0.97494429
0.59055406, 0.98143578
0.0161206, 0.26990607, -0.01689242
0.57734919, -0.57734919, -0.57734919
0.55621707, 0.87160981
0.0, 0.39557219, 0.02905425
0.0, 0.09121983, 0.99581897
0.80895156, 0.99606848
0.0057929, 0.24106668, -0.04184178
0.55140841, -0.38007751, -0.74257636
0.49821621, 0.66769665
0.0, 0.25611705, -0.03099151
0.0, 0.58479565, -0.81115144
0.53764099, 0.6719563
0.0057929, 0.25611705, -0.03099151
0.36948758, 0.54341257, -0.75374615
0.528485, 0.68951839
0.0057929, 0.24106668, -0.03099151
0.70708334, -0.70708334, 0.0
0.49821621, 0.68951839
0.00721549, 0.51795095, -0.0198595
0.73967713, -0.60240483, -0.29990539
0.54387164, 0.51971915
0.0, 0.51795095, -0.0198595
0.0, -1.0, 0.0
0.53140926, 0.51466593
0.0, 0.51795095, -0.03765434
0.0, -0.54652548, -0.83742791
0.54387164, 0.48393083
0.0, 0.24106668, -0.04184178
0.0, -0.45561084, -0.8901639
0.49035227, 0.65591729
0.01579547, -0.01418432, 0.00725489
0.74181342, -0.09878842, -0.66325879
0.2493369, 0.50881574
0.01579547, 0.08888843, -0.00433686
0.11218604, 0.75191504, 0.64961702
0.45663252, 0.48550296
0.01579547, -0.02369253, 0.03068187
0.10382397, 0.1056856, 0.98895228
0.23021445, 0.55593112
0.01579547, -0.09343505, 0.00725489
0.6666463, 0.33332315, -0.6666463
0.08995107, 0.50881574
0.01064417, -0.09343505, 0.00725489
-0.77932066, 0.0, -0.62657553
0.08995107, 0.50881574
0.01064417, -0.01418432, 0.00725489
-0.82375562, -0.07138279, -0.5623951
0.2493369, 0.50881574
0.01579547, 0.08368865, -0.02256403
0.57640308, 0.39072847, -0.71767324
0.44617501, 0.44884521
0.01579547, -0.09343505, 0.03068187
0.108005, 0.0, 0.99414045
0.08995107, 0.55593112
0.01064417, 0.08368865, -0.02256403
-0.65422529, 0.3998535, -0.64189583
0.44617489, 0.44884521
0.01579547, -0.09343505, 0.06950974
0.57734919, 0.57734919, 0.57734919
0.08995107, 0.63402015
0.0, -0.11504243, 0.06950974
0.0, -0.70708334, 0.70708334
0.02078778, 0.63402015
0.01579547, -0.11504243, 0.06950974
0.57734919, -0.57734919, 0.57734919
0.04649529, 0.63402015
0.01579547, -0.11504243, 0.00725489
0.57734919, -0.57734919, -0.57734919
0.04649529, 0.50881574
0.0, -0.09343505, 0.00725489
0.0, 0.70708334, -0.70708334
0.08995107, 0.49319071
0.0, -0.11504243, 0.00725489
0.0, -0.70708334, -0.70708334
0.02078778, 0.50881574
-0.01344246, 0.30178735, -0.02675361
-0.74568927, 0.10855434, -0.65736872
0.62033492, 0.27358621
0.0, 0.28930882, -0.03099151
0.0, 0.16293833, -0.98660237
0.59523928, 0.30703121
-0.01344246, 0.28930882, -0.03099151
-0.67217016, 0.12063967, -0.73046052
0.59523928, 0.2821092
-0.0121845, 0.21896033, -0.02724395
-0.70708334, 0.0, -0.70708334
0.44415289, 0.27457231
-0.0121845, 0.09538756, 0.01417195
-0.75911742, 0.0, 0.65092927
0.19562846, 0.1912784
-0.0121845, 0.21896033, 0.01417195
-0.70708334, 0.0, 0.70708334
0.44415289, 0.1912784
0.0, 0.09538756, 0.01417195
0.0, 0.0, 0.99996948
0.19562846, 0.16677338
0.0, 0.21896033, 0.01417195
0.0, 0.0, 1.0
0.44415289, 0.16677338
0.0, 0.21896033, -0.02724395
0.0, 0.0, -1.0
0.44407761, 0.3003611
-0.0121845, 0.09400629, -0.02724395
-0.6769616, -0.10278634, -0.728782
0.19285059, 0.27457231
-0.01344246, 0.43363243, -0.02675361
-0.57734919, 0.57734919, -0.57734919
0.88549644, 0.27358621
0.0, 0.30178735, -0.02675361
0.0, 0.16293833, -0.98660237
0.62033492, 0.29715306
0.0, 0.08501377, -0.02465525
0.0, -0.27661976, -0.96096683
0.17476544, 0.29556566
0.0, 0.09400629, -0.02724395
0.0, -0.13968322, -0.99017304
0.19285059, 0.3003611
-0.00623931, 0.10069198, 0.0336071
-0.61473435, -0.57289344, 0.54206979
0.20629644, 0.1242817
-0.0062393, 0.12074813, 0.04029254
-0.62776572, 0.06683554, 0.77547532
0.24663293, 0.11083621
-0.00623931, 0.10329188, 0.03088339
-0.85647142, 0.39875484, -0.3277688
0.21152526, 0.12975961
-0.0121845, 0.08501377, -0.02465525
-0.71138644, -0.1944029, -0.67534411
0.17476544, 0.26936597
-0.0121845, 0.21896033, -0.02724395
0.0, -1.0, 0.0
0.45375651, 0.27457231
0.0, 0.21896033, -0.03099151
0.0, -0.70708334, -0.70708334
0.45375663, 0.30703121
0.0, 0.21896033, -0.02724395
0.0, -1.0, 0.0
0.45375663, 0.29918116
-0.01344246, 0.28930882, 0.01780178
-0.70708334, 0.0, 0.70708334
0.59523928, 0.18397826
-0.01344246, 0.21896033, -0.03099151
-0.57734919, -0.57734919, -0.57731867
0.45375663, 0.2821092
-0.01344246, 0.21896033, 0.01780178
-0.57734919, -0.57734919, 0.57731867
0.45375663, 0.18397826
-0.0121845, 0.21896033, 0.01417195
0.0, -1.0, 0.0
0.45375651, 0.1912784
0.0, 0.21896033, 0.01780178
0.0, -0.70708334, 0.70708334
0.45375663, 0.16545218
-0.01344246, 0.30178735, 0.01780178
-0.70708334, 0.0, 0.70708334
0.62033492, 0.18397826
0.0, 0.30178735, 0.01780178
0.0, 0.0, 1.0
0.62047732, 0.16545218
0.0, 0.28930882, 0.01780178
0.0, 0.0, 1.0
0.59523928, 0.16545218
-0.01344246, 0.43363243, 0.01780178
-0.57734919, 0.57734919, 0.57734919
0.88549644, 0.18397826
-0.00298875, 0.43363243, -0.0240862
-0.38267159, 0.0, -0.92385632
0.37429351, 0.539601
-0.00721549, 0.53254741, -0.0198595
-0.54911953, -0.80416274, -0.22745445
0.57322621, 0.5481016
-0.00298875, 0.53254741, -0.0240862
-0.22745445, -0.80416274, -0.54911953
0.57322621, 0.53960091
-0.00721548, 0.43363243, -0.0198595
-0.92385632, 0.0, -0.38267159
0.37429363, 0.5481016
-0.00721549, 0.53254741, -0.01388196
-0.54911953, -0.80416274, 0.22742394
0.57322621, 0.56012332
-0.00721549, 0.43363243, -0.01388196
-0.92385632, 0.0, 0.38267159
0.37429351, 0.56012332
-0.00298875, 0.53254741, -0.00965526
-0.22745445, -0.80416274, 0.54911953
0.57322621, 0.57347894
-0.0035671, 0.47091025, -0.00618967
-0.37839898, 0.14877774, -0.9135716
0.44926482, 0.59626442
-0.00861175, 0.55704325, -0.001145
-0.71727651, 0.63023776, -0.29709768
0.62249136, 0.60640997
-0.00356711, 0.55704325, -0.00618967
-0.29709768, 0.63023776, -0.71727651
0.62249136, 0.5962643
-0.00861174, 0.47091025, -0.001145
-0.9135716, 0.14877774, -0.37839898
0.44926482, 0.60640997
-0.00861175, 0.55704325, 0.0059892
-0.71727651, 0.63023776, 0.29709768
0.62249136, 0.620758
-0.00861175, 0.47091025, 0.0059892
-0.9135716, 0.14877774, 0.37839898
0.44926482, 0.620758
-0.0035671, 0.55704325, 0.01103384
-0.29709768, 0.63023776, 0.71727651
0.62249136, 0.63090354
-0.00861175, 0.55704325, -0.001145
-0.71727651, 0.63023776, -0.29709768
0.64070117, 0.60640997
0.0, 0.55704325, -0.00618967
0.0, 0.70708334, -0.70708334
0.65802085, 0.59626436
-0.0035671, 0.47091025, 0.01103384
-0.37839898, 0.14877774, 0.9135716
0.44926482, 0.63090354
-0.00298875, 0.43363243, -0.00965526
-0.38267159, 0.0, 0.92385632
0.37414378, 0.57347894
-0.01033704, 0.46460831, 0.00670385
-0.91491437, 0.13879818, 0.37894833
0.43659025, 0.62219524
-0.00428174, 0.46460831, -0.00791492
-0.37897885, 0.13879818, -0.91491437
0.43659025, 0.5927946
-0.01033702, 0.46460831, -0.00185965
-0.91491437, 0.13879818, -0.37897885
0.43659025, 0.60497266
-0.00428174, 0.46460831, 0.01275912
-0.37897885, 0.13879818, 0.91491437
0.43659025, 0.63437343
-0.00428174, 0.43363243, -0.00791492
-0.38267159, 0.0, -0.92385632
0.37429351, 0.5927946
-0.00428174, 0.43363243, 0.01275912
-0.38267159, 0.0, 0.92385632
0.37429351, 0.63437343
-0.01033702, 0.43363243, -0.00185965
-0.92385632, 0.0, -0.38267159
0.37429363, 0.60497266
-0.01033704, 0.43363243, 0.00670385
-0.92385632, 0.0, 0.38267159
0.37429363, 0.62219524
-0.00376367, 0.56093204, -0.0077844
-0.29709768, 0.63023776, 0.71727651
0.6303134, 0.57472777
-0.00376367, 0.53254741, -0.0077844
-0.29709768, -0.63023776, 0.71727651
0.57322621, 0.57472777
-0.0090863, 0.53254741, -0.02063442
-0.71727651, -0.63023776, -0.29709768
0.57322621, 0.54654306
-0.00376367, 0.53254741, -0.02595705
-0.29709768, -0.63023776, -0.71727651
0.57322621, 0.5358384
-0.0090863, 0.53254741, -0.01310704
-0.71727651, -0.63023776, 0.29709768
0.57322621, 0.56168181
-0.0090863, 0.56093204, -0.02063442
-0.71727651, 0.63023776, -0.29709768
0.64852321, 0.54654306
0.0, 0.56093204, -0.02595705
0.0, 0.70708334, -0.70708334
0.66679728, 0.53583831
-0.0090863, 0.56093204, -0.01310704
-0.71727651, 0.63023776, 0.29709768
0.6303134, 0.56168181
-0.00376367, 0.56093204, -0.02595705
-0.29709768, 0.63023776, -0.71727651
0.6303134, 0.5358384
-0.0090863, 0.56093204, -0.02063442
-0.71727651, 0.63023776, -0.29709768
0.6303134, 0.54654306
0.0, 0.07693752, 0.09085055
0.0, 0.55571157, 0.83135474
0.13194937, 0.03706557
-0.0121845, 0.1006697, 0.0334979
-0.64098024, 0.76601458, 0.04812769
0.1658887, 0.15241081
-0.0121845, 0.07693752, 0.09085055
-0.60081792, 0.44419691, 0.66457105
0.11815962, 0.03706557
-0.0121845, 0.09538756, 0.01417195
-0.89474165, 0.43073824, -0.11770989
0.15526533, 0.1912784
-0.0121845, 0.05157069, -0.01334905
-0.60823387, -0.60237432, -0.5168615
0.06714284, 0.24662739
-0.0121845, 0.06507155, 0.02728234
-0.86745811, -0.48747215, 0.0990936
0.09429508, 0.16491121
0.0, 0.08501377, -0.02465525
0.0, -0.32026124, -0.94732505
0.1344023, 0.30004948
-0.0121845, 0.08501377, -0.02465525
-0.69200718, -0.2311777, -0.68382823
0.1344023, 0.26936597
0.0, 0.04727235, 0.01117839
0.0, -0.94573808, 0.32490006
0.03653198, 0.19729894
-0.0121845, 0.04727235, 0.01117839
-0.61278117, -0.74733728, 0.25675222
0.05849823, 0.19729894
0.0, 0.03559222, 0.09085055
0.0, -0.84279919, 0.53816342
0.00419566, 0.03706557
-0.0121845, 0.03559222, 0.09085055
-0.55787838, -0.69945371, 0.44663838
0.03500748, 0.03706557
0.0, 0.1006697, 0.0334979
0.0, 0.9980163, 0.06271554
0.1801202, 0.15241081
0.0, 0.05157069, -0.01334905
0.0, -0.7589038, -0.65117341
0.06714284, 0.27318996
0.0, 0.06507155, 0.02728234
0.0, -0.97994936, 0.19922483
0.06341338, 0.16491121
0.0, 0.26990607, 0.02982442
0.0, -0.53215122, 0.84661394
0.55621707, 1.079e-05
-0.0161205, 0.28697926, 0.02160935
-0.76073486, 0.14432204, 0.63280129
0.59055406, 0.05096716
-0.01612058, 0.26990607, 0.02982442
-0.55735952, -0.44181645, 0.70293283
0.55621707, 0.03444535
0.0, 0.13077645, 0.02952155
0.0, -0.87231058, -0.48893705
0.25969273, 0.1342259
-0.0062393, 0.12025297, 0.03595938
-0.81133455, -0.07525864, -0.5796991
0.24563688, 0.11955088
-0.0062393, 0.13077645, 0.02952155
-0.83526111, -0.47959837, -0.26880702
0.26680106, 0.13249844
-0.01612055, 0.39557219, 0.02905425
-0.68712425, 0.06625568, 0.72347176
0.80895156, 0.03599435
-0.01612055, 0.41919047, 0.02469001
-0.72820216, 0.06250191, 0.68245488
0.85645145, 0.04477149
-0.0161206, 0.42073113, -0.01689242
-0.65349287, 0.19479965, -0.73140657
0.85954922, 0.12840027
-0.00623929, 0.09538756, 0.01417195
-0.63881344, -0.74217963, 0.20255135
0.19562846, 0.16336888
0.0, 0.10069198, 0.0336071
0.0, -0.72637105, 0.68727684
0.1979003, 0.11418468
-0.00623929, 0.13077645, 0.01417195
-0.70708334, -0.70708334, 0.0
0.26680106, 0.16336888
0.0, 0.10329188, 0.03088339
0.0, 0.77248454, -0.63499862
0.22066611, 0.1366629
-0.00623929, 0.10168228, 0.01417195
-0.7277444, 0.68266857, -0.06573687
0.20828837, 0.16336888
-0.00721549, 0.53119147, -0.0198595
-0.67152929, 0.61748099, -0.40952787
0.57050061, 0.51971915
0.0, 0.12025297, 0.03595938
0.0, -0.12872708, -0.99166846
0.24461263, 0.12984616
0.0, 0.12074813, 0.04029254
0.0, 0.08587909, 0.99627674
0.24757117, 0.09867197
-0.00623929, 0.16927938, 0.01417195
-0.29984435, 0.4521012, 0.84002197
0.34423709, 0.16336888
-0.0161206, 0.26990607, -0.01689242
-0.57734919, -0.57734919, -0.57734919
0.55621707, 0.12840027
-0.01612055, 0.43639082, -0.00791353
-0.60975981, 0.68578142, -0.39728996
0.8910442, 0.11034232
0.0, 0.42073113, -0.01689242
0.0, 0.2573626, -0.96630758
0.85954922, 0.13630921
0.0, 0.3732315, 0.02905425
0.0, -0.11828974, 0.9929502
0.76402098, 0.0039416
-0.01612055, 0.3732315, 0.02905425
-0.68141729, -0.08658101, 0.72673726
0.76402098, 0.03599435
0.0, 0.43639082, 0.00603468
0.0, 0.92385632, -0.38267159
0.89104396, 0.9177199
-0.01612055, 0.43639082, -0.00791353
-0.60975981, 0.68578142, -0.39728996
0.8910442, 0.88966775
-0.01612055, 0.43639082, 0.00603468
-0.80416274, 0.54911953, -0.22745445
0.89104396, 0.9177199
0.0, 0.34243101, 0.02160935
0.0, -0.11828974, 0.9929502
0.70207626, 0.0185743
-0.0161207, 0.34243101, 0.02160935
-0.73470259, -0.08023316, 0.67357403
0.70207626, 0.05096716
-0.01612058, 0.44373918, 0.02469001
-0.57734919, 0.57734919, 0.57734919
0.90582269, 0.04477149
-0.0161206, 0.44373918, 0.01338305
-0.63023776, 0.71727651, -0.29709768
0.90582269, 0.0675115
-0.01612055, 0.43639082, 0.00603468
-0.80416274, 0.54911953, -0.22745445
0.89104396, 0.08229011
0.0, 0.39557219, 0.02905425
0.0, 0.09121983, 0.99581897
0.80895156, 0.0039416
-0.0057929, 0.24106668, -0.04184178
-0.55140841, -0.38007751, -0.74257636
0.49821621, 0.66769665
-0.0057929, 0.25611705, -0.03099151
-0.36948758, 0.54341257, -0.75374615
0.528485, 0.68951839
-0.0057929, 0.24106668, -0.03099151
-0.70708334, -0.70708334, 0.0
0.49821621, 0.68951839
-0.00721549, 0.51795095, -0.0198595
-0.73967713, -0.60240483, -0.29990539
0.54387164, 0.51971915
-0.01579547, -0.01418432, 0.00725489
-0.74181342, -0.09878842, -0.66325879
0.2493369, 0.50881574
-0.01579547, 0.08888843, -0.00433686
-0.11218604, 0.75191504, 0.64961702
0.45663252, 0.48550296
-0.01579547, 0.08368865, -0.02256403
-0.57640308, 0.39072847, -0.71767324
0.44617501, 0.44884521
-0.01579547, -0.02369253, 0.03068187
-0.10382397, 0.1056856, 0.98895228
0.23021445, 0.55593112
-0.01579547, -0.09343505, 0.00725489
-0.6666463, 0.33332315, -0.6666463
0.08995107, 0.50881574
-0.01579547, -0.09343505, 0.03068187
-0.108005, 0.0, 0.99414045
0.08995107, 0.55593112
-0.01064417, -0.09343505, 0.00725489
0.77932066, 0.0, -0.62657553
0.08995107, 0.50881574
-0.01064417, -0.01418432, 0.00725489
0.82375562, -0.07138279, -0.5623951
0.2493369, 0.50881574
-0.01064417, 0.08368865, -0.02256403
0.65422529, 0.3998535, -0.64189583
0.44617489, 0.44884521
-0.01579547, -0.09343505, 0.06950974
-0.57734919, 0.57734919, 0.57734919
0.08995107, 0.63402015
-0.01579547, -0.11504243, 0.06950974
-0.57734919, -0.57734919, 0.57734919
0.04649529, 0.63402015
-0.01579547, -0.11504243, 0.00725489
-0.57734919, -0.57734919, -0.57734919
0.04649529, 0.50881574
0.0, 0.43363243, -0.02675361
0.0, 0.70708334, -0.70708334
0.88549644, 0.70285702
0.00356711, 0.55704325, -0.00618967
0.29709768, 0.63023776, -0.71727651
0.65084684, 0.59626436
0.0035671, 0.55704325, 0.01103384
0.29709768, 0.63023776, 0.71727651
0.65084684, 0.6309036
0.0, 0.43363243, -0.02675361
0.0, 0.70708334, -0.70708334
0.88549644, 0.29715306
0.0, 0.43363243, -0.00965526
0.0, 0.0, 1.0
0.37404424, 0.57980549
0.0, 0.43363243, -0.00791492
0.0, 0.0, -1.0
0.37439007, 0.58401084
0.0, 0.56093204, -0.0077844
0.0, 0.70708334, 0.70708334
0.6303134, 0.58134103
0.00376367, 0.56093204, -0.02595705
0.29709768, 0.63023776, -0.71727651
0.65922773, 0.53583831
0.00376367, 0.56093204, -0.0077844
0.29709768, 0.63023776, 0.71727651
0.65922773, 0.57238656
0.0, 0.09538756, 0.01417195
0.0, 0.96459854, -0.26361889
0.16865051, 0.80873168
0.01612055, 0.43639082, 0.00603468
0.80416274, 0.54911953, -0.22745445
0.89104396, 0.9177199
0.0161206, 0.44373918, 0.01338305
0.63023776, 0.71727651, -0.29709768
0.90582269, 0.93249857
0.01612058, 0.44373918, 0.02469001
0.57734919, 0.57734919, 0.57734919
0.90582269, 0.95523858
0.0, 0.10168228, 0.01417195
0.0, 0.99539173, -0.09585864
0.21851093, 0.83584023
0.0, 0.16927938, 0.01417195
0.0, 0.47392192, 0.88055056
0.35024536, 0.84826458
0.0, 0.43639082, -0.00791353
0.0, 0.86526078, -0.50126654
0.8910442, 0.12037629
0.0, 0.26990607, -0.01689242
0.0, -0.70708334, -0.70708334
0.55621707, 0.86370087
0.0, 0.24106668, -0.03099151
0.0, -1.0, 0.0
0.48251176, 0.68533242
0.0, -0.09343505, 0.06950974
0.0, 0.70708334, 0.70708334
0.09005702, 0.63402015
0.0, 0.21896033, 0.01417195
0.0, -1.0, 0.0
0.45375663, 0.17220837
-0.00356711, 0.55704325, -0.00618967
-0.29709768, 0.63023776, -0.71727651
0.65084684, 0.59626436
-0.00861175, 0.55704325, 0.0059892
-0.71727651, 0.63023776, 0.29709768
0.64070117, 0.620758
-0.0035671, 0.55704325, 0.01103384
-0.29709768, 0.63023776, 0.71727651
0.65084684, 0.6309036
-0.00376367, 0.56093204, -0.02595705
-0.29709768, 0.63023776, -0.71727651
0.65922773, 0.53583831
-0.0090863, 0.56093204, -0.01310704
-0.71727651, 0.63023776, 0.29709768
0.64852321, 0.56168181
-0.00376367, 0.56093204, -0.0077844
-0.29709768, 0.63023776, 0.71727651
0.65922773, 0.57238656
0.0, 0.09538756, 0.01417195
0.0, 0.96459854, -0.26361889
0.16865051, 0.1912784
0.0, 0.28697926, 0.02160935
0.0, 0.22235785, 0.97494429
0.59055406, 0.0185743
0.0, 0.09538756, 0.01417195
0.0, -0.96469009, 0.26328319
0.18521553, 0.15861744
0.0, 0.13077645, 0.01417195
0.0, -1.0, 0.0
0.25372154, 0.16102368
0.0, 0.10168228, 0.01417195
0.0, 0.99539173, -0.09585864
0.21851093, 0.16416985
0.0, 0.16927938, 0.01417195
0.0, 0.47392192, 0.88055056
0.35024536, 0.1517455
0.0, 0.41919047, 0.02469001
0.0, 0.09121983, 0.99581897
0.85645145, 0.01470584
# Number of Faces:
420
# Face Data:
0, 1, 2
3, 4, 5
6, 5, 7
8, 9, 4
10, 11, 1
8, 12, 13
14, 15, 16
17, 8, 3
18, 19, 20
21, 22, 23
19, 23, 24
24, 25, 26
27, 28, 29
22, 1, 27
23, 30, 25
18, 2, 21
1, 31, 27
22, 29, 30
32, 33, 34
35, 36, 32
37, 38, 35
34, 39, 40
41, 42, 43
44, 45, 41
46, 47, 44
43, 48, 49
50, 51, 52
53, 54, 55
56, 57, 46
58, 59, 37
60, 45, 47
45, 61, 42
62, 57, 63
64, 47, 57
42, 65, 48
66, 65, 61
67, 60, 64
68, 61, 69
70, 64, 62
71, 69, 60
72, 73, 74
75, 35, 32
37, 73, 58
34, 75, 32
76, 34, 40
77, 37, 35
78, 79, 80
81, 74, 77
82, 75, 83
84, 83, 76
85, 77, 75
86, 87, 88
89, 86, 88
90, 91, 92
89, 93, 94
88, 95, 96
97, 98, 86
94, 99, 90
96, 100, 89
101, 102, 103
104, 105, 14
106, 107, 108
109, 110, 111
112, 105, 113
114, 115, 116
16, 110, 117
118, 119, 120
116, 121, 104
15, 122, 16
123, 124, 125
126, 127, 128
129, 130, 107
131, 132, 133
107, 134, 108
135, 136, 137
138, 139, 140
133, 136, 141
101, 134, 142
143, 127, 106
138, 144, 129
145, 146, 147
147, 148, 145
149, 150, 151
148, 152, 145
149, 118, 120
153, 154, 155
155, 156, 153
157, 153, 156
158, 159, 153
154, 158, 155
155, 157, 160
159, 161, 154
162, 163, 164
165, 166, 156
166, 162, 156
164, 167, 165
162, 165, 156
168, 169, 170
171, 172, 173
173, 174, 175
176, 177, 171
178, 179, 168
180, 177, 181
182, 183, 184
185, 172, 177
186, 187, 188
189, 190, 191
186, 191, 190
192, 193, 191
54, 194, 195
189, 168, 170
196, 191, 193
170, 187, 190
197, 168, 194
195, 189, 196
198, 199, 200
201, 202, 199
203, 204, 202
39, 200, 40
205, 206, 207
208, 209, 206
210, 211, 209
48, 207, 49
212, 50, 213
54, 178, 197
214, 56, 211
215, 58, 204
208, 216, 210
208, 217, 218
214, 62, 63
214, 216, 219
205, 65, 217
65, 220, 217
216, 221, 219
217, 222, 218
219, 70, 62
218, 223, 216
73, 224, 225
202, 226, 199
204, 73, 225
200, 226, 227
200, 76, 40
204, 228, 202
229, 78, 230
225, 231, 228
226, 232, 227
227, 84, 76
228, 233, 226
234, 235, 236
237, 238, 239
240, 238, 241
242, 239, 243
244, 236, 245
246, 237, 235
247, 243, 238
248, 245, 239
249, 250, 251
252, 253, 254
255, 256, 257
258, 259, 182
260, 252, 254
261, 262, 184
259, 183, 182
118, 263, 119
264, 184, 253
265, 266, 183
124, 251, 267
268, 269, 257
270, 255, 271
272, 273, 274
275, 271, 276
277, 136, 278
256, 137, 277
136, 279, 278
250, 275, 276
269, 267, 257
280, 256, 255
146, 281, 282
282, 281, 283
284, 151, 150
152, 283, 281
118, 284, 263
285, 286, 287
288, 289, 290
285, 291, 289
287, 292, 285
292, 286, 288
291, 288, 290
287, 286, 293
163, 294, 295
166, 296, 289
294, 166, 289
167, 295, 296
296, 294, 289
0, 10, 1
3, 8, 4
6, 3, 5
8, 13, 9
10, 297, 11
8, 17, 12
117, 109, 116
109, 114, 116
14, 112, 15
117, 116, 16
104, 14, 16
16, 116, 104
18, 21, 19
21, 2, 22
19, 21, 23
24, 23, 25
27, 31, 28
22, 2, 1
23, 22, 30
18, 0, 2
1, 11, 31
22, 27, 29
32, 36, 33
35, 38, 36
37, 59, 38
34, 33, 39
41, 45, 42
44, 47, 45
46, 57, 47
43, 42, 48
52, 298, 213
213, 50, 52
299, 51, 50
53, 300, 54
56, 63, 57
58, 301, 59
60, 69, 45
45, 69, 61
62, 64, 57
64, 60, 47
42, 61, 65
66, 302, 65
67, 71, 60
68, 66, 61
70, 67, 64
71, 68, 69
72, 303, 73
75, 77, 35
37, 74, 73
34, 83, 75
76, 83, 34
77, 74, 37
80, 304, 230
230, 78, 80
305, 79, 78
81, 72, 74
82, 85, 75
84, 82, 83
85, 81, 77
86, 98, 87
88, 96, 89
89, 94, 90
90, 92, 97
97, 86, 89
89, 90, 97
90, 99, 91
89, 100, 93
88, 87, 95
97, 306, 98
94, 93, 99
96, 95, 100
101, 142, 102
104, 121, 105
143, 106, 108
307, 308, 138
106, 126, 307
101, 103, 143
129, 107, 106
108, 101, 143
106, 307, 138
138, 129, 106
308, 309, 138
109, 117, 110
112, 14, 105
114, 310, 115
16, 122, 110
116, 115, 121
15, 311, 122
123, 249, 124
126, 106, 127
129, 144, 130
131, 312, 132
107, 130, 134
135, 141, 136
138, 309, 139
133, 132, 136
101, 108, 134
143, 313, 127
138, 140, 144
145, 152, 146
148, 314, 152
149, 151, 118
153, 159, 154
155, 160, 156
157, 158, 153
158, 161, 159
154, 161, 158
155, 158, 157
162, 315, 163
165, 167, 166
166, 315, 162
164, 163, 167
162, 164, 165
168, 179, 169
171, 177, 172
173, 172, 174
176, 181, 177
178, 300, 179
180, 185, 177
266, 260, 254
266, 254, 183
262, 258, 184
184, 258, 182
183, 254, 253
253, 184, 183
186, 190, 187
189, 170, 190
186, 192, 191
192, 316, 193
54, 197, 194
189, 194, 168
196, 189, 191
170, 169, 187
197, 178, 168
195, 194, 189
198, 201, 199
201, 203, 202
203, 215, 204
39, 198, 200
205, 208, 206
208, 210, 209
210, 214, 211
48, 205, 207
213, 317, 212
212, 318, 50
319, 50, 318
54, 300, 178
214, 63, 56
215, 301, 58
208, 218, 216
208, 205, 217
214, 219, 62
214, 210, 216
205, 48, 65
65, 302, 220
216, 223, 221
217, 220, 222
219, 221, 70
218, 222, 223
73, 303, 224
202, 228, 226
204, 58, 73
200, 199, 226
200, 227, 76
204, 225, 228
230, 320, 229
229, 321, 78
322, 78, 321
225, 224, 231
226, 233, 232
227, 232, 84
228, 231, 233
234, 246, 235
239, 245, 236
236, 235, 239
237, 241, 238
238, 243, 239
239, 235, 237
240, 247, 238
242, 248, 239
244, 234, 236
246, 323, 237
247, 242, 243
248, 244, 245
249, 324, 250
252, 264, 253
267, 251, 250
276, 271, 257
267, 250, 276
268, 257, 279
277, 278, 256
279, 257, 256
267, 276, 257
256, 278, 279
271, 255, 257
258, 325, 259
260, 326, 252
261, 327, 262
259, 265, 183
264, 261, 184
265, 328, 266
124, 249, 251
268, 312, 269
270, 280, 255
272, 128, 273
275, 270, 271
277, 137, 136
256, 329, 137
136, 132, 279
250, 324, 275
269, 124, 267
280, 329, 256
146, 152, 281
152, 314, 283
118, 151, 284
285, 288, 286
288, 285, 289
285, 292, 291
287, 293, 292
292, 293, 286
291, 292, 288
163, 315, 294
166, 167, 296
294, 315, 166
167, 163, 295
296, 295, 294
