# Project Zomboid Skinned Mesh
# File Version:
1.0
# Model Name:
Cube.033
# Vertex Stride Element Count:
3
# Vertex Stride Size (in bytes):
76
# Vertex Stride Data:
# (Int)    Offset
# (String) Type
0
VertexArray
12
NormalArray
24
TextureCoordArray
# Vertex Count:
250
# Vertex Buffer:
-0.00723249, 0.10660603, -0.01357615
-0.87533188, 0.2985931, 0.38026062
0.52666998, 0.49742937
-3e-08, 0.11911359, -0.01357615
0.0, 0.70708334, 0.70708334
0.59217423, 0.48416126
-0.00723249, 0.11911359, -0.01357615
-0.57731867, 0.57734919, 0.57734919
0.57757461, 0.49742937
-0.00723248, 0.048589, 0.01286806
-0.78722495, 0.59495836, 0.1620838
0.20093857, 0.83170639
-3e-08, 0.05671952, 0.00082404
0.0, 0.5007782, 0.86556596
0.24360676, 0.80628744
-0.00723255, 0.05671952, 0.00082404
-0.81991029, 0.28669089, 0.49549851
0.22984868, 0.78888087
-0.0072325, 0.11574756, -0.05550466
-0.63023776, 0.29709768, -0.71727651
0.56576884, 0.64448646
-3e-08, 0.07439213, -0.05550466
0.0, -0.46061587, -0.88756979
0.41270229, 0.66792688
-0.00723249, 0.07439213, -0.05550466
-0.61665702, -0.3625904, -0.69872129
0.41368517, 0.64448658
-0.00723248, 0.05066689, 0.04647025
-0.57435834, 0.59758294, 0.55940425
0.20832705, 0.95118755
-3e-08, 0.048589, 0.01286806
0.0, 0.96481216, 0.26288643
0.22968577, 0.8374352
-0.0072325, 0.06318535, -0.03958543
-0.78771323, -0.36179692, -0.4985809
0.37437931, 0.58865255
-3e-08, 0.04048101, -0.03261182
0.0, -0.29358807, -0.95590073
0.28619209, 0.5962052
-0.00723252, 0.04048101, -0.03261182
-0.46668905, -0.25965148, -0.84542376
0.29094797, 0.57635313
-3e-08, 0.11911359, -0.02703924
0.0, 0.97042757, 0.24134037
0.61048275, 0.53624511
-0.00723249, 0.11911359, -0.02703924
-0.76564837, 0.62422562, 0.15524766
0.57757461, 0.5446488
-0.00723248, 0.10308014, 0.00087467
-0.62956631, 0.624897, 0.46162298
0.51430345, 0.44674563
-3e-08, 0.10660603, -0.01357615
0.0, 0.61763358, 0.78643149
0.54867578, 0.47648501
-0.0072325, 0.06186621, -0.0200554
-1.0, 0.0, 0.0
0.24814898, 0.71463871
-0.00723249, 0.03593088, -0.01931549
-0.71990114, -0.6430555, -0.26108584
0.15612917, 0.71958089
-3e-08, 0.06318535, -0.03958543
0.0, -0.5872677, -0.80935085
0.35859156, 0.61359161
-3e-08, 0.0703799, -0.00016148
0.0, 0.07193213, 0.99740595
0.27984875, 0.80243394
-0.00723256, 0.0703799, -0.00016148
-0.619129, 0.05648976, 0.78322703
0.27842161, 0.78537662
-3e-08, 0.04048101, -0.03261182
0.0, -0.94610429, -0.32377088
0.14474295, 0.65241992
-3e-08, 0.03593088, -0.01931549
0.0, -0.92651141, -0.37617114
0.13187715, 0.71010709
-3e-08, 0.12170163, -0.03192005
0.0, 0.97042757, 0.24134037
0.61687553, 0.55844903
-0.0072325, 0.12170163, -0.03192005
-0.6565752, 0.73192543, 0.18204291
0.58665168, 0.56176743
-0.00723256, 0.0703799, -0.00016148
-0.894467, -0.41120639, 0.17545091
0.39961296, 0.45037985
-3e-08, 0.07224827, 0.00421734
0.0, -0.85753959, 0.51438946
0.38465244, 0.41310453
-0.00723256, 0.07224827, 0.00421734
-0.67760247, -0.63063449, 0.37827691
0.40616593, 0.43502188
-3e-08, 0.02220519, 0.0097139
0.0, -0.92858666, -0.37101352
0.06409227, 0.81805086
-0.00723248, 0.02220519, 0.0097139
-0.6935026, -0.66899627, -0.26728112
0.08940407, 0.82973617
-3e-08, 0.12170163, -0.0541736
0.0, 0.70708334, -0.70708334
0.60476398, 0.66159493
-0.0072325, 0.12170163, -0.0541736
-0.57734919, 0.57734919, -0.57734919
0.58665168, 0.63981792
-0.00723248, 0.07516675, 0.00784635
-0.624897, -0.35209206, 0.69676811
0.41640204, 0.42229378
-3e-08, 0.07516675, 0.00784635
0.0, -0.45100254, 0.89251381
0.40377861, 0.39752865
-0.00723248, 0.09031209, 0.00848741
-0.64803004, 0.18668172, 0.7383343
0.4695217, 0.42004526
-3e-08, 0.09031209, 0.00848741
0.0, 0.24512467, 0.96948147
0.47592899, 0.38963729
-3e-08, 0.11707857, -0.0541736
0.0, 0.38267159, -0.92385632
0.5728969, 0.67084059
-0.0072325, 0.11707857, -0.0541736
-0.80416274, 0.22745445, -0.54911953
0.57043719, 0.63981792
-3e-08, 0.10308014, 0.00087467
0.0, 0.80431533, 0.59416485
0.53327316, 0.42880428
-3e-08, 0.11574756, -0.05550466
0.0, 0.38267159, -0.92385632
0.5576154, 0.66792688
-3e-08, 0.01002524, 0.04664241
0.0, -0.80904567, 0.58769494
0.01230221, 0.98256654
-0.00723248, 0.01002524, 0.04664241
-0.56224251, -0.66905731, 0.48600727
0.04609518, 0.96104483
-3e-08, 0.05066689, 0.04647025
0.0, 0.73003328, 0.68337047
0.23256439, 0.97957987
-0.0072325, 0.07657371, 0.00563262
-0.85009307, 0.30622274, -0.42835781
0.42133668, 0.430058
-0.01358184, 0.07796749, -0.04504719
-0.68623918, -0.60997343, -0.3961913
0.1561705, 0.4229691
-0.01358182, 0.10790407, -0.02936426
-0.86602372, 0.0, 0.49998474
0.25797477, 0.46509242
-0.01358184, 0.10790407, -0.04504719
-0.86602372, 0.0, -0.49998474
0.25797477, 0.42296916
-0.01358182, 0.07796749, -0.02936426
-0.68623918, -0.60997343, 0.3961913
0.15617043, 0.46509242
-3e-08, 0.10790407, -0.02152282
0.0, 0.0, 1.0
0.25797477, 0.50721586
-0.01358182, 0.10790407, -0.02936426
0.0, 1.0, 0.0
0.27176854, 0.41084468
0.00679087, 0.10790407, -0.02544355
0.0, 1.0, 0.0
0.33324096, 0.46408129
-0.00679094, 0.10790407, -0.04896792
0.0, 0.99996948, 0.0
0.33324093, 0.35760796
-0.00679094, 0.07796749, -0.04896792
-0.49998474, 0.0, -0.86602372
0.1561705, 0.39864898
-0.00679094, 0.10790407, -0.04896792
-0.49998474, 0.0, -0.86602372
0.25797477, 0.3986491
-3e-08, 0.07290091, -0.00349374
0.0, 0.99542224, -0.09555345
0.42862886, 0.46299881
-0.00723251, 0.07290091, -0.00349374
-0.77666557, 0.62700278, -0.0601825
0.40845498, 0.46206713
-0.00723252, 0.08213338, -0.01529125
-0.77416301, 0.17340617, 0.60875273
0.44083628, 0.50344482
-3e-08, 0.07423648, -0.01039417
0.0, 0.82335889, 0.56746119
0.43057972, 0.47593069
-3e-08, 0.08213338, -0.01529125
0.0, 0.27396467, 0.96172976
0.44746596, 0.48433316
-0.00723243, 0.09293441, -0.01529125
-0.75685906, -0.13556322, 0.63933223
0.47871906, 0.50344485
-3e-08, 0.10194951, -0.01128535
0.0, -0.85814995, 0.51338238
0.48877761, 0.47801852
-0.00723243, 0.10194951, -0.01128535
-0.8620258, -0.43494979, 0.2602008
0.51033795, 0.48939478
-0.00723247, 0.10114814, -0.00053322
-0.82512891, -0.48255867, -0.29367962
0.50752735, 0.45168352
-3e-08, 0.0899739, 0.00634494
0.0, -0.24674214, -0.96905422
0.46483803, 0.44570112
-0.0072325, 0.0899739, 0.00634494
-0.78066349, -0.15417951, -0.60557878
0.46833557, 0.42755961
-0.00723254, 0.07423648, -0.01039418
-0.80928981, 0.4835963, 0.33338419
0.41313922, 0.48626924
-3e-08, 0.09293441, -0.01529125
0.0, -0.20752586, 0.97820979
0.47094086, 0.48470396
-3e-08, 0.10114814, -0.00053322
0.0, -0.85421306, -0.51985228
0.48792124, 0.46025258
-3e-08, 0.07657371, 0.00563262
0.0, 0.58156073, -0.81347084
0.43759078, 0.44708109
-0.00341184, 0.06542496, -0.0523508
-0.59822381, -0.18655965, -0.77929014
0.11107525, 0.56461048
-3e-08, 0.07085269, -0.05022209
0.0, 0.36509293, -0.93093663
0.1343212, 0.56096146
-3e-08, 0.06542496, -0.0523508
0.0, 0.36509293, -0.93093663
0.11541449, 0.5535464
-0.00341184, 0.05712166, -0.04278831
-0.90954316, -0.41398358, 0.03619495
0.08215183, 0.59792006
-3e-08, 0.04944523, -0.04895205
0.0, -0.88576925, -0.46409497
0.04344539, 0.57067361
-3e-08, 0.05712166, -0.04278831
0.0, -0.99618518, 0.08713035
0.06797452, 0.59652933
-0.00341184, 0.05020842, -0.03490214
-0.32544938, -0.71102023, -0.62327951
0.05731574, 0.61708808
-3e-08, 0.05020842, -0.03490214
0.0, -0.75194556, -0.65916926
0.05184268, 0.61097705
-0.00341184, 0.05992913, -0.04434344
-1.0, 0.0, 0.0
0.09193122, 0.59250301
-0.00341184, 0.05969384, -0.04590829
-0.84975737, -0.14441359, -0.50694299
0.09111169, 0.58705199
-0.00341184, 0.06358977, -0.03919365
-1.0, 0.0, 0.0
0.10468256, 0.61044157
-0.00341184, 0.07085269, -0.05022209
-0.65514082, 0.27582628, -0.70332956
0.12998196, 0.57202554
-0.00723289, 0.10985933, -0.05123756
-1.0, 0.0, -3.052e-05
0.5451169, 0.62952039
-3e-08, 0.20726812, -0.04038549
0.0, 0.0, 1.0
0.3017526, 0.34470391
-0.00272141, 0.12170163, -0.04038549
-0.38267159, 0.0, 0.92385632
0.03483135, 0.33667254
-3e-08, 0.12170163, -0.04038549
0.0, 0.0, 1.0
0.03483146, 0.34470391
-0.00272141, 0.20726812, -0.04038549
-0.38267159, 0.0, 0.92385632
0.3017526, 0.33667254
-0.00657, 0.12170163, -0.0442341
-0.92385632, 0.0, 0.38267159
0.03483135, 0.32533121
-0.00657, 0.20726812, -0.0442341
-0.92385632, 0.0, 0.38267159
0.3017526, 0.32533121
-0.00657002, 0.12170163, -0.04967682
-0.92385632, 0.0, -0.38267159
0.03483135, 0.30929166
-0.00272141, 0.20726812, -0.05352541
-0.38267159, 0.0, -0.92385632
0.3017526, 0.29794997
-0.00272141, 0.12170163, -0.05352541
-0.38267159, 0.0, -0.92385632
0.03483135, 0.29794997
-3e-08, 0.16082491, -0.04038549
0.0, 0.88143557, 0.47227395
0.18166684, 0.35741031
-0.00238332, 0.15628895, -0.03192005
-0.60771507, 0.40791041, 0.68135625
0.1602155, 0.36948609
-3e-08, 0.15628895, -0.03192005
0.0, 0.51365703, 0.85796684
0.16380042, 0.37797701
-3e-08, 0.12170163, -0.03192005
0.0, 0.0, 1.0
0.03490368, 0.37797701
-0.00238332, 0.12170163, -0.04038549
-1.0, 0.0, 0.0
0.03483135, 0.35096347
-0.00238332, 0.12170163, -0.03192005
-0.70708334, 0.0, 0.70708334
0.03483135, 0.36948609
-3e-08, 0.12170163, -0.05352541
0.0, 0.0, -1.0
0.03485975, 0.28963959
-3e-08, 0.07796749, -0.02152282
0.0, -0.60997343, 0.7923826
0.1561705, 0.50721586
0.00679087, 0.10790407, -0.02544355
0.49998474, 0.0, 0.86602372
0.25797477, 0.53153583
0.00679087, 0.07796749, -0.02544355
0.0, -1.0, 0.0
0.12706359, 0.50936213
-3e-08, 0.11911359, -0.01357615
0.0, 0.70708334, 0.70708334
0.59218305, 0.85056514
0.00723242, 0.10660603, -0.01357615
0.87533188, 0.2985931, 0.38026062
0.52666992, 0.83729637
0.00723242, 0.11911359, -0.01357615
0.57731867, 0.57734919, 0.57734919
0.57757455, 0.83729643
0.00723243, 0.048589, 0.01286806
0.78722495, 0.59495836, 0.1620838
0.20093857, 0.83170648
0.0072325, 0.05671952, 0.00082404
0.81991029, 0.28669089, 0.49549851
0.22984868, 0.7888809
0.00723244, 0.11574756, -0.05550466
0.63026828, 0.29709768, -0.717246
0.56576884, 0.69023931
0.00723242, 0.07439213, -0.05550466
0.61665702, -0.3625904, -0.69872129
0.41368517, 0.69023919
0.00723243, 0.05066689, 0.04647025
0.57435834, 0.59758294, 0.55940425
0.20832703, 0.95118758
-3e-08, 0.04048101, -0.03261182
0.0, -0.29358807, -0.95590073
0.28621629, 0.73847067
0.00723244, 0.06318535, -0.03958543
0.78774375, -0.36173588, -0.4985809
0.37437928, 0.74607319
0.00723245, 0.04048101, -0.03261183
0.46668905, -0.25965148, -0.84542376
0.29094797, 0.75837258
-3e-08, 0.11911359, -0.02703924
0.0, 0.97042757, 0.24134037
0.61048782, 0.79844612
0.00723242, 0.11911359, -0.02703924
0.76564837, 0.62422562, 0.15524766
0.57757455, 0.79007693
-3e-08, 0.10308014, 0.00087467
0.0, 0.80431533, 0.59416485
0.53327268, 0.90592187
0.00723243, 0.10308014, 0.00087467
0.62956631, 0.624897, 0.46162298
0.51430339, 0.88798013
0.00723242, 0.03593088, -0.01931549
0.71990114, -0.6430555, -0.26108584
0.15612914, 0.71958095
0.00723244, 0.06186621, -0.02005541
1.0, 0.0, 0.0
0.24814898, 0.71463877
-3e-08, 0.06318535, -0.03958543
0.0, -0.5872677, -0.80935085
0.35877997, 0.72114146
0.0072325, 0.0703799, -0.00016148
0.619129, 0.05648976, 0.78322703
0.27842161, 0.78537668
0.00723245, 0.04048101, -0.03261183
0.65715504, -0.713126, -0.24402601
0.16825628, 0.65766406
-3e-08, 0.12170163, -0.03192005
0.0, 0.97042757, 0.24134037
0.61683756, 0.77621081
0.00723244, 0.12170163, -0.03192005
0.6565752, 0.73192543, 0.18201239
0.58665168, 0.77295831
-3e-08, 0.07224827, 0.00421734
0.0, -0.85753959, 0.51438946
0.38465247, 0.92162129
0.0072325, 0.0703799, -0.00016148
0.894467, -0.41120639, 0.17545091
0.39961296, 0.88434592
0.0072325, 0.07224827, 0.00421734
0.67760247, -0.63063449, 0.37827691
0.40616593, 0.89970392
0.00723243, 0.02220519, 0.0097139
0.6935026, -0.66899627, -0.26728112
0.08940407, 0.82973619
-3e-08, 0.12170163, -0.0541736
0.0, 0.70708334, -0.70708334
0.60442358, 0.67330346
0.00723244, 0.12170163, -0.0541736
0.57734919, 0.57731867, -0.57731867
0.58665168, 0.69490778
0.00723243, 0.07516675, 0.00784635
0.624897, -0.35209206, 0.69676811
0.41640204, 0.91243204
0.00723243, 0.09031209, 0.00848741
0.64803004, 0.18668172, 0.7383343
0.4695217, 0.91468048
-3e-08, 0.07516675, 0.00784635
0.0, -0.45100254, 0.89251381
0.40377864, 0.9371971
-3e-08, 0.11707857, -0.0541736
0.0, 0.38267159, -0.92385632
0.57272357, 0.66459674
0.00723244, 0.11707857, -0.0541736
0.80422378, 0.22745445, -0.54902798
0.57043713, 0.69490778
-3e-08, 0.09031209, 0.00848741
0.0, 0.24512467, 0.96948147
0.4759289, 0.94508835
0.00723243, 0.01002524, 0.04664241
0.56224251, -0.66905731, 0.48600727
0.04609518, 0.96104487
0.00723241, 0.10114814, -0.00053322
0.82512891, -0.48255867, -0.29367962
0.50752735, 0.88304222
0.01358177, 0.10790407, -0.04504717
0.86602372, 0.0, -0.49998474
0.25797477, 0.46509242
-3e-08, 0.07796749, -0.05288865
0.0, -0.60997343, -0.7923826
0.1561705, 0.42296922
-3e-08, 0.10790407, -0.05288865
0.0, 0.0, -1.0
0.25797477, 0.42296922
0.01358176, 0.10790407, -0.02936427
0.86602372, 0.0, 0.49998474
0.25797477, 0.50721586
0.01358177, 0.07796749, -0.04504717
0.68623918, -0.60997343, -0.3961913
0.15617043, 0.46509242
0.00679087, 0.10790407, -0.02544355
0.0, 1.0, 0.0
0.33330822, 0.46371394
0.01358176, 0.10790407, -0.02936427
0.0, 1.0, 0.0
0.30250472, 0.46408129
0.01358177, 0.10790407, -0.04504717
0.0, 1.0, 0.0
0.27176854, 0.41084468
-3e-08, 0.07290091, -0.00349374
0.0, 0.99542224, -0.09555345
0.42862883, 0.87172689
0.00723244, 0.07657371, 0.00563262
0.85009307, 0.30622274, -0.42835781
0.42133665, 0.90466774
0.00723246, 0.07290091, -0.00349374
0.77666557, 0.62700278, -0.0601825
0.40845495, 0.87265858
0.00723245, 0.08213338, -0.01529125
0.77434611, 0.17337565, 0.60850859
0.44083628, 0.83128089
-3e-08, 0.07423648, -0.01039417
0.0, 0.82335889, 0.56746119
0.43057972, 0.85879503
0.00723248, 0.07423648, -0.01039418
0.80932033, 0.48362681, 0.33326212
0.41313922, 0.8484565
-3e-08, 0.10194951, -0.01128535
0.0, -0.85814995, 0.51338238
0.48877761, 0.8567072
0.00723237, 0.09293441, -0.01529125
0.75695062, -0.13565478, 0.63921016
0.47871906, 0.83128092
0.00723237, 0.10194951, -0.01128535
0.8620258, -0.43494979, 0.2602008
0.51033795, 0.84533092
-3e-08, 0.0899739, 0.00634494
0.0, -0.24674214, -0.96905422
0.46483803, 0.88902462
0.00723244, 0.0899739, 0.00634494
0.78066349, -0.15417951, -0.60557878
0.46833557, 0.90716609
-3e-08, 0.08213338, -0.01529125
0.0, 0.27396467, 0.96172976
0.44746596, 0.85039255
-3e-08, 0.10114814, -0.00053322
0.0, -0.85421306, -0.51985228
0.48792124, 0.87447317
0.00341177, 0.07085269, -0.05022209
0.65514082, 0.27582628, -0.70332956
0.12998196, 0.5720256
0.00341177, 0.06542496, -0.0523508
0.59822381, -0.18655965, -0.77929014
0.11107525, 0.56461048
0.00341177, 0.05712166, -0.04278831
0.90954316, -0.41398358, 0.03619495
0.08215183, 0.59792006
0.00341177, 0.05020842, -0.03490214
0.32544938, -0.71102023, -0.62327951
0.05731574, 0.61708808
0.00341177, 0.05992913, -0.04434344
1.0, 0.0, 0.0
0.09193122, 0.59250301
0.00341177, 0.05969384, -0.04590829
0.84975737, -0.14441359, -0.50694299
0.09111169, 0.58705202
0.00341177, 0.06358977, -0.03919365
1.0, 0.0, 0.0
0.10468256, 0.6104416
0.00723186, 0.07759741, -0.05123756
1.0, 3.052e-05, 6.104e-05
0.42492712, 0.70520532
0.00272134, 0.12170163, -0.04038549
0.38267159, 0.0, 0.92385632
0.03483135, 0.33667231
-3e-08, 0.12170163, -0.04038549
0.0, 0.0, 1.0
0.03485727, 0.34470391
0.00656994, 0.12170163, -0.0442341
0.92385632, 0.0, 0.38267159
0.03483135, 0.32533103
0.00272134, 0.20726812, -0.04038549
0.38267159, 0.0, 0.92385632
0.3017526, 0.33667231
0.00656994, 0.12170163, -0.04967682
0.92385632, 0.0, -0.38267159
0.03483135, 0.30929166
0.00656994, 0.20726812, -0.0442341
0.92385632, 0.0, 0.38267159
0.3017526, 0.32533103
0.00272134, 0.12170163, -0.05352541
0.38267159, 0.0, -0.92385632
0.03483135, 0.29794979
0.00656994, 0.20726812, -0.04967682
0.92385632, 0.0, -0.38267159
0.3017526, 0.30929166
0.00238325, 0.16082491, -0.04038549
0.56614888, 0.72655416, 0.38929412
0.17389099, 0.35096347
0.00238325, 0.15628895, -0.03192005
0.60771507, 0.40791041, 0.68135625
0.1602155, 0.36948591
0.00238325, 0.12170163, -0.04038549
1.0, 0.0, 0.0
0.03483135, 0.35096347
0.00272134, 0.20726812, -0.05352541
0.38267159, 0.0, -0.92385632
0.3017526, 0.29794979
0.01358177, 0.07796749, -0.02936428
0.68623918, -0.60997343, 0.3961913
0.1561705, 0.50721589
-0.00679094, 0.07796749, -0.04896792
0.0, -0.99996948, 0.0
0.12706359, 0.41977036
0.00341177, 0.04944523, -0.04895205
0.53941464, -0.74584186, -0.39075899
0.05541208, 0.57644945
-3e-08, 0.05969384, -0.04590829
0.0, -0.27396467, -0.96172976
0.08584927, 0.57005098
-0.00341184, 0.04944523, -0.04895205
-0.53941464, -0.74584186, -0.39075899
0.05541208, 0.57644945
-3e-08, 0.06542496, -0.0523508
0.0, -0.74712366, -0.66463208
0.10608978, 0.55686814
0.00388252, 0.08338886, -0.05550466
0.39927366, 0.30854213, -0.86333811
0.36022481, 0.65035969
-0.00388259, 0.07126714, -0.05983695
-0.56025881, -0.48670918, -0.67021698
0.30365765, 0.6844826
-0.00388259, 0.08338886, -0.05550466
-0.39927366, 0.30854213, -0.86333811
0.36022487, 0.68448251
0.00388252, 0.07126714, -0.05983695
0.56025881, -0.48670918, -0.67021698
0.30365765, 0.65035972
-0.00388259, 0.07151186, -0.05129194
0.0, -0.99957275, 0.02862636
0.26609221, 0.6844826
0.00388252, 0.07151186, -0.05129194
1.0, 0.0, 0.0
0.31730765, 0.61536205
-0.00388259, 0.07151186, -0.05129194
-1.0, 0.0, 0.0
0.31730777, 0.71948028
-0.00723496, 0.07759741, -0.02258395
-1.0, -3.052e-05, 0.00012207
0.42492715, 0.52902278
0.0072329, 0.10985933, -0.02258395
1.0, 0.0, 0.0
0.5451169, 0.80570306
-0.00723289, 0.10985933, -0.02258395
0.0, 0.0, 1.0
0.5394882, 0.80357157
0.00723083, 0.07759741, -0.02258395
0.0, 0.0, 1.0
0.4305273, 0.75504275
0.0072329, 0.10985933, -0.02258395
0.0, 0.0, 1.0
0.43062794, 0.80360016
-0.00723289, 0.10985933, -0.02258395
0.0, 1.0, 0.0
0.4965753, 0.62718889
0.00723186, 0.10985933, -0.05123756
0.0, 0.99996948, 0.0
0.54346818, 0.53429759
-0.00723289, 0.10985933, -0.05123756
0.0, 1.0, 0.0
0.4965753, 0.53429756
0.00723186, 0.10985933, -0.05123756
0.0, 0.0, -1.0
0.54019457, 0.70610863
-0.00723186, 0.07759741, -0.05123756
0.0, 0.0, -1.0
0.42910147, 0.75299817
-0.00723289, 0.10985933, -0.05123756
0.0, 0.0, -0.99996948
0.54019457, 0.75300154
-0.00723186, 0.07759741, -0.05123756
0.0, -1.0, 0.0
0.4261862, 0.62610883
0.00723083, 0.07759741, -0.02258395
0.0, -1.0, 0.0
0.47307578, 0.53321916
-0.00723496, 0.07759741, -0.02258395
0.0, -1.0, 0.0
0.42617953, 0.53321743
-3e-08, 0.20726812, -0.04038549
0.0, 1.0, 0.0
0.32737628, 0.33635259
-3e-08, 0.20726812, -0.05352541
0.0, 1.0, 0.0
0.32737628, 0.2976644
-0.00657, 0.20726812, -0.04967682
0.0, 1.0, 0.0
0.30803224, 0.30899572
-4e-08, 0.19995028, -0.06221888
0.0, -0.04474013, -0.99899286
0.28019238, 0.23651475
-0.00272141, 0.20652142, -0.05352541
-0.690054, 0.64461195, -0.32898954
0.30231106, 0.27091151
-4e-08, 0.20499751, -0.06221888
0.0, 0.45884579, -0.88848537
0.29558951, 0.23651469
-3e-08, 0.20652142, -0.05352541
0.0, 0.98495436, -0.17264321
0.30231106, 0.27091163
-0.00272141, 0.17778891, -0.05352541
-0.23120824, -0.33054596, -0.91500592
0.18937153, 0.27091151
-3e-08, 0.17778891, -0.05352541
0.0, -0.36518449, -0.93090612
0.18937153, 0.27091151
0.00656994, 0.20726812, -0.04967682
0.0, 1.0, 0.0
0.34672031, 0.30899572
0.00656994, 0.20726812, -0.0442341
0.0, 1.0, 0.0
0.34672031, 0.32502103
0.00272134, 0.20652142, -0.05352541
0.690054, 0.64461195, -0.32898954
0.30231106, 0.27091163
0.00272134, 0.17778891, -0.05352541
0.23120824, -0.33054596, -0.91500592
0.18937153, 0.27091151
-0.00723252, 0.04048101, -0.03261182
-0.65715504, -0.713126, -0.24402601
0.16825631, 0.65766406
-3e-08, 0.0703799, -0.00016148
0.0, -0.91976684, 0.39243752
0.37205616, 0.43124366
-0.01358184, 0.10790407, -0.04504719
0.0, 1.0, 0.0
0.30250472, 0.35760796
-3e-08, 0.10790407, -0.02152282
0.0, 1.0, 0.0
0.30250472, 0.46408129
-0.0072325, 0.06186621, -0.0200554
-1.0, -6.104e-05, 3.052e-05
0.36975265, 0.52015439
-0.00723289, 0.10985933, -0.02258395
-1.0, 0.0, 3.052e-05
0.5451169, 0.52902269
-0.00723186, 0.07759741, -0.05123756
-1.0, 0.0, 6.104e-05
0.42492712, 0.62952039
-0.00657, 0.20726812, -0.04967682
-0.92385632, 0.0, -0.38267159
0.3017526, 0.30929166
-0.00238332, 0.16082491, -0.04038549
-0.56614888, 0.72655416, 0.38929412
0.17389099, 0.35096347
-3e-08, 0.20726812, -0.05352541
0.0, 0.0, -1.0
0.3017526, 0.28963959
0.00679087, 0.07796749, -0.02544355
0.49998474, 0.0, 0.86602372
0.1561705, 0.53153589
-3e-08, 0.10660603, -0.01357615
0.0, 0.61763358, 0.78643149
0.54867703, 0.85824244
-3e-08, 0.0703799, -0.00016148
0.0, -0.91976684, 0.39243752
0.37205613, 0.90348217
-3e-08, 0.10790407, -0.05288865
0.0, 1.0, 0.0
0.30250472, 0.35760796
-3e-08, 0.07657371, 0.00563262
0.0, 0.58156073, -0.81347084
0.43759078, 0.88764465
-3e-08, 0.09293441, -0.01529125
0.0, -0.20752586, 0.97820979
0.47094089, 0.85002176
0.00723244, 0.06186621, -0.02005541
1.0, 3.052e-05, 0.0
0.36975265, 0.81457135
0.00723186, 0.10985933, -0.05123756
1.0, 0.0, 6.104e-05
0.5451169, 0.70520544
0.00723083, 0.07759741, -0.02258395
1.0, 3.052e-05, -6.104e-05
0.42492715, 0.80570295
0.00238325, 0.12170163, -0.03192005
0.70708334, 0.0, 0.70708334
0.03483135, 0.36948597
0.00388252, 0.07151186, -0.05129194
0.0, -0.99957275, 0.02862636
0.26609221, 0.65035975
-0.00723496, 0.07759741, -0.02258395
0.0, 0.0, 1.0
0.53958809, 0.75498888
0.0072329, 0.10985933, -0.02258395
0.0, 1.0, 0.0
0.54347152, 0.62718889
0.00723186, 0.07759741, -0.05123756
0.0, 0.0, -1.0
0.42910147, 0.70610863
0.00723186, 0.07759741, -0.05123756
0.0, -1.0, 0.0
0.47307578, 0.62611049
-0.00657, 0.20726812, -0.0442341
0.0, 1.0, 0.0
0.30803224, 0.32502103
-0.00272141, 0.20726812, -0.04038549
0.0, 0.99996948, 0.0
0.3193638, 0.33635259
-0.00272141, 0.20726812, -0.05352541
0.0, 1.0, 0.0
0.3193638, 0.2976644
0.00272134, 0.20726812, -0.04038549
0.0, 1.0, 0.0
0.33538887, 0.33635259
0.00272134, 0.20726812, -0.05352541
0.0, 1.0, 0.0
0.33538887, 0.2976644
# Number of Faces:
314
# Face Data:
0, 1, 2
3, 4, 5
6, 7, 8
9, 10, 3
11, 12, 13
2, 14, 15
16, 17, 0
18, 19, 5
8, 20, 11
5, 21, 22
19, 23, 24
15, 25, 26
27, 28, 29
19, 30, 31
26, 32, 33
34, 28, 35
36, 35, 37
33, 38, 39
36, 40, 16
39, 41, 6
31, 42, 43
43, 44, 9
45, 34, 36
46, 47, 48
49, 50, 47
51, 52, 53
54, 48, 55
45, 56, 57
58, 59, 60
61, 62, 63
64, 65, 66
57, 59, 67
61, 60, 68
63, 69, 64
66, 70, 45
71, 72, 73
74, 75, 76
77, 76, 78
79, 71, 80
81, 82, 79
83, 6, 8
84, 85, 86
87, 88, 85
89, 90, 88
90, 91, 92
93, 94, 95
94, 96, 95
94, 97, 98
91, 99, 92
100, 101, 50
102, 100, 49
103, 104, 105
4, 106, 107
7, 108, 109
10, 110, 106
111, 112, 113
114, 105, 115
104, 116, 117
118, 119, 107
120, 109, 112
21, 107, 121
118, 23, 122
123, 115, 124
125, 126, 127
30, 118, 128
129, 124, 130
131, 125, 127
132, 133, 131
134, 130, 135
117, 136, 132
41, 135, 108
42, 128, 137
110, 42, 137
117, 132, 138
139, 140, 141
142, 143, 139
144, 145, 146
141, 54, 55
147, 148, 149
150, 151, 152
153, 154, 155
156, 138, 157
151, 149, 152
154, 158, 150
159, 155, 138
148, 156, 157
73, 160, 161
75, 162, 76
76, 163, 78
161, 164, 165
164, 166, 162
109, 167, 112
168, 84, 169
170, 171, 168
172, 173, 170
174, 175, 172
95, 176, 93
96, 177, 95
177, 178, 176
99, 179, 174
101, 180, 142
143, 102, 181
165, 162, 182
183, 182, 75
74, 80, 184
184, 183, 75
185, 165, 183
80, 185, 183
186, 187, 188
189, 190, 187
189, 186, 191
188, 187, 192
67, 58, 193
194, 104, 154
195, 196, 197
198, 199, 200
201, 202, 203
204, 205, 206
207, 208, 209
210, 211, 212
211, 213, 212
214, 210, 215
216, 207, 217
218, 210, 212
218, 212, 213
219, 215, 210
0, 17, 1
3, 10, 4
6, 41, 7
9, 44, 10
11, 20, 12
2, 1, 14
16, 40, 17
43, 9, 31
5, 22, 18
9, 3, 31
19, 3, 5
18, 220, 19
3, 19, 31
8, 7, 20
5, 4, 21
19, 220, 23
15, 14, 25
27, 221, 28
19, 24, 30
26, 25, 32
34, 29, 28
36, 34, 35
33, 32, 38
36, 37, 40
39, 38, 41
31, 30, 42
43, 42, 44
16, 0, 63
16, 63, 64
57, 29, 45
45, 29, 34
36, 16, 64
66, 45, 36
36, 64, 66
46, 49, 47
49, 100, 50
53, 222, 51
51, 223, 52
54, 46, 48
45, 70, 56
58, 67, 59
61, 68, 62
64, 69, 65
57, 56, 59
61, 58, 60
63, 62, 69
66, 65, 70
71, 82, 72
74, 184, 75
77, 74, 76
79, 82, 71
79, 74, 81
77, 81, 74
11, 13, 224
224, 193, 11
83, 225, 26
11, 193, 226
225, 15, 26
8, 11, 226
83, 26, 39
8, 226, 83
39, 6, 83
26, 33, 39
84, 87, 85
87, 89, 88
89, 227, 90
90, 227, 91
93, 228, 94
94, 98, 96
94, 228, 97
91, 229, 99
100, 230, 101
49, 46, 181
181, 102, 49
103, 231, 104
4, 10, 106
7, 41, 108
10, 44, 110
111, 120, 112
114, 103, 105
104, 231, 116
106, 110, 128
137, 128, 110
118, 122, 119
119, 121, 107
107, 106, 118
128, 118, 106
120, 7, 109
21, 4, 107
118, 24, 23
123, 114, 115
125, 232, 126
30, 24, 118
129, 123, 124
131, 133, 125
132, 136, 133
134, 129, 130
117, 116, 136
41, 134, 135
42, 30, 128
110, 44, 42
155, 104, 117
131, 127, 148
127, 149, 148
138, 155, 117
131, 148, 132
157, 138, 132
132, 148, 157
139, 143, 140
142, 180, 143
146, 233, 53
53, 144, 146
141, 140, 54
147, 234, 148
150, 158, 151
153, 235, 154
156, 159, 138
151, 147, 149
154, 235, 158
159, 153, 155
148, 234, 156
73, 72, 160
75, 182, 162
76, 162, 163
161, 160, 164
163, 162, 166
164, 160, 166
236, 113, 112
109, 108, 237
135, 130, 237
167, 238, 112
135, 237, 108
236, 112, 238
109, 237, 167
168, 171, 84
170, 173, 171
172, 175, 173
174, 179, 175
95, 177, 176
96, 239, 177
177, 239, 178
99, 229, 179
101, 230, 180
181, 140, 143
143, 180, 102
165, 164, 162
183, 165, 182
74, 79, 80
184, 80, 183
185, 161, 165
80, 71, 185
186, 189, 187
189, 240, 190
2, 15, 225
225, 193, 61
27, 29, 57
2, 225, 0
61, 63, 0
0, 225, 61
224, 27, 57
224, 57, 67
61, 193, 58
224, 67, 193
126, 236, 149
194, 237, 124
149, 127, 126
152, 149, 236
237, 130, 124
115, 105, 194
194, 124, 115
152, 236, 238
150, 152, 238
194, 105, 104
150, 238, 154
104, 155, 154
154, 238, 194
195, 241, 196
198, 242, 199
201, 243, 202
204, 244, 205
209, 245, 207
246, 207, 245
208, 247, 209
210, 214, 211
248, 217, 207
216, 249, 208
208, 207, 216
218, 219, 210
