# Project Zomboid Skinned Mesh
# File Version:
1.0
# Model Name:
Cube
# Vertex Stride Element Count:
3
# Vertex Stride Size (in bytes):
76
# Vertex Stride Data:
# (Int)    Offset
# (String) Type
0
VertexArray
12
NormalArray
24
TextureCoordArray
# Vertex Count:
125
# Vertex Buffer:
0.00755529, 0.14595166, -0.01908493
0.57734919, 0.57734919, 0.57734919
0.61725324, 0.69247103
0.00755529, 0.13294244, -0.01908493
0.70708334, 0.0, 0.70708334
0.55899614, 0.69247103
0.00755529, 0.13294244, -0.02691812
1.0, 0.0, 0.0
0.55899608, 0.65739298
0.00755529, 0.03117864, -0.02691812
0.62236398, -0.74251533, -0.24750511
0.10328473, 0.65739298
0.0, 0.03639629, -0.04257097
0.0, -0.5847041, -0.81121248
0.12664992, 0.55678421
0.00755529, 0.03639629, -0.04257097
0.59617907, -0.4694052, -0.65129548
0.12664992, 0.58729744
0.0, 0.13294244, -0.01908493
0.0, 0.0, 1.0
0.55899608, 0.71581572
0.0, 0.14595166, -0.04257097
0.0, 0.70708334, -0.70708334
0.61725324, 0.5581314
0.00755529, 0.14595166, -0.04257097
0.57734919, 0.57734919, -0.57734919
0.61725324, 0.58729744
0.00755528, 0.03994423, -0.00886436
0.89288002, -0.42875454, 0.13742484
0.13003823, 0.7476151
0.00755529, 0.03117864, -0.02691812
0.80224007, -0.51197851, -0.30698568
0.09078473, 0.66676795
0.00755528, 0.07190588, -0.01673551
0.86776328, 0.2951445, 0.39976195
0.27316657, 0.71236706
0.00755529, 0.14595166, -0.04257097
0.57734919, 0.57734919, -0.57734919
0.90188408, 0.58729744
0.0, 0.14595166, -0.01908493
0.0, 0.70708334, 0.70708334
0.93571764, 0.69247103
0.00755529, 0.14595166, -0.01908493
0.57734919, 0.57734919, 0.57734919
0.90188408, 0.69247103
0.00755528, 0.02986676, 0.01331798
0.67726678, -0.70546585, -0.20874661
0.08491004, 0.84695041
0.0, 0.03994423, -0.00886436
0.0, -0.95226908, 0.30521563
0.09956741, 0.7476151
0.00755529, 0.05866805, 0.04191651
0.56462294, 0.65572071, 0.50114447
0.21388583, 0.9750182
0.0, 0.0255735, 0.04191651
0.0, -0.75777459, 0.65248573
0.03483361, 0.99999619
0.00755529, 0.0255735, 0.04191651
0.56990266, -0.62263864, 0.53614914
0.06568396, 0.9750182
0.0, 0.02539454, -0.01727218
0.0, -0.96807766, 0.25061801
0.04137293, 0.70996374
0.00755528, 0.02539454, -0.01727218
0.57649463, -0.79100925, 0.20477919
0.06488279, 0.70996374
0.0, 0.05640271, 0.03359107
0.0, 0.99984741, 0.01657155
0.24009687, 0.94610924
0.00755529, 0.05640271, 0.03359107
0.77547532, 0.63124484, 0.01043733
0.20374133, 0.9377358
0.0, 0.03117864, -0.02691812
0.0, -0.85760063, -0.51426739
0.06209201, 0.66676795
0.0, 0.02986676, 0.01331798
0.0, -0.95889157, -0.28376111
0.05602121, 0.84695041
0.0, 0.05866805, 0.04191651
0.0, 0.79451889, 0.60719627
0.24372864, 0.99999619
0.00755529, 0.13294244, -0.01673551
0.57734919, 0.57734919, 0.57734919
0.54649609, 0.71236706
0.0, 0.07190588, -0.01673551
0.0, 0.59395123, 0.80446792
0.2944088, 0.74299407
0.0, 0.13294244, -0.01673551
0.0, 0.70708334, 0.70708334
0.54649609, 0.74299407
0.00755529, 0.13294244, -0.01908493
0.89440596, 0.44718772, 0.0
0.54649609, 0.701846
0.0, 0.13294244, -0.01908493
0.0, 1.0, 0.0
0.54649609, 0.73270524
0.00457231, 0.06647293, -8.06e-06
0.76061279, 0.0, -0.64918971
0.28033519, 0.82763147
0.0, 0.09598023, -8.06e-06
0.0, -0.66393018, -0.74776453
0.40933001, 0.82478648
0.00457231, 0.09598023, -8.06e-06
0.89031649, -0.30228585, -0.3404645
0.41247261, 0.82763147
0.00457231, 0.09856544, 0.00382232
0.58568072, 0.5283975, 0.61461228
0.42404947, 0.8447845
0.0, 0.0654144, 0.00382232
0.0, 0.0, 1.0
0.27624455, 0.85363489
0.00457231, 0.0654144, 0.00382232
0.63789791, 0.0, 0.77007353
0.27559492, 0.8447845
0.00248183, 0.02604799, -0.03574787
0.55446029, -0.78514969, -0.27582628
0.80334783, 0.03347731
0.0, 0.03493382, -0.03738701
0.0, -0.18140203, -0.9833979
0.83776867, 0.00848055
0.00248183, 0.03493382, -0.03738701
0.56282234, -0.14993744, -0.81282997
0.84313971, 0.02613711
0.00457231, 0.10177813, -0.01735872
0.67064422, 0.73335975, 0.11120945
0.4384363, 0.749933
0.00248183, 0.03208689, -0.02875998
0.54887539, -0.63243508, 0.546556
0.83039081, 0.06476998
0.0, 0.09804781, -0.01735872
0.0, -0.9929502, -0.11832026
0.41653147, 0.75571018
0.00457231, 0.09804781, -0.01735872
0.73232216, -0.67613757, -0.08056886
0.42173147, 0.749933
0.0, 0.09856544, 0.00382232
0.0, 0.65190589, 0.75826287
0.4275822, 0.85258555
0.00573608, 0.04223635, -0.04632897
0.57734919, 0.0, -0.8164922
0.88677895, 0.11578131
0.0, 0.04599434, -0.04257097
0.0, 0.70708334, -0.70708334
0.90360773, 0.10344398
0.00573608, 0.04599434, -0.04257097
0.44718772, 0.63243508, -0.63243508
0.90360773, 0.13261002
0.0, 0.02604799, -0.03574787
0.0, -0.9434492, -0.331431
0.78983665, 0.03054094
0.00573608, 0.03847835, -0.04257097
0.44718772, -0.63243508, -0.63243508
0.86995023, 0.13261002
0.00197824, 0.14432, -0.04257097
0.58476514, 0.73445845, -0.34437087
0.97204745, 0.11542255
0.00197824, 0.13853671, -0.04477892
0.61247599, -0.3834956, -0.69121373
0.94614935, 0.10553521
0.00197824, 0.14328468, -0.04477892
0.60396129, 0.42750329, -0.67262793
0.9674114, 0.10553521
0.0, 0.04223635, -0.04632897
0.0, 0.0, -1.0
0.88677895, 0.09112686
0.0, 0.14432, -0.04257097
0.0, 0.90539265, -0.42454299
0.97204745, 0.10728848
0.0, 0.14328468, -0.04477892
0.0, 0.53639334, -0.84395885
0.9674114, 0.09655023
0.0, 0.13715956, -0.04257097
0.0, -0.84847558, -0.52919096
0.93998218, 0.10728848
0.0, 0.13853671, -0.04477892
0.0, -0.48515275, -0.87441635
0.94614935, 0.09655023
-0.00755529, 0.13294244, -0.02691812
-1.0, 0.0, 0.0
0.55899608, 0.3426041
-0.00755529, 0.14595166, -0.01908493
-0.57734919, 0.57734919, 0.57734919
0.61725324, 0.30752605
-0.00755529, 0.14595166, -0.04257097
-0.57734919, 0.57734919, -0.57734919
0.61725324, 0.41269964
0.0, 0.03639629, -0.04257097
0.0, -0.5847041, -0.81121248
0.12664992, 0.44321287
-0.00755529, 0.03117864, -0.02691812
-0.62236398, -0.74251533, -0.24750511
0.10328473, 0.3426041
-0.00755529, 0.03639629, -0.04257097
-0.59617907, -0.4694052, -0.65129548
0.12664992, 0.41269964
0.0, 0.13294244, -0.01908493
0.0, 0.0, 1.0
0.55899608, 0.28418136
-0.00755529, 0.13294244, -0.01908493
-0.70708334, 0.0, 0.70708334
0.55899614, 0.30752605
0.0, 0.14595166, -0.04257097
0.0, 0.70708334, -0.70708334
0.61725324, 0.44186568
-0.00755528, 0.07190588, -0.01673551
-0.86776328, 0.2951445, 0.39976195
0.27316657, 0.28763002
-0.00755529, 0.03117864, -0.02691812
-0.80224007, -0.51197851, -0.30698568
0.09078473, 0.33322912
-0.00755528, 0.03994423, -0.00886436
-0.89288002, -0.42875454, 0.13742484
0.13003823, 0.25238198
-0.00755529, 0.14595166, -0.04257097
-0.57734919, 0.57734919, -0.57734919
0.96955121, 0.58729744
-0.00755529, 0.14595166, -0.01908493
-0.57734919, 0.57734919, 0.57734919
0.96955121, 0.69247103
0.0, 0.03994423, -0.00886436
0.0, -0.95226908, 0.30521563
0.09956741, 0.25238198
-0.00755528, 0.02986676, 0.01331798
-0.67726678, -0.70546585, -0.20874661
0.08491004, 0.15304667
0.0, 0.0255735, 0.04191651
0.0, -0.75777459, 0.65248573
0.03483361, 8.9e-07
-0.00755529, 0.05866805, 0.04191651
-0.56462294, 0.65572071, 0.50114447
0.21388583, 0.02497888
-0.00755529, 0.0255735, 0.04191651
-0.56990266, -0.62263864, 0.53614914
0.06568396, 0.02497888
0.0, 0.02539454, -0.01727218
0.0, -0.96807766, 0.25061801
0.04137293, 0.29003334
-0.00755528, 0.02539454, -0.01727218
-0.57649463, -0.79100925, 0.20477919
0.06488279, 0.29003334
0.0, 0.05640271, 0.03359107
0.0, 0.99984741, 0.01657155
0.24009687, 0.05388784
-0.00755529, 0.05640271, 0.03359107
-0.77547532, 0.63124484, 0.01043733
0.20374133, 0.06226128
0.0, 0.03117864, -0.02691812
0.0, -0.85760063, -0.51426739
0.06209201, 0.33322912
0.0, 0.02986676, 0.01331798
0.0, -0.95889157, -0.28376111
0.05602121, 0.15304667
0.0, 0.05866805, 0.04191651
0.0, 0.79451889, 0.60719627
0.24372864, 8.9e-07
0.0, 0.07190588, -0.01673551
0.0, 0.59395123, 0.80446792
0.2944088, 0.25700301
-0.00755529, 0.13294244, -0.01673551
-0.57734919, 0.57734919, 0.57734919
0.54649609, 0.28763002
-0.00755529, 0.13294244, -0.01908493
-0.89440596, 0.44718772, 0.0
0.54649609, 0.701846
0.0, 0.09598023, -8.06e-06
0.0, -0.66393018, -0.74776453
0.40933001, 0.1752106
-0.00457231, 0.06647293, -8.06e-06
-0.76061279, 0.0, -0.64918971
0.28033519, 0.17236561
-0.00457231, 0.09598023, -8.06e-06
-0.89031649, -0.30228585, -0.3404645
0.41247261, 0.17236561
0.0, 0.0654144, 0.00382232
0.0, 0.0, 1.0
0.27624455, 0.14636219
-0.00457231, 0.09856544, 0.00382232
-0.58568072, 0.5283975, 0.61461228
0.42404947, 0.15521258
-0.00457231, 0.0654144, 0.00382232
-0.63789791, 0.0, 0.77010405
0.27559492, 0.15521258
-0.00248183, 0.02604799, -0.03574787
-0.55446029, -0.78514969, -0.27582628
0.80334783, 0.03347731
-0.00248183, 0.03493382, -0.03738701
-0.56282234, -0.14993744, -0.81282997
0.84313971, 0.02613711
-0.00457231, 0.10177813, -0.01735872
-0.67064422, 0.73335975, 0.11120945
0.4384363, 0.25006407
-0.00457231, 0.09804781, -0.01735872
-0.73232216, -0.67613757, -0.08056886
0.42173147, 0.25006407
-0.00248183, 0.03208689, -0.02875998
-0.54887539, -0.63243508, 0.546556
0.83039081, 0.06476998
0.0, 0.09804781, -0.01735872
0.0, -0.9929502, -0.11832026
0.41653147, 0.24428689
0.0, 0.09856544, 0.00382232
0.0, 0.65190589, 0.75826287
0.4275822, 0.14741153
-0.00573608, 0.04223635, -0.04632897
-0.57734919, 0.0, -0.8164922
0.88677895, 0.11578131
-0.00573608, 0.04599434, -0.04257097
-0.44718772, 0.63243508, -0.63243508
0.90360773, 0.13261002
-0.00573608, 0.03847835, -0.04257097
-0.44718772, -0.63243508, -0.63243508
0.86995023, 0.13261002
-0.00197824, 0.14432, -0.04257097
-0.58476514, 0.73445845, -0.34437087
0.97204745, 0.11542255
-0.00197824, 0.13853671, -0.04477892
-0.61247599, -0.3834956, -0.69121373
0.94614935, 0.10553521
-0.00197824, 0.13715956, -0.04257097
-0.54200876, -0.71303445, -0.44471571
0.93998218, 0.11542255
-0.00197824, 0.14328468, -0.04477892
-0.60396129, 0.42750329, -0.67262793
0.9674114, 0.10553521
0.0, 0.03117864, -0.02691812
0.0, -0.94866788, -0.31620228
0.10328473, 0.62832958
0.0, 0.14595166, -0.01908493
0.0, 0.70708334, 0.70708334
0.61725324, 0.71581572
0.00755529, 0.13294244, -0.02691812
1.0, 0.0, 0.0
0.54649609, 0.66676795
0.0, 0.14595166, -0.04257097
0.0, 0.70708334, -0.70708334
0.93571764, 0.58729744
0.0, 0.06647293, -8.06e-06
0.0, 0.0, -1.0
0.28872275, 0.82393616
0.0, 0.10177813, -0.01735872
0.0, 0.98867762, 0.14993744
0.44401982, 0.75294316
0.0, 0.03208689, -0.02875998
0.0, -0.75658435, 0.65385908
0.81908101, 0.07262856
0.00197824, 0.13715956, -0.04257097
0.54200876, -0.71303445, -0.44471571
0.93998218, 0.11542255
0.0, 0.03847835, -0.04257097
0.0, -0.70708334, -0.70708334
0.86995023, 0.10344398
0.0, 0.03117864, -0.02691812
0.0, -0.94866788, -0.31620228
0.10328473, 0.3716675
0.0, 0.14595166, -0.01908493
0.0, 0.70708334, 0.70708334
0.61725324, 0.28418136
-0.00755529, 0.13294244, -0.01908493
-0.89440596, 0.44718772, 0.0
0.54649609, 0.29815108
-0.00755529, 0.13294244, -0.02691812
-1.0, 0.0, 0.0
0.54649609, 0.33322912
0.0, 0.13294244, -0.01673551
0.0, 0.70708334, 0.70708334
0.54649609, 0.25700301
-0.00755529, 0.13294244, -0.01673551
-0.57734919, 0.57734919, 0.57734919
0.54649609, 0.71236706
0.0, 0.06647293, -8.06e-06
0.0, 0.0, -1.0
0.28872275, 0.17606091
0.0, 0.10177813, -0.01735872
0.0, 0.98867762, 0.14993744
0.44401982, 0.24705392
# Number of Faces:
138
# Face Data:
0, 1, 2
3, 4, 5
0, 6, 1
5, 7, 8
9, 10, 11
12, 13, 14
15, 16, 9
17, 18, 19
9, 20, 21
11, 22, 23
21, 24, 10
19, 25, 15
23, 26, 17
27, 28, 11
29, 30, 31
32, 33, 34
35, 36, 37
38, 39, 40
34, 41, 35
38, 40, 42
34, 43, 44
41, 45, 35
46, 47, 48
42, 49, 38
48, 50, 46
51, 52, 53
50, 54, 46
53, 55, 51
52, 56, 53
52, 57, 58
59, 60, 61
62, 63, 64
65, 60, 66
67, 64, 61
68, 69, 70
13, 71, 72
73, 74, 70
75, 76, 77
78, 70, 79
80, 68, 81
82, 79, 69
83, 77, 74
84, 81, 76
85, 86, 68
87, 29, 31
88, 89, 90
91, 92, 93
39, 94, 95
96, 97, 90
94, 98, 95
99, 90, 97
100, 96, 92
47, 101, 102
49, 98, 94
102, 101, 103
104, 105, 106
54, 103, 101
55, 107, 104
56, 105, 107
105, 57, 106
3, 5, 2
8, 0, 2
2, 5, 8
3, 108, 4
0, 109, 6
5, 4, 7
23, 17, 19
19, 15, 23
9, 21, 10
10, 110, 11
30, 27, 11
11, 23, 9
23, 15, 9
110, 30, 11
12, 111, 13
15, 25, 16
17, 26, 18
9, 16, 20
11, 28, 22
21, 20, 24
19, 18, 25
23, 22, 26
27, 29, 28
29, 27, 30
32, 112, 33
35, 45, 36
38, 49, 39
35, 37, 34
34, 44, 41
37, 32, 34
34, 33, 43
41, 113, 45
46, 54, 47
42, 114, 49
51, 115, 52
50, 116, 54
53, 56, 55
52, 58, 56
52, 115, 57
61, 64, 59
59, 66, 60
64, 63, 59
62, 117, 63
65, 118, 60
67, 62, 64
77, 76, 81
68, 86, 119
77, 81, 74
70, 74, 81
69, 79, 70
119, 120, 68
70, 81, 68
68, 120, 69
13, 111, 71
73, 83, 74
75, 84, 76
78, 73, 70
80, 85, 68
82, 78, 79
83, 75, 77
84, 80, 81
85, 121, 86
87, 122, 29
88, 123, 89
91, 100, 92
39, 49, 94
89, 93, 90
92, 96, 90
90, 93, 92
99, 88, 90
100, 124, 96
47, 54, 101
49, 114, 98
104, 107, 105
54, 116, 103
55, 56, 107
56, 58, 105
105, 58, 57
