# Project Zomboid Skinned Mesh
# File Version:
1.0
# Model Name:
Cube
# Vertex Stride Element Count:
3
# Vertex Stride Size (in bytes):
76
# Vertex Stride Data:
# (Int)    Offset
# (String) Type
0
VertexArray
12
NormalArray
24
TextureCoordArray
# Vertex Count:
205
# Vertex Buffer:
-0.00566449, 0.10406029, -0.0126425
-0.87533188, 0.29862362, 0.3802301
0.53008008, 0.50072733
-3e-08, 0.11533412, -0.0126425
0.0, 0.70708334, 0.70708334
0.58707976, 0.48967147
-0.00566449, 0.11533412, -0.0126425
-0.57734919, 0.57734919, 0.57734919
0.57420009, 0.50072733
-0.00566449, 0.05052782, 0.01175765
-0.74968719, 0.66014588, 0.04602191
0.18625994, 0.85501954
-3e-08, 0.05437266, -0.0033261
0.0, 0.88854641, 0.45875424
0.22379865, 0.80916733
-0.00566455, 0.05437266, -0.0033261
-0.76143682, 0.57597584, 0.29737234
0.20130679, 0.79598962
-0.00566451, 0.11109628, -0.04922571
-0.63023776, 0.29709768, -0.71727651
0.5576154, 0.64389452
-3e-08, 0.07433644, -0.04922571
0.0, -0.46635336, -0.884579
0.40397763, 0.66792688
-0.0056645, 0.07433644, -0.04922571
-0.61564988, -0.36750388, -0.69704276
0.41375667, 0.64389452
-0.00566449, 0.05274603, 0.0317783
-0.57176429, 0.61122471, 0.54722738
0.19494088, 0.93336961
-3e-08, 0.05052782, 0.01175765
0.0, 0.99755853, 0.06955168
0.21338376, 0.85596666
-0.00566451, 0.06457642, -0.03497236
-0.79445785, -0.35026094, -0.49607837
0.37556106, 0.58811468
-3e-08, 0.04505628, -0.02979656
0.0, -0.77028716, -0.63765371
0.28497919, 0.58006588
-0.00566451, 0.04505628, -0.02979656
-0.59672844, -0.61812186, -0.51167333
0.29916948, 0.5678592
-3e-08, 0.11533412, -0.02506493
0.0, 0.98162788, 0.19067964
0.60192686, 0.54260713
-0.00566449, 0.11533412, -0.02506493
-0.75264746, 0.646321, 0.12555315
0.57420009, 0.54934207
-3e-08, 0.10080694, 0.00069131
0.0, 0.80431533, 0.59416485
0.53447467, 0.43306446
-3e-08, 0.10406029, -0.0126425
0.0, 0.61763358, 0.78643149
0.54905891, 0.48284876
-0.0056645, 0.05577778, -0.02165119
-1.0, 0.0, 0.0
0.20680568, 0.72427481
-0.00566449, 0.04431683, -0.01944499
-0.7666555, -0.60960722, -0.20136112
0.1619536, 0.7329087
-0.00566455, 0.05851329, -0.00820613
-0.81493574, 0.24347667, 0.52589494
0.21751103, 0.77689172
-3e-08, 0.06457642, -0.03497236
0.0, -0.85171056, -0.52397227
0.3593393, 0.60870063
-3e-08, 0.05851329, -0.00820613
0.0, 0.4201178, 0.90743738
0.23252685, 0.79703359
-3e-08, 0.04505628, -0.02979656
0.0, -0.77028716, -0.63765371
0.15065692, 0.68019149
-3e-08, 0.04431683, -0.01944499
0.0, -0.94952238, -0.3136082
0.13798727, 0.72312981
-3e-08, 0.1177221, -0.03097944
0.0, 0.98162788, 0.19067964
0.60847563, 0.56998765
-0.00566451, 0.1177221, -0.03097944
-0.66658527, 0.7317118, 0.1421247
0.58354515, 0.57248831
-0.00566455, 0.05851329, -0.00820613
-0.81493574, 0.24347667, 0.52589494
0.35183325, 0.48336565
-3e-08, 0.06860819, -0.00820613
0.0, -0.55339211, 0.83288062
0.38096851, 0.46570158
-0.00566455, 0.06860819, -0.00820613
-0.85503709, -0.28696555, 0.43189794
0.3913393, 0.48336565
-3e-08, 0.0277543, 0.00658189
0.0, -0.92114019, -0.3891415
0.07215259, 0.82469541
-0.00566449, 0.0277543, 0.00658189
-0.67152929, -0.68254644, -0.28833887
0.09713662, 0.83476411
-3e-08, 0.1177221, -0.04799753
0.0, 0.70708334, -0.70708334
0.60346782, 0.65320402
-0.00566451, 0.1177221, -0.04799753
-0.57734919, 0.57734919, -0.57734919
0.58354515, 0.63908818
-0.00566449, 0.07505119, 0.00712409
-0.60408336, -0.45493942, 0.65425581
0.41655385, 0.42337143
-3e-08, 0.07505119, 0.00712409
0.0, -0.57090974, 0.82100892
0.4057298, 0.40694666
-3e-08, 0.08902583, 0.00771561
0.0, 0.24512467, 0.96948147
0.47588471, 0.39440989
-0.00566449, 0.08902583, 0.00771561
-0.64803004, 0.18668172, 0.7383343
0.4712432, 0.42105651
-3e-08, 0.11232439, -0.04799753
0.0, 0.38267159, -0.92385632
0.57441646, 0.66792688
-0.00566451, 0.11232439, -0.04799753
-0.80416274, 0.22745445, -0.54911953
0.56242174, 0.63908818
-0.00566449, 0.10080694, 0.00069131
-0.62956631, 0.62492752, 0.46162298
0.51734823, 0.44854581
-3e-08, 0.11109628, -0.04922571
0.0, 0.38267159, -0.92385632
0.56543571, 0.66792688
-3e-08, 0.02178221, 0.0317783
0.0, -0.78441727, 0.62022769
0.04182439, 0.95965134
-0.00566449, 0.02178221, 0.0317783
-0.56608784, -0.64662617, 0.5112766
0.07376507, 0.93336961
-3e-08, 0.05274603, 0.0317783
0.0, 0.74501783, 0.66701257
0.22004436, 0.95971963
-0.0056645, 0.07634939, 0.00508148
-0.85012358, 0.30622274, -0.42835781
0.42163426, 0.43136501
-0.00621446, 0.07868079, -0.04455303
-0.3961913, -0.60997343, -0.68623918
0.1561705, 0.4229691
-0.01242887, 0.10469457, -0.03378932
-0.7923826, 0.60997343, 0.0
0.25797477, 0.46509242
-0.00621446, 0.10469457, -0.04455303
-0.3961913, 0.60997343, -0.68623918
0.25797477, 0.42296922
-0.01242887, 0.07868079, -0.03378932
-0.7923826, -0.60997343, 0.0
0.15617043, 0.46509242
-0.00621446, 0.10469457, -0.02302564
-0.3961913, 0.60997343, 0.68623918
0.25797477, 0.50721586
-0.01242887, 0.10469457, -0.03378932
-0.7923826, 0.60997343, 0.0
0.27224731, 0.40800226
-3e-08, 0.10469457, -0.02302564
0.0, 0.70708334, 0.70708334
0.33253929, 0.46049273
-3e-08, 0.10469457, -0.04455303
0.0, 0.70708334, -0.70708334
0.33253929, 0.3629846
-3e-08, 0.07868079, -0.04455303
0.0, -0.70708334, -0.70708334
0.1561705, 0.39864898
-3e-08, 0.10469457, -0.04455303
0.0, 0.70708334, -0.70708334
0.25797477, 0.3986491
-3e-08, 0.07296049, -0.00333944
0.0, 0.99542224, -0.09555345
0.42663109, 0.46457672
-0.00566451, 0.07296049, -0.00333944
-0.77666557, 0.62700278, -0.0601825
0.4083719, 0.46432006
-0.00566451, 0.08147932, -0.01422503
-0.77425456, 0.17337565, 0.60860014
0.4417102, 0.50692052
-3e-08, 0.07419282, -0.00970649
0.0, 0.82335889, 0.56746119
0.42871225, 0.47940111
-3e-08, 0.08147932, -0.01422503
0.0, 0.27396467, 0.96172976
0.4477475, 0.4901334
-0.00566445, 0.09144546, -0.01422503
-0.7569201, -0.13562426, 0.63924068
0.48071235, 0.50692043
-3e-08, 0.09976371, -0.01052878
0.0, -0.85814995, 0.51338238
0.49325764, 0.48113823
-0.00566445, 0.09976371, -0.01052878
-0.8620258, -0.43494979, 0.2602008
0.51326555, 0.49245536
-0.00566448, 0.0990243, -0.00060775
-0.82512891, -0.48255867, -0.29367962
0.51037186, 0.45362973
-3e-08, 0.08871379, 0.00573874
0.0, -0.24674214, -0.96905422
0.46641687, 0.44582605
-0.0056645, 0.08871379, 0.00573874
-0.78066349, -0.15417951, -0.60557878
0.47002202, 0.42879272
-0.00566453, 0.07419282, -0.00970649
-0.80932033, 0.4835963, 0.33329263
0.41319454, 0.48923731
-3e-08, 0.09144546, -0.01422503
0.0, -0.20752586, 0.97820979
0.47416437, 0.4893645
-3e-08, 0.0990243, -0.00060775
0.0, -0.85421306, -0.51985228
0.49390107, 0.46164215
-3e-08, 0.07634939, 0.00508148
0.0, 0.58156073, -0.81350136
0.43615752, 0.44678128
-0.00314811, 0.05593292, -0.04780917
-0.54289377, -0.74636066, -0.38489944
0.06714746, 0.57150921
-3e-08, 0.07159385, -0.04507066
0.0, 0.17224647, -0.98504591
0.13000451, 0.5598855
-3e-08, 0.05593292, -0.04780917
0.0, -0.88876003, -0.45835748
0.04884031, 0.5638831
-0.00314811, 0.06286481, -0.04096286
-0.76894438, -0.54997408, 0.32590717
0.09427516, 0.5983021
-3e-08, 0.06286481, -0.04096286
0.0, -0.86028624, 0.50978118
0.08097599, 0.60543475
-0.00314811, 0.06457642, -0.03497236
-0.49110386, -0.83754998, 0.23929563
0.10097334, 0.62174571
-3e-08, 0.06457642, -0.03497236
0.0, -0.85171056, -0.52397227
0.0903407, 0.62647757
-0.00314811, 0.07159385, -0.04507066
-0.58619952, 0.13953063, -0.79802853
0.12843585, 0.58222657
-3e-08, 0.17164908, -0.03707591
0.0, 0.70708334, 0.70708334
0.3017526, 0.34470391
-0.0020493, 0.1177221, -0.03707591
-0.38267159, 0.0, 0.92385632
0.03483135, 0.33667254
-3e-08, 0.1177221, -0.03707591
0.0, 0.0, 1.0
0.03483146, 0.34470391
-0.0020493, 0.17164908, -0.03707591
-0.29709768, 0.63023776, 0.71727651
0.3017526, 0.33667254
-0.00494739, 0.1177221, -0.039974
-0.92385632, 0.0, 0.38267159
0.03483135, 0.32533121
-0.00494739, 0.17164908, -0.039974
-0.71727651, 0.63023776, 0.29709768
0.3017526, 0.32533121
-0.0049474, 0.1177221, -0.04407251
-0.92385632, 0.0, -0.38267159
0.03483135, 0.30929172
-0.00494739, 0.17164908, -0.04407251
-0.71727651, 0.63023776, -0.29709768
0.3017526, 0.30929172
-0.0020493, 0.1177221, -0.0469706
-0.38267159, 0.0, -0.92385632
0.03483135, 0.29794991
-3e-08, 0.15325569, -0.03707591
0.0, 0.80446792, 0.59395123
0.18166684, 0.35741031
-0.0020493, 0.14976119, -0.03234286
-0.61836606, 0.35407576, 0.70159
0.1602155, 0.36948609
-3e-08, 0.14976119, -0.03234286
0.0, 0.45054474, 0.89272743
0.16380042, 0.37797701
-3e-08, 0.1177221, -0.03234286
0.0, 0.0, 1.0
0.03490368, 0.37797701
-0.0020493, 0.1177221, -0.03707591
-1.0, 0.0, 0.0
0.03483135, 0.35096347
-0.0020493, 0.1177221, -0.03234286
-0.70708334, 0.0, 0.70708334
0.03483135, 0.36948609
-0.0020493, 0.17164908, -0.0469706
-0.29709768, 0.63023776, -0.71727651
0.3017526, 0.29794991
-3e-08, 0.1177221, -0.0469706
0.0, 0.0, -1.0
0.03485975, 0.28963959
-3e-08, 0.17164908, -0.03707591
0.0, 0.70708334, 0.70708334
0.32737628, 0.33635259
-3e-08, 0.17164908, -0.0469706
0.0, 0.70708334, -0.70708334
0.32737628, 0.2976644
-0.00494739, 0.17164908, -0.04407251
-0.71727651, 0.63023776, -0.29709768
0.30803224, 0.30899572
-3e-08, 0.16462654, -0.05302695
0.0, 0.27106541, -0.9625538
0.27427006, 0.24745488
-0.0020493, 0.1570029, -0.0469706
-0.54393137, -0.61015654, -0.57600635
0.24443488, 0.27115607
-0.0020493, 0.1685172, -0.0469706
-0.54393137, 0.61015654, -0.57600635
0.28949577, 0.27115607
-3e-08, 0.1685172, -0.0469706
0.0, 0.84133428, -0.54048282
0.29459578, 0.26536953
-3e-08, 0.16089347, -0.05302695
0.0, -0.27106541, -0.9625538
0.25966063, 0.24745488
-3e-08, 0.1570029, -0.0469706
0.0, -0.84133428, -0.54048282
0.23933488, 0.26536953
-0.00621446, 0.07868079, -0.02302564
-0.3961913, -0.60997343, 0.68623918
0.1561705, 0.50721586
-3e-08, 0.10469457, -0.02302564
0.0, 0.70708334, 0.70708334
0.25797477, 0.53153583
-3e-08, 0.07868079, -0.02302564
0.0, -0.70708334, 0.70708334
0.12706359, 0.50936216
-3e-08, 0.11533412, -0.0126425
0.0, 0.70708334, 0.70708334
0.58707976, 0.84618242
0.00566443, 0.10406029, -0.0126425
0.87533188, 0.29862362, 0.3802301
0.53008008, 0.83512649
0.00566443, 0.11533412, -0.0126425
0.57734919, 0.57734919, 0.57734919
0.57420009, 0.83512649
0.00566443, 0.05052782, 0.01175765
0.74968719, 0.66014588, 0.04602191
0.18625994, 0.85501954
0.00566449, 0.05437266, -0.0033261
0.76143682, 0.57597584, 0.29737234
0.20130679, 0.79598962
0.00566444, 0.11109628, -0.04922571
0.63023776, 0.29709768, -0.71727651
0.5576154, 0.69195935
0.00566443, 0.07433644, -0.04922571
0.61564988, -0.36750388, -0.69704276
0.41375679, 0.69195917
0.00566443, 0.05274603, 0.0317783
0.57176429, 0.61122471, 0.54722738
0.19494088, 0.93336961
0.00566445, 0.04505628, -0.02979657
0.59672844, -0.61812186, -0.51167333
0.29916948, 0.76799454
-3e-08, 0.06457642, -0.03497236
0.0, -0.85171056, -0.52397227
0.3593393, 0.72715318
0.00566444, 0.06457642, -0.03497236
0.79445785, -0.35026094, -0.49607837
0.37556106, 0.74773914
-3e-08, 0.11533412, -0.02506493
0.0, 0.98162788, 0.19067964
0.60192686, 0.79324669
0.00566443, 0.11533412, -0.02506493
0.75264746, 0.646321, 0.12555315
0.57420009, 0.78651178
-3e-08, 0.10406029, -0.0126425
0.0, 0.61763358, 0.78643149
0.54905891, 0.85300517
0.00566443, 0.10080694, 0.00069131
0.62956631, 0.624897, 0.46162298
0.51734835, 0.88730806
0.00566443, 0.04431683, -0.01944499
0.7666555, -0.60960722, -0.20136112
0.1619536, 0.7329087
0.00566448, 0.05851329, -0.00820613
0.81493574, 0.24347667, 0.52589494
0.21751103, 0.77689172
0.00566445, 0.04505628, -0.02979657
0.59672844, -0.61812186, -0.51167333
0.16484715, 0.69239816
-3e-08, 0.1177221, -0.03097944
0.0, 0.98162788, 0.19067964
0.60847574, 0.76586618
0.00566444, 0.1177221, -0.03097944
0.66658527, 0.7317118, 0.1421247
0.58354515, 0.76336551
-3e-08, 0.06860819, -0.00820613
0.0, -0.55339211, 0.83288062
0.38096851, 0.87015232
0.00566448, 0.05851329, -0.00820613
0.81493574, 0.24347667, 0.52589494
0.35183325, 0.85248818
0.00566448, 0.06860819, -0.00820613
0.85503709, -0.28696555, 0.43189794
0.39133936, 0.85248818
0.00566443, 0.0277543, 0.00658189
0.67152929, -0.68254644, -0.28833887
0.09713662, 0.83476411
-3e-08, 0.1177221, -0.04799753
0.0, 0.70708334, -0.70708334
0.60346782, 0.68264979
0.00566444, 0.1177221, -0.04799753
0.57734919, 0.57734919, -0.57734919
0.58354515, 0.69676563
0.00566443, 0.07505119, 0.00712409
0.60408336, -0.45493942, 0.65425581
0.41655391, 0.9124825
-3e-08, 0.08902583, 0.00771561
0.0, 0.24512467, 0.96948147
0.47588471, 0.94144398
0.00566443, 0.08902583, 0.00771561
0.64803004, 0.18668172, 0.7383343
0.4712432, 0.91479748
0.00566444, 0.11232439, -0.04799753
0.80416274, 0.22745445, -0.54911953
0.56242174, 0.69676563
-3e-08, 0.10080694, 0.00069131
0.0, 0.80431533, 0.59416485
0.53447479, 0.90278941
0.00566443, 0.02178221, 0.0317783
0.56608784, -0.64662617, 0.5112766
0.07376507, 0.93336961
0.00566442, 0.0990243, -0.00060775
0.82512891, -0.48255867, -0.29367962
0.51037186, 0.8822242
0.01242881, 0.10469457, -0.03378933
0.7923826, 0.60997343, 0.0
0.25797477, 0.46509242
0.00621439, 0.07868079, -0.04455303
0.3961913, -0.60997343, -0.68623918
0.1561705, 0.42296922
0.00621439, 0.10469457, -0.04455303
0.3961913, 0.60997343, -0.68623918
0.25797477, 0.42296922
0.00621439, 0.07868079, -0.02302564
0.3961913, -0.60997343, 0.68623918
0.1561705, 0.50721586
0.01242881, 0.07868079, -0.03378933
0.7923826, -0.60997343, 0.0
0.15617043, 0.46509242
0.00621438, 0.10469457, -0.02302564
0.3961913, 0.60997343, 0.68623918
0.29451218, 0.46049273
0.01242881, 0.10469457, -0.03378933
0.7923826, 0.60997343, 0.0
0.27224731, 0.40800226
-3e-08, 0.07296049, -0.00333944
0.0, 0.99542224, -0.09555345
0.42663109, 0.87127721
0.00566444, 0.07634939, 0.00508148
0.85012358, 0.30622274, -0.42835781
0.42163426, 0.90448901
0.00566445, 0.07296049, -0.00333944
0.77666557, 0.62700278, -0.0601825
0.4083719, 0.8715339
0.00566445, 0.08147932, -0.01422503
0.77428508, 0.17337565, 0.60860014
0.4417102, 0.82893345
-3e-08, 0.07419282, -0.00970649
0.0, 0.82335889, 0.56746119
0.42871225, 0.85645276
0.00566447, 0.07419282, -0.00970649
0.80932033, 0.4835963, 0.33329263
0.4131946, 0.8466166
-3e-08, 0.09976371, -0.01052878
0.0, -0.85814995, 0.51338238
0.49325776, 0.85471573
0.00566439, 0.09144546, -0.01422503
0.7569201, -0.13562426, 0.63924068
0.48071235, 0.82893345
0.00566439, 0.09976371, -0.01052878
0.8620258, -0.43494979, 0.2602008
0.51326567, 0.84339848
-3e-08, 0.08871379, 0.00573874
0.0, -0.24674214, -0.96905422
0.46641687, 0.890028
0.00566444, 0.08871379, 0.00573874
0.78066349, -0.15417951, -0.60557878
0.47002202, 0.90706116
-3e-08, 0.08147932, -0.01422503
0.0, 0.27396467, 0.96172976
0.44774771, 0.84572046
-3e-08, 0.0990243, -0.00060775
0.0, -0.85421306, -0.51985228
0.49390125, 0.87421167
-3e-08, 0.07634939, 0.00508148
0.0, 0.58156073, -0.81350136
0.43615752, 0.88907278
0.00314805, 0.05593292, -0.04780917
0.54289377, -0.74636066, -0.38489944
0.06714746, 0.57150921
0.00314805, 0.06286481, -0.04096286
0.76894438, -0.54997408, 0.32590717
0.09427516, 0.5983021
0.00314805, 0.06457642, -0.03497236
0.49110386, -0.83754998, 0.23929563
0.10097334, 0.62174571
0.00314805, 0.07159385, -0.04507066
0.58619952, 0.13953063, -0.79802853
0.12843585, 0.58222657
0.00204923, 0.1177221, -0.03707591
0.38267159, 0.0, 0.92385632
0.03483135, 0.33667231
-3e-08, 0.1177221, -0.03707591
0.0, 0.0, 1.0
0.03485727, 0.34470391
0.00494732, 0.1177221, -0.039974
0.92385632, 0.0, 0.38267159
0.03483135, 0.32533109
0.00204923, 0.17164908, -0.03707591
0.29709768, 0.63023776, 0.71727651
0.3017526, 0.33667231
0.00494732, 0.1177221, -0.04407251
0.92385632, 0.0, -0.38267159
0.03483135, 0.30929172
0.00494732, 0.17164908, -0.039974
0.71727651, 0.63023776, 0.29709768
0.3017526, 0.32533109
0.00204923, 0.1177221, -0.0469706
0.38267159, 0.0, -0.92385632
0.03483135, 0.29794979
0.00494732, 0.17164908, -0.04407251
0.71727651, 0.63023776, -0.29709768
0.3017526, 0.30929172
0.00204923, 0.14976119, -0.03234286
0.61836606, 0.35407576, 0.70159
0.1602155, 0.36948597
0.00204923, 0.1177221, -0.03707591
1.0, 0.0, 0.0
0.03483135, 0.35096347
0.00204923, 0.15325569, -0.03707591
0.51139867, 0.69130528, 0.51039153
0.17389099, 0.35096347
0.00204923, 0.17164908, -0.0469706
0.29709768, 0.63023776, -0.71727651
0.3017526, 0.29794979
0.00494732, 0.17164908, -0.04407251
0.71727651, 0.63023776, -0.29709768
0.34672031, 0.30899572
0.00494732, 0.17164908, -0.039974
0.71727651, 0.63023776, 0.29709768
0.34672031, 0.32502103
0.00204923, 0.1570029, -0.0469706
0.54393137, -0.61015654, -0.57600635
0.24443488, 0.27115607
0.00204923, 0.1685172, -0.0469706
0.54393137, 0.61015654, -0.57600635
0.28949577, 0.27115607
0.00621438, 0.10469457, -0.02302564
0.3961913, 0.60997343, 0.68623918
0.25797477, 0.50721586
-3e-08, 0.07868079, -0.04455303
0.0, -0.70708334, -0.70708334
0.12706359, 0.41977036
-0.00566451, 0.04505628, -0.02979656
-0.59672844, -0.61812186, -0.51167333
0.16484715, 0.69239816
-3e-08, 0.05851329, -0.00820613
0.0, 0.4201178, 0.90743738
0.36045092, 0.46716118
-0.00621446, 0.10469457, -0.04455303
-0.3961913, 0.60997343, -0.68623918
0.29451218, 0.3629846
-0.00621446, 0.10469457, -0.02302564
-0.3961913, 0.60997343, 0.68623918
0.29451218, 0.46049273
-0.0056645, 0.05577778, -0.02165119
-1.0, 0.0, 0.0
0.34112784, 0.53598258
-0.0020493, 0.15325569, -0.03707591
-0.51139867, 0.69130528, 0.51039153
0.17389099, 0.35096347
-3e-08, 0.17164908, -0.0469706
0.0, 0.70708334, -0.70708334
0.3017526, 0.28963959
-0.00494739, 0.17164908, -0.039974
-0.71727651, 0.63023776, 0.29709768
0.30803224, 0.32502103
-0.0020493, 0.17164908, -0.03707591
-0.29709768, 0.63023776, 0.71727651
0.3193638, 0.33635259
-0.0020493, 0.17164908, -0.0469706
-0.29709768, 0.63023776, -0.71727651
0.3193638, 0.2976644
-3e-08, 0.07868079, -0.02302564
0.0, -0.70708334, 0.70708334
0.1561705, 0.53153589
-3e-08, 0.04505628, -0.02979656
0.0, -0.77028716, -0.63765371
0.28497919, 0.75578792
0.00566444, 0.05577778, -0.02165119
1.0, 0.0, 0.0
0.20680568, 0.72427481
-3e-08, 0.05851329, -0.00820613
0.0, 0.4201178, 0.90743738
0.36045104, 0.86869276
-3e-08, 0.07505119, 0.00712409
0.0, -0.57090974, 0.82100892
0.40572992, 0.92890736
0.00621439, 0.10469457, -0.04455303
0.3961913, 0.60997343, -0.68623918
0.29451218, 0.3629846
-3e-08, 0.09144546, -0.01422503
0.0, -0.20752586, 0.97820979
0.47416437, 0.8464893
0.00566444, 0.05577778, -0.02165119
1.0, 0.0, 0.0
0.34112796, 0.79987124
0.00204923, 0.1177221, -0.03234286
0.70708334, 0.0, 0.70708334
0.03483135, 0.36948597
0.00204923, 0.17164908, -0.03707591
0.29709768, 0.63023776, 0.71727651
0.33538887, 0.33635259
0.00204923, 0.17164908, -0.0469706
0.29709768, 0.63023776, -0.71727651
0.33538887, 0.2976644
# Number of Faces:
270
# Face Data:
0, 1, 2
3, 4, 5
6, 7, 8
9, 10, 3
11, 12, 13
2, 14, 15
0, 16, 17
18, 19, 20
8, 21, 11
5, 22, 20
19, 23, 24
15, 25, 26
27, 28, 29
19, 30, 31
26, 32, 33
34, 28, 35
34, 36, 37
33, 38, 39
37, 16, 40
39, 41, 6
31, 42, 43
43, 44, 9
45, 34, 37
46, 47, 48
49, 50, 47
51, 52, 53
54, 48, 55
45, 56, 57
58, 59, 60
61, 62, 63
64, 65, 66
57, 59, 67
61, 60, 68
63, 69, 64
66, 70, 45
71, 72, 73
74, 73, 75
76, 75, 77
71, 74, 78
74, 76, 78
0, 15, 61
79, 80, 81
82, 83, 80
84, 85, 83
86, 87, 85
88, 89, 90
89, 91, 90
89, 92, 93
94, 95, 87
96, 97, 98
99, 100, 101
101, 102, 99
100, 103, 104
105, 106, 50
107, 105, 49
108, 109, 110
4, 111, 112
7, 113, 114
10, 115, 111
116, 117, 118
119, 110, 120
121, 122, 109
123, 124, 112
117, 114, 118
22, 112, 124
123, 23, 125
126, 120, 127
128, 129, 130
30, 123, 131
132, 127, 133
134, 128, 130
135, 134, 136
38, 133, 137
138, 136, 122
41, 137, 113
42, 131, 139
44, 139, 115
122, 136, 140
141, 142, 143
141, 144, 145
52, 146, 147
143, 54, 55
148, 149, 150
151, 152, 153
154, 155, 156
157, 140, 158
152, 150, 153
155, 159, 151
160, 156, 140
161, 158, 149
72, 162, 73
73, 163, 75
75, 164, 77
162, 165, 163
163, 165, 164
120, 109, 155
166, 79, 167
168, 169, 166
170, 171, 168
172, 173, 170
174, 88, 90
91, 174, 90
174, 175, 176
95, 177, 172
178, 96, 179
99, 180, 103
181, 99, 102
180, 104, 103
106, 144, 182
145, 107, 183
0, 17, 1
3, 10, 4
6, 41, 7
9, 44, 10
11, 21, 12
2, 1, 14
0, 40, 16
43, 9, 3
5, 20, 19
43, 3, 31
19, 31, 5
18, 184, 19
3, 5, 31
8, 7, 21
5, 4, 22
19, 184, 23
15, 14, 25
27, 185, 28
19, 24, 30
26, 25, 32
34, 29, 28
34, 35, 36
33, 32, 38
37, 36, 16
39, 38, 41
31, 30, 42
43, 42, 44
40, 0, 63
40, 63, 64
57, 29, 34
45, 57, 34
37, 40, 64
66, 45, 37
37, 64, 66
46, 49, 47
49, 105, 50
53, 186, 51
51, 187, 52
54, 46, 48
45, 70, 56
58, 67, 59
61, 68, 62
64, 69, 65
57, 56, 59
61, 58, 60
63, 62, 69
66, 65, 70
71, 78, 72
74, 71, 73
76, 74, 75
11, 13, 188
188, 27, 29
29, 57, 67
29, 67, 188
11, 188, 67
6, 8, 61
26, 33, 39
39, 6, 15
11, 67, 58
61, 63, 0
11, 58, 8
26, 39, 15
0, 2, 15
15, 6, 61
58, 61, 8
79, 82, 80
82, 84, 83
84, 86, 85
86, 94, 87
88, 189, 89
89, 93, 91
89, 189, 92
94, 190, 95
98, 191, 96
192, 96, 191
97, 193, 98
99, 103, 100
105, 194, 106
49, 46, 183
183, 107, 49
108, 121, 109
4, 10, 111
7, 41, 113
10, 44, 115
116, 195, 117
119, 108, 110
121, 138, 122
111, 115, 139
139, 131, 111
123, 125, 196
196, 124, 123
112, 111, 131
131, 123, 112
117, 7, 114
22, 4, 112
123, 24, 23
126, 119, 120
128, 197, 129
30, 24, 123
132, 126, 127
134, 198, 128
135, 198, 134
38, 132, 133
138, 135, 136
41, 38, 137
42, 30, 131
44, 42, 139
156, 109, 122
134, 130, 150
134, 150, 149
140, 156, 122
134, 149, 136
158, 140, 136
136, 149, 158
141, 145, 142
141, 182, 144
147, 199, 53
53, 52, 147
143, 142, 54
148, 161, 149
151, 159, 152
154, 200, 155
157, 160, 140
152, 148, 150
155, 200, 159
160, 154, 156
161, 157, 158
72, 165, 162
73, 162, 163
75, 163, 164
201, 116, 118
118, 114, 151
137, 133, 127
114, 113, 155
129, 201, 130
153, 150, 130
130, 201, 153
113, 120, 155
120, 110, 109
137, 127, 120
153, 201, 118
151, 153, 118
137, 120, 113
109, 156, 155
155, 151, 114
166, 169, 79
168, 171, 169
170, 173, 171
172, 177, 173
174, 176, 88
91, 202, 174
174, 202, 175
95, 190, 177
203, 179, 96
178, 204, 97
97, 96, 178
99, 181, 180
106, 194, 144
183, 142, 145
145, 144, 107
