# Project Zomboid Skinned Mesh
# File Version:
1.0
# Model Name:
Cube.001
# Vertex Stride Element Count:
3
# Vertex Stride Size (in bytes):
76
# Vertex Stride Data:
# (Int)    Offset
# (String) Type
0
VertexArray
12
NormalArray
24
TextureCoordArray
# Vertex Count:
327
# Vertex Buffer:
0.01254241, 0.50548041, -0.00759247
0.57646412, 0.60567033, 0.54844815
0.96821976, 0.84678335
-0.0, 0.50548041, -0.01677067
0.0, 0.99996948, 0.0
0.97096777, 0.81973875
-0.0, 0.50548041, -0.00759247
0.0, 0.73894465, 0.67372662
0.96821976, 0.86011244
0.0148484, 0.3770383, -0.01677067
0.99993896, 0.00897244, 0.0
0.75072443, 0.81973875
0.01254241, 0.50548041, -0.01677067
0.70070499, 0.71340066, 0.0
0.96821976, 0.81973875
-0.0, 0.3770383, 0.00429245
0.0, 0.06674398, 0.99774164
0.75072443, 0.88069896
0.00568959, 0.21840167, -0.02979269
0.46079898, 0.0, -0.88747823
0.50638211, 0.80088519
0.0148484, 0.21840167, -0.01677067
0.81792659, 0.0, -0.57527393
0.50638211, 0.81973875
0.00568959, 0.3770383, -0.02979269
0.46284372, 0.00390637, -0.88641012
0.75072443, 0.80088519
0.0148484, 0.23539352, 0.01015611
0.7297281, 0.09482101, 0.67708367
0.53098309, 0.85872388
0.0148484, 0.3770383, 0.00429245
0.70320749, 0.05337687, 0.70894498
0.75072443, 0.85872388
-0.0, 0.23539352, 0.01015611
0.0, 0.13870662, 0.99032563
0.53098309, 0.88069896
-0.0, 0.08511169, 0.01961315
0.0, 0.33429974, 0.94244212
0.31961772, 0.89454837
0.0148484, 0.19622973, 0.01961315
0.68141729, 0.08648945, 0.72673726
0.44991279, 0.87241606
-0.0, 0.19622973, 0.01961315
0.0, 0.11816767, 0.99298072
0.45169923, 0.89295087
0.0148484, 0.21840167, -0.01206827
1.0, 0.0, 0.0
0.50638211, 0.82654697
0.00946225, 0.04768346, 0.00432984
0.78255564, -0.09225745, -0.61564988
0.25921237, 0.85028856
-0.0, 0.08511169, -0.01206827
0.0, -0.20499283, -0.97875911
0.31340191, 0.81016044
0.0148484, 0.08511169, -0.01206827
0.67378765, -0.18405713, -0.7156285
0.31340191, 0.82654697
0.0148484, 0.08511169, 0.01961315
0.80758077, 0.12561418, 0.57618946
0.31340191, 0.87241606
0.0148484, 0.08903672, -0.01206827
0.89440596, 0.0, -0.44718772
0.31908453, 0.82654697
-0.0, 0.3770383, -0.02979269
0.0, 0.0, -1.0
0.75072443, 0.79264149
0.00514968, 0.50548041, -0.02979269
0.39777824, 0.61024809, -0.68507951
0.96821976, 0.80088519
0.00946225, 0.05044664, 0.04774716
0.61891538, 0.20081179, 0.75933105
0.26321289, 0.9131491
0.00946225, 0.01880263, 0.00064397
0.70336008, -0.02533036, -0.71034884
0.21739805, 0.84495205
-0.0, -0.11740543, 0.0077639
0.0, -0.78276926, -0.62227243
0.01293992, 0.83540763
-0.0, 0.03442705, -0.00017275
0.0, 0.13715018, -0.99053925
0.24252734, 0.83052526
-0.0, 0.01880257, 0.04445028
0.0, 0.12598041, 0.99200416
0.2202951, 0.9238043
-0.0, 0.05044664, 0.04774716
0.0, 0.28495133, 0.95852536
0.26604095, 0.9250118
0.00946225, 0.03442705, -0.00017275
0.666982, 0.10217597, -0.7379986
0.24001937, 0.84376954
-0.0, 0.04768346, 0.00432984
0.0, -0.04272591, -0.99908447
0.25853491, 0.83636282
0.00946225, 0.01880257, 0.04445028
0.75783563, 0.09805597, 0.64500868
0.21739805, 0.90837581
-0.0, -0.10288633, 0.089765
0.0, -0.4964751, 0.86803794
0.04121411, 0.99999893
0.01418272, -0.11740543, 0.0077639
0.58198798, -0.63347268, -0.50984222
0.02019298, 0.8552604
0.01418272, -0.10288633, 0.089765
0.57905817, -0.40058595, 0.71004367
0.04121414, 0.97398346
-0.0, 0.50548041, -0.02979269
0.0, 0.70708334, -0.70708334
0.96821976, 0.79264149
0.00491034, 0.58332598, -0.02576954
0.92385632, 0.0, -0.38267159
0.36099774, 0.57508349
0.00203393, 0.50548041, -0.02864595
0.38267159, 0.0, -0.92385632
0.16620553, 0.57091898
0.00203393, 0.58332598, -0.02864595
0.38267159, 0.0, -0.92385632
0.36099774, 0.57091898
0.00491034, 0.58332598, -0.02170167
0.92385632, 0.0, 0.38267159
0.36099774, 0.58097297
0.00491034, 0.50548041, -0.02576954
0.92385632, 0.0, -0.38267159
0.16620553, 0.57508343
0.00203393, 0.58332598, -0.01882526
0.38267159, 0.0, 0.92385632
0.36099774, 0.58513752
0.00491034, 0.50548041, -0.02170167
0.92385632, 0.0, 0.38267159
0.16620553, 0.58097297
-0.0, 0.58332598, -0.01882526
0.0, 0.0, 1.0
0.36099297, 0.58829436
0.00203393, 0.50548041, -0.01882526
0.38267159, 0.0, 0.92385632
0.16620553, 0.58513752
-0.0, 0.59922385, -0.02864573
0.0, 0.70711386, -0.70708334
0.4291997, 0.56797495
-0.0, 0.58332598, -0.02864595
0.0, 0.0, -1.0
0.36100155, 0.56776205
-0.0, 0.50548041, -0.02864595
0.0, 0.0, -1.0
0.16621417, 0.56752029
-0.0, 0.59922385, -0.01882505
0.0, 0.70708334, 0.70708334
0.45263445, 0.58269969
0.00491034, 0.59922385, -0.02170145
0.71727651, 0.63023776, 0.29709768
0.44552529, 0.57853514
0.00491034, 0.59922385, -0.02576932
0.71727651, 0.63023776, -0.29709768
0.44552529, 0.5726456
0.00491034, 0.59922385, -0.02576932
0.71727651, 0.63023776, -0.29709768
0.42918909, 0.57508376
0.00203393, 0.59922385, -0.02864573
0.29709768, 0.63026828, -0.717246
0.42918909, 0.57091925
0.00203393, 0.59922385, -0.01882505
0.29709768, 0.63023776, 0.71727651
0.42918909, 0.58513784
0.00491034, 0.59922385, -0.02170145
0.71727651, 0.63023776, 0.29709768
0.42918909, 0.58097333
0.01484836, 0.12788184, -0.03173206
0.85293132, 0.28534806, -0.43708611
0.37532526, 0.72484219
0.01484836, 0.16103169, -0.02347568
0.92577899, 0.25089267, -0.28272349
0.42332041, 0.73679596
0.01484836, 0.10433927, -0.02101122
0.77242345, -0.25421917, -0.58195746
0.34123996, 0.74036407
-0.0, 0.08903672, -0.01206827
0.0, 0.0, -1.0
0.31908453, 0.80814248
0.01484836, 0.16103169, -0.03173206
0.57734919, 0.57734919, -0.57734919
0.42332047, 0.27515697
-0.0, 0.16103169, -0.02658389
0.07025361, 0.73100984, -0.6787011
0.42332041, 0.28589213
0.01484836, 0.16103169, -0.02347568
0.92577899, 0.25089267, -0.28272349
0.42332041, 0.2632032
-0.0, 0.11292458, -0.02798545
0.0, -0.85283977, -0.52214116
0.35367, 0.7119562
0.01484836, 0.11514552, -0.03839553
0.58919036, -0.50822473, -0.62810147
0.35688546, 0.71519464
0.01484836, 0.11292458, -0.02798545
0.79018527, -0.52266002, -0.31998658
0.35367, 0.73026657
-0.0, 0.12788184, -0.03173206
0.0, 0.54664755, -0.83733636
0.37532526, 0.70941579
0.01484836, 0.16103169, -0.03173206
0.57734919, 0.57734919, -0.57734919
0.42332047, 0.72484219
0.01484836, 0.19618818, -0.02347568
0.87575912, -0.18790247, -0.44462416
0.47422084, 0.73679596
-0.0, 0.18377775, -0.02658389
0.13257241, -0.09851375, -0.98623616
0.45625272, 0.71411175
-0.0, 0.19618818, -0.02979268
0.11975463, -0.18207343, -0.97595143
0.47422084, 0.71156263
-0.0, 0.10433927, -0.02101122
0.0, -0.40031129, -0.91634876
0.34123996, 0.72349751
-0.0, 0.12495349, -0.03839553
0.0, 0.54664755, -0.83733636
0.37108567, 0.70157349
0.01484836, 0.12495349, -0.03839553
0.60228276, 0.43635365, -0.66841638
0.37108567, 0.71519464
-0.0, 0.08903672, -0.01206827
0.0, -1.0, 0.0
0.31908453, 0.73963869
0.0148484, 0.08903672, -0.0188307
0.58513141, -0.61250651, -0.5314188
0.31908453, 0.74352103
0.0148484, 0.08903672, -0.01206827
0.70708334, -0.70708334, 0.0
0.31908453, 0.75331181
-0.0, 0.08903672, -0.0188307
0.0, -0.75533313, -0.65532398
0.31908453, 0.72867072
-0.0, 0.11514552, -0.03839553
0.0, -0.629017, -0.77736747
0.35688546, 0.70157349
-0.0, 0.21840167, -0.02979269
0.0, 0.70708334, -0.70708334
0.50638211, 0.71156263
0.0148484, 0.21840167, -0.01206827
0.70708334, 0.70708334, 0.0
0.50638211, 0.75331181
0.0148484, 0.21840167, -0.02979269
0.57734919, 0.57734919, -0.57734919
0.50638211, 0.72765005
0.01484836, 0.20288193, -0.02979268
0.67793816, -0.20410779, -0.70619833
0.4839122, 0.72765011
0.00526406, 0.11817291, 0.0379034
0.80416274, -0.22745445, -0.54911953
0.36126858, 0.93371164
0.00526414, 0.11918713, 0.04048239
0.63026828, 0.29709768, 0.71727651
0.36273703, 0.9374456
0.00526413, 0.10392362, 0.04048239
0.63023776, -0.29709768, 0.71727651
0.34063813, 0.9374456
0.00138101, 0.59099376, -0.01131952
0.29709768, 0.63023776, 0.71727651
0.23901737, 0.60390207
-0.0, 0.50548041, -0.01131952
0.0, 0.0, 0.99996948
0.22084677, 0.60567141
0.00138101, 0.50548041, -0.01131952
0.38267159, 0.0, 0.92385632
0.21956348, 0.60390207
0.00526413, 0.0979785, 0.01961315
0.70708334, 0.70708334, 0.0
0.33203059, 0.90723065
-0.0, 0.09797841, 0.03125637
0.0, 0.92385632, -0.38267159
0.33822298, 0.92186625
0.00526421, 0.09797841, 0.03125637
0.80419326, 0.54908901, -0.22745445
0.33203059, 0.92408796
0.00526413, 0.13317865, 0.03210024
0.57734919, 0.57734919, 0.57734919
0.38299423, 0.92530973
-0.0, 0.1275693, 0.03210024
0.0, 0.38267159, 0.92385632
0.37929094, 0.93382645
0.00526414, 0.1275693, 0.03210024
0.80416274, 0.22742394, 0.54911953
0.37487292, 0.92530973
-0.0, 0.10462551, 0.0379034
0.0, 0.38267159, -0.92385632
0.34388694, 0.92843506
0.00526428, 0.10462551, 0.0379034
0.80419326, 0.22742394, -0.54908901
0.34165433, 0.93371164
-0.0, 0.11918713, 0.04048239
0.0, 0.38267159, 0.92385632
0.36485812, 0.94438513
-0.0, 0.11817291, 0.0379034
0.0, -0.38267159, -0.92385632
0.35849527, 0.92782678
-0.0, 0.10392362, 0.04048239
0.0, -0.38267159, 0.92385632
0.33772424, 0.94523297
-0.0, 0.12389624, 0.03218
0.0, -0.92385632, -0.38267159
0.36356431, 0.92242414
0.00526406, 0.12389624, 0.03218
0.80416274, -0.54911953, -0.22745445
0.369555, 0.92542519
-0.0, 0.09575698, 0.03231578
0.0, -0.92385632, 0.38267159
0.32148588, 0.92983
0.00526414, 0.09575698, 0.03231578
0.63023776, -0.71727651, 0.29709768
0.32881433, 0.92562177
-0.0, 0.12389624, 0.01961315
0.0, -1.0, 0.0
0.3638649, 0.90726111
0.00526413, 0.12389624, 0.01961315
0.70708334, -0.70708334, 0.0
0.36955503, 0.90723065
0.00526413, 0.09575689, 0.01961315
0.70708334, -0.70708334, 0.0
0.32881424, 0.90723065
-0.0, 0.09575689, 0.01961315
0.0, -1.0, 0.0
0.31900921, 0.90783492
0.00526413, 0.13317865, 0.01961315
0.70708334, 0.70708334, 0.0
0.38299423, 0.90723065
-0.0, 0.13317865, 0.03210024
0.0, 0.70708334, 0.70708334
0.38837641, 0.92903013
-0.0, 0.59099376, -0.01131952
0.0, 0.70708334, 0.70708334
0.24200273, 0.60389569
0.00333406, 0.59099376, -0.01327256
0.71727651, 0.63023776, 0.29709768
0.23901737, 0.60107443
0.00333406, 0.59099376, -0.01603458
0.71727651, 0.63023776, -0.29709768
0.23901737, 0.59707555
0.00333406, 0.50548041, -0.01327256
0.92385632, 0.0, 0.38267159
0.21956354, 0.60107443
0.00333406, 0.50548041, -0.01603458
0.92385632, 0.0, -0.38267159
0.21956354, 0.59707555
-0.0, 0.59099376, -0.01798763
0.0, 0.70708334, -0.70708334
0.2389673, 0.59257707
0.00138101, 0.50548041, -0.01798763
0.38267159, 0.0, -0.92385632
0.21956348, 0.59424785
-0.0, 0.50548041, -0.01798763
0.0, 0.0, -1.0
0.22060061, 0.5930078
0.00138101, 0.59099376, -0.01798763
0.29709768, 0.63026828, -0.717246
0.23901737, 0.59424785
0.00203393, 0.58137649, -0.03759605
0.6672262, 0.73162025, -0.13968322
0.35675365, 0.55796075
0.00203393, 0.57088494, -0.04406814
0.59981078, -0.44962919, -0.66182441
0.34646016, 0.54859033
0.00203393, 0.57881171, -0.04406814
0.59981078, 0.44962919, -0.66182441
0.35304034, 0.54859033
0.00203397, 0.56831998, -0.01882526
0.70708334, -0.70708334, 0.0
0.33539468, 0.58513752
0.00203393, 0.58137649, -0.01798762
0.57734919, 0.57734919, 0.57734919
0.3484785, 0.5937489
0.00203397, 0.56831998, -0.01798763
0.57734919, -0.57734919, 0.57734919
0.33539468, 0.5937489
0.00203393, 0.58137649, -0.01882526
0.70708334, 0.70708334, 0.0
0.3484785, 0.58513752
-0.0, 0.58137649, -0.01798762
0.0, 0.70708334, 0.70708334
0.35094047, 0.59625226
-0.0, 0.58137649, -0.03759605
0.0, 0.96893215, -0.24726096
0.36155987, 0.55406442
0.00119145, 0.57088494, -0.04406814
-0.53312784, -0.45149082, -0.7154454
0.34646016, 0.54859033
-0.0, 0.56831998, -0.03759605
0.0, -0.96893215, -0.24729148
0.33852565, 0.55397356
0.00203393, 0.56831998, -0.02864595
0.70708334, -0.70708334, 0.0
0.34274679, 0.57091898
0.00203393, 0.56831998, -0.03759605
0.6672262, -0.73162025, -0.13968322
0.34274679, 0.55796075
-0.0, 0.56831998, -0.01882526
0.0, -0.99996948, 0.0
0.33082455, 0.58537087
-0.0, 0.56831998, -0.01798763
0.0, -0.70708334, 0.70708334
0.33280277, 0.59730458
0.00119145, 0.57881171, -0.04406814
-0.53312784, 0.45152134, -0.7154454
0.35304034, 0.54859033
-0.0, 0.58137649, -0.02864595
0.0, 0.99996948, 0.0
0.36033106, 0.57141325
0.00203393, 0.58137649, -0.02864595
0.70708334, 0.70708334, 0.0
0.35675365, 0.57091898
0.01617284, 0.18503368, -0.02332317
0.0, -0.70708334, -0.70708334
0.45807111, 0.77123991
0.03258503, 0.18503368, -0.01433782
0.83043915, -0.14133121, 0.53883481
0.45807111, 0.78424907
0.01617284, 0.18503368, -0.01433782
0.0, -0.70708334, 0.70708334
0.45807111, 0.78424907
0.00966399, 0.22260737, -0.02332317
-0.74968719, 0.39570299, -0.53041172
0.51247108, 0.77123991
0.01617284, 0.30815268, -0.02332317
0.57734919, 0.57734919, -0.57734919
0.63632542, 0.77123991
0.01617284, 0.22260737, -0.02332317
0.86904508, 0.29581591, -0.39649647
0.51247108, 0.77123991
0.03258503, 0.18503368, -0.02332317
0.83043915, -0.14133121, -0.53883481
0.45807111, 0.77123991
0.01617284, 0.19078684, -0.01433782
0.41224402, 0.29233679, 0.86288035
0.46640068, 0.78424913
0.01617284, 0.19078684, -0.02332317
0.41224402, 0.29233679, -0.86288035
0.46640068, 0.77123991
0.00966399, 0.20620191, -0.03175452
-0.62199771, -0.33634448, -0.70708334
0.4887189, 0.75903288
0.00966399, 0.19934487, -0.02332317
-0.81765193, -0.24726096, -0.51985228
0.47879115, 0.77123998
0.00966399, 0.18503368, -0.01433782
0.0, -0.70708334, 0.70708334
0.45807111, 0.78424907
0.00966399, 0.19078684, -0.02332317
-0.44718772, 0.0, -0.89440596
0.46640071, 0.77123991
0.01617284, 0.19934487, -0.02332317
0.81765193, -0.24726096, -0.51985228
0.47879115, 0.77123991
0.00966399, 0.22010174, -0.03175452
-0.5940733, 0.48100224, -0.64473403
0.50884342, 0.75903288
0.01617284, 0.22010174, -0.03175452
0.5940733, 0.48100224, -0.64473403
0.50884342, 0.75903288
0.00966399, 0.30815268, -0.01433782
0.0, 0.70708334, 0.70708334
0.63632542, 0.78424907
0.00966399, 0.22260737, -0.01433782
-0.44718772, 0.0, 0.89440596
0.51247108, 0.78424907
0.01617284, 0.30815268, -0.01433782
0.57734919, 0.57734919, 0.57734919
0.63632542, 0.78424913
0.00966399, 0.19078684, -0.01433782
-0.44718772, 0.0, 0.89440596
0.46640071, 0.78424907
0.01617284, 0.20620191, -0.03175452
0.62199771, -0.33634448, -0.70708334
0.4887189, 0.75903288
0.00966399, 0.30815268, -0.02332317
0.0, 0.70708334, -0.70708334
0.63632542, 0.77123991
0.00966399, 0.18503368, -0.02332317
0.0, -0.70708334, -0.70708334
0.45807111, 0.77123991
0.00830178, 0.12495349, -0.03839553
0.57799006, 0.73186439, -0.36091191
0.37108567, 0.70031273
0.00830178, 0.11735798, -0.04288203
0.60533464, -0.4203009, -0.67592394
0.36008868, 0.69381714
0.00830178, 0.12274103, -0.04288203
0.60533464, 0.4203009, -0.67592394
0.36788243, 0.69381714
-0.0, 0.12495349, -0.03839553
0.0, 0.89684743, -0.44227424
0.37108567, 0.68691385
0.00830178, 0.11514552, -0.03839553
0.57799006, -0.73186439, -0.36091191
0.35688546, 0.70031273
-0.0, 0.11735798, -0.04288203
0.0, -0.52806175, -0.84917754
0.36008868, 0.67997956
-0.0, 0.12274103, -0.04288203
0.0, 0.52806175, -0.84917754
0.36788243, 0.67997956
-0.0, 0.50548041, -0.01677067
0.0, 0.99996948, 0.0
0.97096777, 0.18026048
-0.01254241, 0.50548041, -0.00759247
-0.57646412, 0.60567033, 0.54844815
0.96821976, 0.15321583
-0.0, 0.50548041, -0.00759247
0.0, 0.73894465, 0.67372662
0.96821976, 0.1398868
-0.0148484, 0.3770383, -0.01677067
-0.99993896, 0.00897244, 0.0
0.75072443, 0.18026048
-0.0148484, 0.3770383, 0.00429245
-0.70320749, 0.05337687, 0.70894498
0.75072443, 0.14127535
-0.0, 0.3770383, 0.00429245
0.0, 0.06674398, 0.99774164
0.75072443, 0.11930019
-0.00568959, 0.21840167, -0.02979269
-0.46079898, 0.0, -0.88747823
0.50638211, 0.19911402
-0.0148484, 0.21840167, -0.01677067
-0.81792659, 0.0, -0.57527393
0.50638211, 0.18026048
-0.01254241, 0.50548041, -0.01677067
-0.71864986, 0.5577563, -0.4151738
0.96821976, 0.18026048
-0.00568959, 0.3770383, -0.02979269
-0.46284372, 0.00390637, -0.88641012
0.75072443, 0.19911402
-0.0148484, 0.23539352, 0.01015611
-0.7297281, 0.09482101, 0.67708367
0.53098309, 0.14127535
-0.0, 0.23539352, 0.01015611
0.0, 0.13870662, 0.99032563
0.53098309, 0.11930031
-0.0148484, 0.19622973, 0.01961315
-0.68141729, 0.08648945, 0.72673726
0.44991279, 0.12758309
-0.0, 0.08511169, 0.01961315
0.0, 0.33429974, 0.94244212
0.31961772, 0.10545081
-0.0, 0.19622973, 0.01961315
0.0, 0.11816767, 0.99298072
0.45169923, 0.10704821
-0.0148484, 0.21840167, -0.01206827
-1.0, 0.0, 0.0
0.50638211, 0.1734522
-0.0, 0.08511169, -0.01206827
0.0, -0.20499283, -0.97875911
0.31340191, 0.18983871
-0.00946225, 0.04768346, 0.00432984
-0.78255564, -0.09225745, -0.61564988
0.25921237, 0.1497106
-0.0148484, 0.08511169, -0.01206827
-0.67378765, -0.18405713, -0.7156285
0.31340191, 0.1734522
-0.0148484, 0.08903672, -0.01206827
-0.89440596, 0.0, -0.44718772
0.31908453, 0.1734522
-0.0, 0.3770383, -0.02979269
0.0, 0.0, -1.0
0.75072443, 0.2073577
-0.0148484, 0.08511169, 0.01961315
-0.80758077, 0.12561418, 0.57618946
0.31340191, 0.12758309
-0.00946225, 0.05044664, 0.04774716
-0.61891538, 0.20081179, 0.75933105
0.26321289, 0.08685011
-0.00514968, 0.50548041, -0.02979269
-0.39777824, 0.61024809, -0.68507951
0.96821976, 0.19911402
-0.0, 0.05044664, 0.04774716
0.0, 0.28495133, 0.95852536
0.26604092, 0.07498747
-0.0, -0.11740543, 0.0077639
0.0, -0.78276926, -0.62227243
0.01293986, 0.16459173
-0.01418272, -0.11740543, 0.0077639
-0.58198798, -0.63347268, -0.50984222
0.02019298, 0.14473885
-0.00946225, 0.01880263, 0.00064397
-0.70336008, -0.02533036, -0.71034884
0.21739805, 0.15504712
-0.0, 0.01880257, 0.04445028
0.0, 0.12598041, 0.99200416
0.2202951, 0.07619494
-0.0, 0.04768346, 0.00432984
0.0, -0.04272591, -0.99908447
0.25853491, 0.16363639
-0.00946225, 0.03442705, -0.00017275
-0.666982, 0.10217597, -0.7379986
0.24001937, 0.15622967
-0.00946225, 0.01880257, 0.04445028
-0.75783563, 0.09805597, 0.64500868
0.21739805, 0.09162337
-0.0, -0.10288633, 0.089765
0.0, -0.4964751, 0.86803794
0.04121414, 4.2e-07
-0.01418272, -0.10288633, 0.089765
-0.57905817, -0.40058595, 0.71004367
0.04121414, 0.02601582
-0.00203393, 0.50548041, -0.02864595
-0.38267159, 0.0, -0.92385632
0.16620553, 0.57091898
-0.00491034, 0.58332598, -0.02576954
-0.92385632, 0.0, -0.38267159
0.36099774, 0.57508349
-0.00203393, 0.58332598, -0.02864595
-0.38267159, 0.0, -0.92385632
0.36099774, 0.57091898
-0.00491034, 0.50548041, -0.02576954
-0.92385632, 0.0, -0.38267159
0.16620553, 0.57508343
-0.00491034, 0.58332598, -0.02170167
-0.92385632, 0.0, 0.38267159
0.36099774, 0.58097297
-0.00491034, 0.50548041, -0.02170167
-0.92385632, 0.0, 0.38267159
0.16620553, 0.58097297
-0.00203393, 0.58332598, -0.01882526
-0.38267159, 0.0, 0.92385632
0.36099774, 0.58513752
-0.00203393, 0.50548041, -0.01882526
-0.38267159, 0.0, 0.92385632
0.16620553, 0.58513752
-0.00491034, 0.59922385, -0.02576932
-0.71727651, 0.63023776, -0.29709768
0.4597438, 0.5726456
-0.0, 0.59922385, -0.02864573
0.0, 0.70711386, -0.70708334
0.45263445, 0.56848106
-0.00491034, 0.59922385, -0.02576932
-0.71727651, 0.63023776, -0.29709768
0.42918909, 0.57508376
-0.00203393, 0.59922385, -0.02864573
-0.29709768, 0.63026828, -0.717246
0.42918909, 0.57091925
-0.00203393, 0.59922385, -0.01882505
-0.29709768, 0.63023776, 0.71727651
0.42918909, 0.58513784
-0.00491034, 0.59922385, -0.02170145
-0.71727651, 0.63023776, 0.29709768
0.42918909, 0.58097333
-0.01484836, 0.16103169, -0.02658389
-0.90450758, 0.30149236, -0.30149236
0.42332041, 0.26770335
-0.01484836, 0.12788184, -0.03173206
-0.85293132, 0.28534806, -0.43708611
0.37532526, 0.27515703
-0.01484836, 0.10433927, -0.02101122
-0.77242345, -0.25421917, -0.58195746
0.34123996, 0.25963515
-0.0, 0.08903672, -0.01206827
0.0, 0.0, -1.0
0.31908453, 0.19185668
-0.01484836, 0.16103169, -0.02658389
-0.90450758, 0.30149236, -0.30149236
0.42332041, 0.73229581
-0.0, 0.16103169, -0.03173206
0.0, 0.70708334, -0.70708334
0.42332047, 0.70941579
-0.01484836, 0.16103169, -0.03173206
-0.57734919, 0.57734919, -0.57734919
0.42332047, 0.72484213
-0.01484836, 0.11514552, -0.03839553
-0.58919036, -0.50822473, -0.62810147
0.35688546, 0.28480452
-0.0, 0.11292458, -0.02798545
0.0, -0.85283977, -0.52214116
0.35367, 0.28804296
-0.01484836, 0.11292458, -0.02798545
-0.79018527, -0.52266002, -0.31998658
0.35367, 0.26973265
-0.01484836, 0.16103169, -0.03173206
-0.57734919, 0.57734919, -0.57734919
0.42332047, 0.27515703
-0.0, 0.12788184, -0.03173206
0.0, 0.54664755, -0.83733636
0.37532526, 0.29058337
-0.01484836, 0.19618818, -0.02979268
-0.67976928, -0.09253212, -0.72753072
0.47422084, 0.27234906
-0.0, 0.18377775, -0.02658389
0.13257241, -0.09851375, -0.98623616
0.45625272, 0.28588742
-0.01484836, 0.18377775, -0.02658389
-0.73662525, -0.08529923, -0.67085785
0.45625272, 0.26770335
-0.0, 0.10433927, -0.02101122
0.0, -0.40031129, -0.91634876
0.34123996, 0.27650166
-0.0, 0.12495349, -0.03839553
0.0, 0.54664755, -0.83733636
0.37108567, 0.29842567
-0.01484836, 0.12495349, -0.03839553
-0.60228276, 0.43635365, -0.66841638
0.37108567, 0.28480452
-0.0148484, 0.08903672, -0.0188307
-0.58513141, -0.61250651, -0.5314188
0.31908453, 0.74352103
-0.0, 0.08903672, -0.01206827
0.0, -1.0, 0.0
0.31908453, 0.7397148
-0.0148484, 0.08903672, -0.01206827
-0.70708334, -0.70708334, 0.0
0.31908453, 0.75331181
-0.0, 0.08903672, -0.0188307
0.0, -0.75533313, -0.65532398
0.31908453, 0.27132845
-0.0148484, 0.08903672, -0.0188307
-0.58513141, -0.61250651, -0.5314188
0.31908453, 0.25647813
-0.0, 0.11514552, -0.03839553
0.0, -0.629017, -0.77736747
0.35688546, 0.29842567
-0.0148484, 0.21840167, -0.01206827
-0.70708334, 0.70708334, 0.0
0.50638211, 0.75331181
-0.0148484, 0.21840167, -0.02979269
-0.57734919, 0.57734919, -0.57734919
0.50638211, 0.72764999
-0.0, 0.21840167, -0.02979269
0.0, 0.70708334, -0.70708334
0.50638211, 0.28843653
-0.0, 0.19618818, -0.02979268
0.11975463, -0.18207343, -0.97595143
0.47422084, 0.28843653
-0.00526413, 0.10392362, 0.04048239
-0.63023776, -0.29709768, 0.71727651
0.34063813, 0.06255126
-0.00526406, 0.11817291, 0.0379034
-0.80416274, -0.22745445, -0.54911953
0.36126858, 0.06628525
-0.00526428, 0.10462551, 0.0379034
-0.80419326, 0.22742394, -0.54908901
0.34165433, 0.06628525
-0.0, 0.50548041, -0.01131952
0.0, 0.0, 0.99996948
0.22158098, 0.60744721
-0.00138101, 0.59099376, -0.01131952
-0.29709768, 0.63023776, 0.71727651
0.24092865, 0.6044887
-0.00138101, 0.50548041, -0.01131952
-0.38267159, 0.0, 0.92385632
0.22085583, 0.60554358
-0.0, 0.09797841, 0.03125637
0.0, 0.92385632, -0.38267159
0.33822298, 0.0781306
-0.00526413, 0.0979785, 0.01961315
-0.70708334, 0.70708334, 0.0
0.33203059, 0.09276617
-0.00526421, 0.09797841, 0.03125637
-0.80419326, 0.54908901, -0.22745445
0.33203059, 0.0759089
-0.0, 0.1275693, 0.03210024
0.0, 0.38267159, 0.92385632
0.37929094, 0.06617045
-0.00526413, 0.13317865, 0.03210024
-0.57734919, 0.57734919, 0.57734919
0.38299423, 0.07468712
-0.00526414, 0.1275693, 0.03210024
-0.80416274, 0.22742394, 0.54911953
0.37487292, 0.07468712
-0.0, 0.10462551, 0.0379034
0.0, 0.38267159, -0.92385632
0.34388694, 0.07156181
-0.0, 0.11918713, 0.04048239
0.0, 0.38267159, 0.92385632
0.36485812, 0.05561173
-0.00526414, 0.11918713, 0.04048239
-0.63026828, 0.29709768, 0.71727651
0.36273703, 0.06255126
-0.0, 0.12389624, 0.03218
0.0, -0.92385632, -0.38267159
0.36356431, 0.0775727
-0.00526406, 0.12389624, 0.03218
-0.80416274, -0.54911953, -0.22745445
0.369555, 0.07457161
-0.0, 0.09575698, 0.03231578
0.0, -0.92385632, 0.38267159
0.32148588, 0.07016695
-0.00526414, 0.09575698, 0.03231578
-0.63023776, -0.71727651, 0.29709768
0.32881433, 0.07437503
-0.0, 0.12389624, 0.01961315
0.0, -1.0, 0.0
0.3638649, 0.09273577
-0.00526413, 0.12389624, 0.01961315
-0.70708334, -0.70708334, 0.0
0.36955503, 0.09276617
-0.00526413, 0.09575689, 0.01961315
-0.70708334, -0.70708334, 0.0
0.32881424, 0.09276617
-0.0, 0.13317865, 0.03210024
0.0, 0.70708334, 0.70708334
0.38837641, 0.07096672
-0.00526413, 0.13317865, 0.01961315
-0.70708334, 0.70708334, 0.0
0.38299423, 0.09276617
-0.00333406, 0.59099376, -0.01603458
-0.71727651, 0.63023776, -0.29709768
0.23901737, 0.59707555
-0.0, 0.59099376, -0.01131952
0.0, 0.70708334, 0.70708334
0.24318248, 0.60461056
-0.0, 0.59099376, -0.01798763
0.0, 0.70708334, -0.70708334
0.24377048, 0.59372798
-0.00333406, 0.59099376, -0.01327256
-0.71727651, 0.63023776, 0.29709768
0.23901737, 0.60107443
-0.00333406, 0.50548041, -0.01327256
-0.92385632, 0.0, 0.38267159
0.21956348, 0.60107443
-0.00333406, 0.50548041, -0.01603458
-0.92385632, 0.0, -0.38267159
0.21956348, 0.59707555
-0.00138101, 0.50548041, -0.01798763
-0.38267159, 0.0, -0.92385632
0.22105932, 0.59278411
-0.0, 0.59099376, -0.01798763
0.0, 0.70708334, -0.70708334
0.2412349, 0.59217179
-0.0, 0.50548041, -0.01798763
0.0, 0.0, -1.0
0.22177494, 0.59103554
-0.00138101, 0.59099376, -0.01798763
-0.29709768, 0.63023776, -0.71727651
0.24114662, 0.59396482
-0.00203393, 0.58137649, -0.03759605
-0.6672262, 0.73162025, -0.13968322
0.35675365, 0.55796075
-0.00203393, 0.57088494, -0.04406814
-0.59981078, -0.44962919, -0.66182441
0.34646016, 0.54859033
-0.00203393, 0.56831998, -0.03759605
-0.6672262, -0.73162025, -0.13968322
0.34274679, 0.55796075
-0.00203393, 0.58137649, -0.01798762
-0.57734919, 0.57734919, 0.57734919
0.3484785, 0.5937489
-0.00203397, 0.56831998, -0.01882526
-0.70708334, -0.70708334, 0.0
0.33539468, 0.58513752
-0.00203397, 0.56831998, -0.01798763
-0.57734919, -0.57734919, 0.57734919
0.33539468, 0.5937489
-0.00203393, 0.58137649, -0.01882526
-0.70708334, 0.70708334, 0.0
0.3484785, 0.58513752
-0.00119145, 0.57088494, -0.04406814
0.53312784, -0.45149082, -0.7154454
0.34646016, 0.54859033
-0.00119145, 0.57881171, -0.04406814
0.53312784, 0.45152134, -0.7154454
0.35304034, 0.54859033
-0.00203393, 0.56831998, -0.02864595
-0.70708334, -0.70708334, 0.0
0.34274679, 0.57091898
-0.00203393, 0.57881171, -0.04406814
-0.59981078, 0.44962919, -0.66182441
0.35304034, 0.54859033
-0.00203393, 0.58137649, -0.02864595
-0.70708334, 0.70708334, 0.0
0.35675365, 0.57091898
-0.00830178, 0.11735798, -0.04288203
-0.60533464, -0.4203009, -0.67592394
0.36008868, 0.30618215
-0.00830178, 0.12495349, -0.03839553
-0.57799006, 0.73186439, -0.36091191
0.37108567, 0.29968643
-0.00830178, 0.12274103, -0.04288203
-0.60533464, 0.4203009, -0.67592394
0.36788243, 0.30618215
-0.0, 0.12495349, -0.03839553
0.0, 0.89684743, -0.44227424
0.37108567, 0.31308532
-0.0, 0.11735798, -0.04288203
0.0, -0.52806175, -0.84917754
0.36008868, 0.3200196
-0.00830178, 0.11514552, -0.03839553
-0.57799006, -0.73186439, -0.36091191
0.35688546, 0.29968643
-0.0, 0.12274103, -0.04288203
0.0, 0.52806175, -0.84917754
0.36788243, 0.3200196
-0.0, 0.21840167, -0.02979269
0.0, 0.0, -1.0
0.50634372, 0.79264149
-0.0, 0.50548041, -0.01882526
0.0, 0.0, 1.0
0.16620576, 0.58853745
0.00203393, 0.59922385, -0.02864573
0.29709768, 0.63026828, -0.717246
0.44968969, 0.56848106
0.00203393, 0.59922385, -0.01882505
0.29709768, 0.63023776, 0.71727651
0.44968969, 0.58269969
-0.0, 0.59922385, -0.01882505
0.0, 0.70708334, 0.70708334
0.42919827, 0.58808324
-0.0, 0.16103169, -0.03173206
0.0, 0.70708334, -0.70708334
0.42332047, 0.29058337
-0.0, 0.16103169, -0.02658389
0.07025361, 0.73100984, -0.6787011
0.42332041, 0.71410704
-0.0, 0.21840167, -0.01206827
0.0, 1.0, 0.0
0.50638211, 0.74033225
-0.0, 0.59099376, -0.01131952
0.0, 0.70708334, 0.70708334
0.23900741, 0.60576859
-0.0, 0.0979785, 0.01961315
0.0, 1.0, 0.0
0.33857557, 0.90739005
-0.0, 0.13317865, 0.01961315
0.0, 1.0, 0.0
0.39160958, 0.90859362
-0.0, 0.59099376, -0.01798763
0.0, 0.70708334, -0.70708334
0.24105608, 0.59405181
-0.0, 0.58137649, -0.01882526
0.0, 1.0, 0.0
0.35213912, 0.58554745
-0.0, 0.56831998, -0.02864595
0.0, -1.0, 0.0
0.33887768, 0.57099897
-0.0, 0.11514552, -0.03839553
0.0, -0.89684743, -0.44227424
0.35688546, 0.68691385
-0.0, 0.21840167, -0.02979269
0.0, 0.0, -1.0
0.50634372, 0.2073577
-0.0, 0.50548041, -0.02979269
0.0, 0.70708334, -0.70708334
0.96821976, 0.2073577
-0.0, 0.03442705, -0.00017275
0.0, 0.13715018, -0.99053925
0.24252738, 0.16947395
-0.00203393, 0.59922385, -0.02864573
-0.29709768, 0.63026828, -0.717246
0.45557934, 0.56848106
-0.00491034, 0.59922385, -0.02170145
-0.71727651, 0.63023776, 0.29709768
0.4597438, 0.57853514
-0.00203393, 0.59922385, -0.01882505
-0.29709768, 0.63023776, 0.71727651
0.45557934, 0.58269969
-0.0148484, 0.08903672, -0.01206827
-0.70708334, -0.70708334, 0.0
0.31908453, 0.24668735
-0.0148484, 0.21840167, -0.01206827
-0.70708334, 0.70708334, 0.0
0.50638211, 0.24668735
-0.0148484, 0.21840167, -0.02979269
-0.57734919, 0.57734919, -0.57734919
0.50638211, 0.27234918
-0.0, 0.21840167, -0.01206827
0.0, 1.0, 0.0
0.50638211, 0.74328178
-0.0, 0.59099376, -0.01131952
0.0, 0.70708334, 0.70708334
0.2410273, 0.60648739
-0.0, 0.0979785, 0.01961315
0.0, 1.0, 0.0
0.3385756, 0.09260678
-0.0, 0.11817291, 0.0379034
0.0, -0.38267159, -0.92385632
0.35849527, 0.07217014
-0.0, 0.10392362, 0.04048239
0.0, -0.38267159, 0.92385632
0.33772424, 0.05476391
-0.0, 0.09575689, 0.01961315
0.0, -1.0, 0.0
0.31900921, 0.09216201
-0.0, 0.13317865, 0.01961315
0.0, 1.0, 0.0
0.39160961, 0.09140325
-0.0, 0.11514552, -0.03839553
0.0, -0.89684743, -0.44227424
0.35688546, 0.31308532
# Number of Faces:
420
# Face Data:
0, 1, 2
0, 3, 4
5, 0, 2
6, 3, 7
8, 4, 3
9, 3, 10
11, 10, 5
12, 13, 14
14, 9, 11
9, 13, 15
16, 17, 18
19, 20, 13
6, 21, 8
19, 16, 18
22, 1, 4
12, 23, 19
24, 25, 26
27, 23, 28
29, 30, 16
31, 16, 23
32, 33, 34
31, 33, 24
22, 21, 35
32, 31, 27
15, 7, 9
36, 37, 38
39, 40, 36
41, 42, 39
43, 44, 41
45, 38, 46
38, 47, 46
48, 49, 50
51, 39, 36
52, 36, 38
53, 43, 41
54, 41, 39
55, 56, 57
20, 17, 58
59, 60, 61
62, 63, 64
65, 66, 55
67, 68, 69
70, 64, 57
71, 55, 72
73, 74, 75
56, 68, 67
76, 57, 74
77, 72, 63
78, 79, 80
81, 78, 80
82, 83, 84
85, 86, 87
88, 89, 90
91, 92, 93
90, 94, 95
93, 96, 83
82, 94, 97
84, 96, 98
82, 99, 100
84, 101, 102
100, 103, 104
105, 101, 106
107, 108, 91
109, 110, 111
110, 87, 112
111, 112, 113
114, 115, 116
117, 113, 115
118, 119, 120
121, 122, 123
124, 125, 122
126, 127, 128
118, 129, 130
123, 131, 121
122, 132, 123
129, 128, 130
119, 133, 120
118, 134, 135
130, 127, 119
118, 133, 126
136, 137, 138
139, 140, 141
142, 143, 137
136, 144, 142
138, 137, 143
139, 145, 146
147, 136, 138
148, 149, 144
150, 141, 151
152, 153, 154
155, 138, 143
145, 151, 156
157, 154, 140
158, 144, 136
146, 156, 149
149, 141, 143
159, 160, 161
161, 162, 159
163, 164, 160
160, 165, 161
24, 29, 31
166, 167, 168
167, 169, 170
167, 171, 168
169, 172, 173
174, 175, 169
169, 176, 170
170, 177, 171
178, 179, 180
176, 180, 177
176, 181, 178
182, 183, 184
181, 185, 178
186, 172, 175
187, 183, 188
166, 189, 174
179, 188, 190
191, 192, 193
188, 194, 190
195, 196, 183
183, 197, 188
192, 198, 199
197, 192, 199
189, 186, 175
197, 198, 194
181, 176, 173
200, 201, 202
203, 204, 201
205, 206, 204
207, 43, 206
202, 45, 46
47, 202, 46
208, 48, 209
204, 210, 201
201, 211, 202
43, 212, 206
206, 213, 204
214, 215, 216
182, 185, 217
218, 219, 220
221, 222, 223
224, 225, 215
226, 227, 228
223, 229, 216
215, 230, 231
232, 233, 234
228, 60, 214
216, 235, 236
231, 237, 221
238, 78, 239
226, 240, 241
242, 243, 244
245, 246, 247
248, 249, 250
251, 252, 253
254, 250, 244
255, 253, 256
243, 254, 244
242, 255, 256
257, 243, 258
259, 242, 260
261, 258, 262
263, 259, 260
264, 265, 252
266, 267, 268
247, 269, 270
270, 266, 271
272, 273, 274
271, 275, 272
276, 277, 278
279, 280, 281
125, 282, 279
126, 283, 284
285, 276, 278
131, 281, 280
132, 279, 281
128, 285, 278
284, 277, 286
134, 276, 287
283, 278, 277
276, 284, 286
69, 81, 67
288, 289, 290
291, 290, 289
292, 293, 288
294, 288, 290
193, 197, 196
0, 4, 1
0, 10, 3
5, 10, 0
6, 8, 3
8, 22, 4
9, 7, 3
11, 9, 10
12, 19, 13
14, 13, 9
16, 30, 17
15, 13, 20
19, 18, 20
6, 295, 21
19, 23, 16
22, 35, 1
12, 28, 23
26, 29, 24
24, 33, 25
27, 31, 23
29, 26, 30
31, 29, 16
32, 25, 33
31, 34, 33
22, 8, 21
32, 34, 31
36, 40, 37
39, 42, 40
41, 44, 42
43, 296, 44
45, 52, 38
38, 37, 47
50, 297, 209
209, 48, 50
298, 49, 48
51, 54, 39
52, 51, 36
53, 299, 43
54, 53, 41
79, 75, 56
75, 74, 57
81, 80, 79
67, 81, 79
75, 57, 56
64, 63, 55
55, 66, 56
63, 72, 55
56, 67, 79
64, 55, 57
20, 18, 17
59, 300, 60
62, 77, 63
65, 219, 66
70, 62, 64
71, 65, 55
73, 76, 74
56, 301, 68
76, 70, 57
77, 71, 72
78, 302, 79
81, 69, 78
102, 105, 90
105, 88, 90
107, 91, 93
100, 104, 93
104, 107, 93
84, 102, 95
102, 90, 95
100, 93, 83
84, 95, 82
82, 100, 83
85, 303, 86
88, 304, 89
91, 108, 92
90, 89, 94
93, 92, 96
82, 95, 94
84, 83, 96
82, 97, 99
84, 98, 101
100, 99, 103
105, 102, 101
107, 305, 108
111, 117, 306
306, 109, 111
85, 110, 109
110, 85, 87
111, 110, 112
114, 117, 115
117, 111, 113
118, 130, 119
121, 124, 122
124, 307, 125
126, 133, 127
118, 135, 129
123, 132, 131
122, 125, 132
129, 308, 128
119, 127, 133
118, 126, 134
130, 128, 127
118, 120, 133
136, 142, 137
139, 157, 140
142, 144, 143
146, 148, 155
155, 153, 146
139, 150, 145
146, 153, 139
147, 158, 136
148, 146, 149
150, 139, 141
143, 154, 153
153, 155, 143
155, 147, 138
145, 150, 151
157, 152, 154
158, 148, 144
146, 145, 156
143, 144, 149
149, 156, 141
141, 140, 154
156, 151, 141
154, 143, 141
159, 163, 160
161, 165, 162
163, 309, 164
160, 164, 165
166, 174, 167
167, 174, 169
167, 170, 171
169, 175, 172
174, 189, 175
169, 173, 176
170, 176, 177
178, 187, 179
176, 178, 180
182, 195, 183
187, 178, 185
185, 184, 187
186, 310, 172
187, 184, 183
166, 311, 189
179, 187, 188
193, 196, 312
312, 191, 193
188, 197, 194
195, 312, 196
183, 196, 197
192, 191, 198
197, 193, 192
189, 311, 186
197, 199, 198
200, 203, 201
203, 205, 204
205, 207, 206
207, 296, 43
202, 211, 45
47, 200, 202
209, 313, 208
208, 314, 48
315, 48, 314
204, 213, 210
201, 210, 211
43, 299, 212
206, 212, 213
236, 316, 216
317, 318, 226
317, 226, 228
216, 316, 214
231, 221, 215
223, 216, 215
317, 228, 214
214, 224, 215
215, 221, 223
316, 317, 214
182, 184, 185
218, 301, 219
221, 237, 222
224, 300, 225
226, 241, 227
223, 222, 229
215, 225, 230
232, 76, 233
228, 227, 60
216, 229, 235
231, 230, 237
238, 319, 78
226, 318, 240
249, 263, 250
253, 252, 265
265, 262, 253
253, 262, 258
250, 263, 260
244, 250, 260
256, 253, 258
256, 258, 243
244, 260, 242
256, 243, 242
245, 320, 246
248, 321, 249
251, 264, 252
254, 248, 250
255, 251, 253
243, 322, 254
242, 323, 255
257, 322, 243
259, 323, 242
261, 257, 258
263, 324, 259
264, 325, 265
268, 275, 266
266, 269, 267
246, 267, 269
247, 246, 269
270, 269, 266
272, 275, 273
271, 266, 275
276, 286, 277
279, 282, 280
125, 307, 282
126, 128, 283
285, 287, 276
131, 132, 281
132, 125, 279
128, 308, 285
284, 283, 277
134, 126, 276
283, 128, 278
276, 126, 284
288, 293, 289
291, 294, 290
292, 326, 293
294, 292, 288
