# Project Zomboid Skinned Mesh
# File Version:
1.0
# Model Name:
Cube
# Vertex Stride Element Count:
3
# Vertex Stride Size (in bytes):
76
# Vertex Stride Data:
# (Int)    Offset
# (String) Type
0
VertexArray
12
NormalArray
24
TextureCoordArray
# Vertex Count:
232
# Vertex Buffer:
0.00868438, 0.1966444, -0.0121216
0.78691977, 0.61699271, 0.0
0.2459214, 0.54559433
0.0, 0.1966444, -0.02026575
0.0, 0.70708334, -0.70708334
0.2459214, 0.51660872
0.0, 0.1966444, -0.0121216
0.0, 1.0, 0.0
0.2459214, 0.53593993
0.00868438, 0.11512952, -0.02026575
0.6593219, -0.17090365, -0.73213905
0.10675192, 0.53169
0.00868438, 0.1966444, -0.02026575
0.57734919, 0.57734919, -0.57734919
0.2459214, 0.53169
0.00868438, 0.1867511, -0.00755331
1.0, 0.0, 0.0
0.22903082, 0.55339372
0.0, 0.08938321, -0.00755331
0.0, -0.44270149, -0.8966338
0.06279561, 0.53834635
0.00868438, 0.08938321, -0.00755331
0.28025147, -0.42497024, -0.86071354
0.06279561, 0.55339372
0.0022967, 0.2013388, -0.00700079
0.22745445, 0.80416274, 0.54911953
0.26331112, 0.55433702
0.0, 0.49005553, -0.00700079
0.0, 0.70708334, 0.70708334
0.77034998, 0.56015468
0.0, 0.2013388, -0.00700079
0.0, 0.70708334, 0.70708334
0.26331112, 0.56015468
0.00554466, 0.2013388, -0.01024878
0.54911953, 0.80416274, 0.22745445
0.26331112, 0.54879177
0.00229667, 0.49005553, -0.00700079
0.29709768, 0.63023776, 0.71727651
0.77041602, 0.55433702
0.00554466, 0.2013388, -0.01484214
0.54911953, 0.80416274, -0.22742394
0.26331112, 0.54094961
0.00554466, 0.49005553, -0.01024878
0.71727651, 0.63023776, 0.29709768
0.77041602, 0.54879177
0.0, 0.2013388, -0.01809014
0.0, 0.70708334, -0.70708334
0.26331112, 0.5295957
0.00229667, 0.49005553, -0.01809014
0.29709768, 0.63023776, -0.71727651
0.77041602, 0.53540435
0.0022967, 0.2013388, -0.01809014
0.22745445, 0.80416274, -0.54911953
0.26331112, 0.53540435
0.00554466, 0.49005553, -0.01484214
0.71727651, 0.63023776, -0.29709768
0.77041602, 0.54094958
0.00554466, 0.49005553, -0.01024878
0.71727651, 0.63023776, 0.29709768
0.78200513, 0.54945135
0.00554466, 0.49005553, -0.01484214
0.71727651, 0.63023776, -0.29709768
0.78200513, 0.54160917
0.0, 0.49005553, -0.00700079
0.0, 0.70708334, 0.70708334
0.79147142, 0.55499655
0.00868438, 0.1867511, -0.00755331
1.0, 0.0, 0.0
0.54294413, 0.81659555
0.00868438, 0.36900693, 0.007509
0.57908869, 0.58586383, 0.5668813
0.83716553, 0.84231126
0.00868438, 0.09828111, 0.0164275
0.75798821, 0.1589404, 0.63258767
0.39190021, 0.85753775
0.00868438, 0.04507213, 0.05762153
0.59660631, 0.20755638, 0.77520066
0.30105722, 0.92786783
0.00868438, 0.04864915, 0.01282399
0.79622793, -0.06125065, -0.601825
0.30716419, 0.85138553
0.00868438, 0.06566914, 0.03256183
0.75759149, 0.40589619, 0.51115453
0.33622223, 0.88508373
0.00868438, 0.08938321, -0.00755331
0.86254466, -0.22635579, -0.45249793
0.37670892, 0.81659555
0.00868438, 0.0176781, 0.04732302
0.79113132, -0.01025422, 0.61152989
0.25428775, 0.91028535
0.00868438, 0.02402202, 0.00624669
0.6789453, 0.09552293, -0.72792751
0.26511854, 0.84015614
0.00868438, -0.11146514, 0.0909887
0.56718647, -0.43983275, 0.69627976
0.03380296, 0.98483521
0.00868438, -0.07196007, 0.00624669
0.66393018, -0.15247047, -0.7320475
0.10124952, 0.84015614
0.00868438, -0.12052783, 0.0144855
0.57509077, -0.63139743, -0.52015746
0.01833028, 0.85422218
0.00868438, -0.08473021, 0.01180788
0.74675739, -0.15982543, -0.64558858
0.07944712, 0.84965074
0.00683557, 0.1966444, -0.00971408
0.92385632, 0.0, 0.38267159
0.25529641, 0.54970473
0.00683557, 0.2013388, -0.01537687
0.71727651, 0.63023776, -0.29709768
0.26331112, 0.54003677
0.00683557, 0.2013388, -0.00971408
0.71727651, 0.63023776, 0.29709768
0.26331112, 0.54970473
0.0, 0.2013388, -0.00570989
0.0, 0.70708334, 0.70708334
0.26331112, 0.56075984
0.00283141, 0.2013388, -0.00570989
0.29709768, 0.63023776, 0.71727651
0.26331112, 0.55654097
0.0, 0.2013388, -0.01938104
0.0, 0.70708334, -0.70708334
0.26331112, 0.52894714
0.0, 0.09828111, 0.0164275
0.0, 0.2436903, 0.96984774
0.39599878, 0.87427878
0.0, -0.11146514, 0.0909887
0.0, -0.53407389, 0.84542376
0.03380296, 0.99998689
0.0, 0.04864915, 0.01282399
0.0, -0.1012299, -0.99484235
0.30716419, 0.8362304
0.00868438, 0.36900693, -0.01244534
0.57722712, 0.57683033, -0.57792902
0.83716559, 0.19175887
0.0, 0.36900693, 0.007509
0.0, 0.71864986, 0.69536424
0.83716553, 0.14321566
0.00868438, 0.36900693, 0.007509
0.57908869, 0.58586383, 0.5668813
0.83716553, 0.15769112
0.0, 0.04507213, 0.05762153
0.0, 0.25864437, 0.96597189
0.30491197, 0.94016236
0.00868438, 0.1966444, -0.0121216
0.86523026, -0.00091556, -0.50132757
0.55983472, 0.80879623
0.0, 0.36900693, -0.01244534
0.0, 0.70644248, -0.70775473
0.83716559, 0.79282546
0.00868438, 0.36900693, -0.01244534
0.57722712, 0.57683033, -0.57792902
0.83716559, 0.80824351
0.0, -0.08473021, 0.01180788
0.0, -0.24030274, -0.97067171
0.07944712, 0.83442461
0.0, 0.1966444, -0.00570989
0.0, 0.0, 0.99996948
0.25529641, 0.56075984
0.0, -0.12052783, 0.0144855
0.0, -0.77178258, -0.63582265
0.01506612, 0.83879226
0.0, 0.02402202, 0.00624669
0.0, 0.1301004, -0.99148536
0.26511854, 0.82567793
0.0, 0.08938321, -0.00755331
0.0, -0.44737083, -0.89431441
0.37670892, 0.80534291
0.0, 0.0176781, 0.04732302
0.0, -0.01675466, 0.99984741
0.25443649, 0.9275533
0.00683557, 0.1966444, -0.01537687
0.92385632, 0.0, -0.38267159
0.25529641, 0.54003674
0.00283141, 0.2013388, -0.01938102
0.29709768, 0.63023776, -0.71727651
0.26331112, 0.53320038
0.0, 0.06566914, 0.03256183
0.0, 0.62184513, 0.78310496
0.34462714, 0.89742047
0.0, -0.07196007, 0.00624669
0.0, -0.20389417, -0.97897273
0.10124952, 0.82528591
0.00283141, 0.1966444, -0.00570989
0.38267159, 0.0, 0.92385632
0.25529641, 0.55654097
0.00283141, 0.1966444, -0.01938102
0.38267159, 0.0, -0.92385632
0.25529641, 0.53320038
0.00543831, 0.09853908, 0.01539228
0.568865, -0.71434677, 0.40751365
0.38125753, 0.93122959
0.0, 0.10875133, 0.03329299
0.0, -0.50221258, 0.86471146
0.39480346, 0.96982324
0.0, 0.09853908, 0.01539228
0.0, -0.86858732, 0.49549851
0.37261814, 0.93708378
0.00543845, 0.11029559, 0.02874038
0.83504748, 0.28458509, -0.47080904
0.40132928, 0.95401859
0.00543845, 0.1299416, 0.02940257
0.82512891, -0.23993652, -0.51139867
0.4348709, 0.95514917
0.00543851, 0.12931149, 0.03329299
0.62736899, 0.31067842, 0.71404159
0.43379503, 0.96179128
0.00543831, 0.11201756, 0.01493136
0.47596666, 0.68022704, 0.55739003
0.40426919, 0.93044269
0.0, 0.10636522, 0.02182919
0.0, 0.99639881, 0.08456679
0.40271488, 0.94333088
0.00543838, 0.10636522, 0.02182919
0.8590045, 0.51011688, 0.04327524
0.39461911, 0.94221926
0.00543851, 0.10875133, 0.03329299
0.60960722, -0.39811397, 0.68544573
0.39869279, 0.96179128
0.0, 0.11029559, 0.02874038
0.0, 0.51728874, -0.85576952
0.4052721, 0.94837344
0.00543838, 0.13581555, 0.02182919
0.85174108, -0.52198857, -0.04492325
0.44489914, 0.9422192
0.0, 0.1299416, 0.02940257
0.0, -0.42475662, -0.90530109
0.43160573, 0.94740629
0.0, 0.13581555, 0.02182919
0.0, -0.99630725, -0.08572649
0.43982184, 0.94075596
0.00543831, 0.14656174, 0.01477648
0.47853023, 0.64244515, 0.59849846
0.47432929, 0.92804682
0.0, 0.12931149, 0.03329299
0.0, 0.39896849, 0.91695911
0.43663523, 0.96992826
0.00543831, 0.13179515, 0.01425504
0.55479598, -0.73485518, 0.39005706
0.43803519, 0.92928797
0.0, 0.13179515, 0.01425504
0.0, -0.88326669, 0.46882534
0.43336082, 0.93338555
0.0, 0.48846385, -0.01809014
0.0, 0.7435835, -0.66859949
0.7698552, 0.51489952
0.00229667, 0.48846385, -0.01809014
0.47401348, 0.57258826, -0.66887414
0.76769859, 0.51804215
0.0, 0.4821066, -0.02516017
0.0, -0.04211554, -0.99908447
0.7568453, 0.50597155
0.00229667, 0.47691694, -0.01809014
0.51805168, -0.60048217, -0.60908842
0.7117359, 0.51804215
0.0, 0.47691694, -0.01809014
0.0, -0.80611593, -0.59172338
0.71104527, 0.51419637
0.00554475, 0.23063934, -0.01866882
0.90450758, 0.30149236, -0.30149236
0.29428872, 0.5170542
0.00554466, 0.23235047, -0.01484214
0.70708334, 0.70708334, 0.0
0.36996704, 0.52358738
0.00554466, 0.22691718, -0.01484214
0.70708334, -0.70708334, 0.0
0.28793386, 0.52358738
0.00554466, 0.23235047, -0.01866882
0.57731867, 0.57734919, -0.57734919
0.36996704, 0.5170542
0.0, 0.23063934, -0.01866882
0.0, 0.70708334, -0.70708334
0.3008993, 0.5072847
0.0, 0.23235047, -0.01866882
0.0, 0.70708334, -0.70708334
0.37492332, 0.5104309
0.0, 0.23235047, -0.01484214
0.0, 0.99996948, 0.0
0.38066512, 0.51732522
0.0, 0.22691718, -0.0245825
0.0, -0.70708334, -0.70708334
0.28421196, 0.50005299
0.00554466, 0.22691718, -0.0245825
0.57731867, -0.57734919, -0.57734919
0.28793386, 0.50695777
0.00554466, 0.23063934, -0.0245825
0.57731867, 0.57734919, -0.57734919
0.29428872, 0.50695777
0.0, 0.23063934, -0.0245825
0.0, 0.70708334, -0.70708334
0.29398477, 0.49992776
0.00933142, 0.34756935, -0.01244534
0.91000092, 0.0, -0.41456342
0.69083279, 0.56181341
0.00933142, 0.34204483, 0.00949804
0.70708334, 0.0, 0.70708334
0.68140095, 0.57813501
0.00933142, 0.34204483, -0.01244534
0.91000092, 0.0, -0.41456342
0.68140095, 0.56181341
0.00229667, 0.34204483, -0.01856363
0.35032198, 0.0, -0.93661308
0.68140095, 0.56181341
0.0, 0.34756935, -0.01856363
0.0, 0.0, -0.99996948
0.69083279, 0.56181341
0.00229667, 0.34756935, -0.01856363
0.35032198, 0.0, -0.93661308
0.69083279, 0.56181341
-0.00933142, 0.34756935, -0.01244534
-0.91601306, 0.0, -0.40110478
0.69083279, 0.56181341
-0.00229667, 0.34204483, -0.01856363
-0.35032198, 0.0, -0.93661308
0.68140095, 0.56181341
-0.00933142, 0.34204483, -0.01244534
-0.91601306, 0.0, -0.40110478
0.68140095, 0.56181341
-0.00868438, 0.1966444, -0.0121216
-0.78691977, 0.61699271, 0.0
0.2459214, 0.54559433
-0.00868438, 0.1966444, -0.02026575
-0.57734919, 0.57734919, -0.57734919
0.2459214, 0.46831226
-0.00868438, 0.11512952, -0.02026575
-0.6593219, -0.17090365, -0.73213905
0.10675192, 0.46831226
-0.00868438, 0.1867511, -0.00755331
-1.0, 0.0, 0.0
0.22903082, 0.44660854
0.0, 0.1966444, -0.02026575
0.0, 0.70708334, -0.70708334
0.2459214, 0.48339355
0.0, 0.08938321, -0.00755331
0.0, -0.44270149, -0.8966338
0.06279561, 0.46165591
-0.00868438, 0.08938321, -0.00755331
-0.28025147, -0.42497024, -0.86071354
0.06279561, 0.44660854
-0.0022967, 0.2013388, -0.00700079
-0.22745445, 0.80416274, 0.54911953
0.26331112, 0.55433702
-0.00229667, 0.49005553, -0.00700079
-0.29709768, 0.63023776, 0.71727651
0.77041602, 0.55433702
-0.00554466, 0.2013388, -0.01024878
-0.54911953, 0.80416274, 0.22745445
0.26331112, 0.54879177
-0.00554466, 0.49005553, -0.01024878
-0.71727651, 0.63023776, 0.29709768
0.77041602, 0.54879177
-0.00554466, 0.2013388, -0.01484214
-0.54911953, 0.80416274, -0.22742394
0.26331112, 0.54094961
-0.00229667, 0.49005553, -0.01809014
-0.29709768, 0.63023776, -0.71727651
0.77041602, 0.53540435
-0.0022967, 0.2013388, -0.01809014
-0.22745445, 0.80416274, -0.54911953
0.26331112, 0.53540435
-0.00554466, 0.49005553, -0.01484214
-0.71727651, 0.63023776, -0.29709768
0.77041602, 0.54094958
0.0, 0.49005553, -0.01809014
0.0, 0.70708334, -0.70708334
0.79147136, 0.53606391
-0.00554466, 0.49005553, -0.01484214
-0.71727651, 0.63023776, -0.29709768
0.78200513, 0.54160917
-0.00868438, 0.36900693, 0.007509
-0.57908869, 0.58586383, 0.5668813
0.83716553, 0.15769112
-0.00868438, 0.1966444, -0.0121216
-0.86523026, -0.00091556, -0.50132757
0.55983472, 0.19120616
-0.00868438, 0.1867511, -0.00755331
-1.0, 0.0, 0.0
0.54294413, 0.18340683
-0.00868438, 0.04864915, 0.01282399
-0.79622793, -0.06125065, -0.601825
0.30716419, 0.14861685
-0.00868438, 0.04507213, 0.05762153
-0.59660631, 0.20755638, 0.77520066
0.30105722, 0.07213455
-0.00868438, 0.06566914, 0.03256183
-0.75759149, 0.40589619, 0.51115453
0.33622223, 0.11491865
-0.00868438, 0.08938321, -0.00755331
-0.86254466, -0.22635579, -0.45249793
0.37670892, 0.18340683
-0.00868438, 0.09828111, 0.0164275
-0.75798821, 0.1589404, 0.63258767
0.39190021, 0.14246464
-0.00868438, 0.02402202, 0.00624669
-0.6789453, 0.09552293, -0.72792751
0.26511854, 0.15984625
-0.00868438, 0.0176781, 0.04732302
-0.79113132, -0.01025422, 0.61152989
0.25428775, 0.08971703
-0.00868438, -0.07196007, 0.00624669
-0.66393018, -0.15247047, -0.7320475
0.10124952, 0.15984625
-0.00868438, -0.11146514, 0.0909887
-0.56718647, -0.43983275, 0.69627976
0.03380296, 0.01516718
-0.00868438, -0.08473021, 0.01180788
-0.74675739, -0.15982543, -0.64558858
0.07944712, 0.15035164
-0.00868438, -0.12052783, 0.0144855
-0.57509077, -0.63139743, -0.52015746
0.01833028, 0.14578021
-0.00683557, 0.2013388, -0.01537687
-0.71727651, 0.63023776, -0.29709768
0.26331112, 0.54003677
-0.00683557, 0.1966444, -0.00971408
-0.92385632, 0.0, 0.38267159
0.25529641, 0.54970473
-0.00683557, 0.2013388, -0.00971408
-0.71727651, 0.63023776, 0.29709768
0.26331112, 0.54970473
-0.00283141, 0.2013388, -0.00570989
-0.29709768, 0.63023776, 0.71727651
0.26331112, 0.55654097
-0.00283141, 0.2013388, -0.01938102
-0.29709768, 0.63023776, -0.71727651
0.26331112, 0.53320038
0.0, 0.09828111, 0.0164275
0.0, 0.2436903, 0.96984774
0.39599878, 0.1257236
0.0, -0.11146514, 0.0909887
0.0, -0.53407389, 0.84542376
0.03380296, 1.55e-05
0.0, 0.04864915, 0.01282399
0.0, -0.1012299, -0.99484235
0.30716419, 0.16377199
0.0, 0.36900693, 0.007509
0.0, 0.71864986, 0.69536424
0.83716553, 0.85678673
-0.00868438, 0.36900693, -0.01244534
-0.57722712, 0.57683033, -0.57792902
0.83716559, 0.80824351
-0.00868438, 0.36900693, 0.007509
-0.57908869, 0.58586383, 0.5668813
0.83716553, 0.84231126
0.0, 0.04507213, 0.05762153
0.0, 0.25864437, 0.96597189
0.30491197, 0.05984002
0.0, 0.36900693, -0.01244534
0.0, 0.70644248, -0.70775473
0.83716559, 0.20717692
-0.00868438, 0.36900693, -0.01244534
-0.57722712, 0.57683033, -0.57792902
0.83716559, 0.19175887
0.0, -0.08473021, 0.01180788
0.0, -0.24030274, -0.97067171
0.07944712, 0.16557777
0.0, -0.12052783, 0.0144855
0.0, -0.77178258, -0.63582265
0.01506612, 0.16121012
0.0, 0.02402202, 0.00624669
0.0, 0.1301004, -0.99148536
0.26511854, 0.17432445
0.0, 0.08938321, -0.00755331
0.0, -0.44737083, -0.89431441
0.37670892, 0.19465947
0.0, 0.0176781, 0.04732302
0.0, -0.01675466, 0.99984741
0.25443649, 0.07244909
-0.00683557, 0.1966444, -0.01537687
-0.92385632, 0.0, -0.38267159
0.25529641, 0.54003674
0.0, 0.06566914, 0.03256183
0.0, 0.62184513, 0.78310496
0.34462714, 0.10258192
0.0, -0.07196007, 0.00624669
0.0, -0.20389417, -0.97897273
0.10124952, 0.17471647
-0.00283141, 0.1966444, -0.00570989
-0.38267159, 0.0, 0.92385632
0.25529641, 0.55654097
-0.00283141, 0.1966444, -0.01938102
-0.38267159, 0.0, -0.92385632
0.25529641, 0.53320038
-0.00543831, 0.09853908, 0.01539228
-0.568865, -0.71434677, 0.40751365
0.38125753, 0.06877279
0.0, 0.10875133, 0.03329299
0.0, -0.50221258, 0.86471146
0.39480346, 0.03017914
-0.00543851, 0.10875133, 0.03329299
-0.60960722, -0.39811397, 0.68544573
0.39869279, 0.03821111
-0.00543851, 0.12931149, 0.03329299
-0.62736899, 0.31067842, 0.71404159
0.43379503, 0.03821111
-0.00543845, 0.11029559, 0.02874038
-0.83504748, 0.28458509, -0.47080904
0.40132928, 0.04598379
0.0, 0.10636522, 0.02182919
0.0, 0.99639881, 0.08456679
0.40271488, 0.0566715
-0.00543831, 0.11201756, 0.01493136
-0.47596666, 0.68022704, 0.55739003
0.40426919, 0.06955969
-0.00543838, 0.10636522, 0.02182919
-0.8590045, 0.51011688, 0.04327524
0.39461911, 0.05778313
0.0, 0.11029559, 0.02874038
0.0, 0.51728874, -0.85576952
0.4052721, 0.05162895
-0.00543838, 0.13581555, 0.02182919
-0.85174108, -0.52198857, -0.04492325
0.44489914, 0.05778319
0.0, 0.1299416, 0.02940257
0.0, -0.42475662, -0.90530109
0.43160573, 0.05259609
-0.00543845, 0.1299416, 0.02940257
-0.82512891, -0.23993652, -0.51139867
0.4348709, 0.04485321
0.0, 0.12931149, 0.03329299
0.0, 0.39896849, 0.91695911
0.43663523, 0.03007412
-0.00543831, 0.14656174, 0.01477648
-0.47853023, 0.64244515, 0.59849846
0.47432929, 0.07195556
-0.00543831, 0.13179515, 0.01425504
-0.55479598, -0.73485518, 0.39005706
0.43803519, 0.07071441
0.0, 0.13581555, 0.02182919
0.0, -0.99630725, -0.08572649
0.43982184, 0.05924642
-0.00229667, 0.48846385, -0.01809014
-0.47401348, 0.57258826, -0.66887414
0.76769859, 0.51804215
-0.00229667, 0.47691694, -0.01809014
-0.51805168, -0.60048217, -0.60908842
0.7117359, 0.51804215
-0.00554466, 0.23235047, -0.01484214
-0.70708334, 0.70708334, 0.0
0.36996704, 0.52358738
-0.00554466, 0.23235047, -0.01866882
-0.57731867, 0.57734919, -0.57734919
0.36996704, 0.5170542
-0.00554475, 0.23063934, -0.01866882
-0.90450758, 0.30149236, -0.30149236
0.29428872, 0.5170542
-0.00554466, 0.22691718, -0.01484214
-0.70708334, -0.70708334, 0.0
0.28793386, 0.52358738
-0.00554466, 0.22691718, -0.0245825
-0.57731867, -0.57734919, -0.57734919
0.28793386, 0.50695777
-0.00554466, 0.23063934, -0.0245825
-0.57731867, 0.57734919, -0.57734919
0.29428872, 0.50695777
0.00543831, 0.16459739, 0.03646355
0.6684469, -0.67744988, 0.30689412
0.81893325, 0.52119711
0.00543831, 0.18385746, 0.01296324
0.59361553, 0.48341319, -0.64333016
0.86356938, 0.46673411
0.00543831, 0.1884349, 0.02876514
0.74013489, 0.61314738, -0.27600941
0.87417769, 0.50335565
0.00933142, 0.34756935, 0.00949804
0.70708334, 0.0, 0.70708334
0.69083279, 0.57813501
0.0, 0.34204483, 0.00949804
0.0, 0.0, 1.0
0.68140095, 0.57813501
-0.00868438, 0.34204483, 0.00949804
-0.696585, 0.0, 0.7174291
0.68140095, 0.57813501
0.0, 0.34756935, 0.00949804
0.0, 0.0, 1.0
0.69083279, 0.57813501
-0.00868438, 0.34756935, 0.00949804
-0.696585, 0.0, 0.7174291
0.69083279, 0.57813501
-0.00229667, 0.34756935, -0.01856363
-0.35032198, 0.0, -0.93661308
0.69083279, 0.56181341
0.0, 0.34204483, -0.01856363
0.0, 0.0, -0.99996948
0.68140095, 0.56181341
0.00543831, 0.20371366, 0.08117548
0.68080693, -0.41303751, 0.60484636
0.90958703, 0.62481901
0.00543831, 0.19987847, 0.04685577
0.74349195, 0.50325024, -0.44035158
0.90069878, 0.5452815
0.00543831, 0.2185003, 0.06244962
0.73186439, 0.37934506, -0.56605732
0.94385576, 0.58142099
0.00543831, 0.18311518, 0.06308485
0.68086797, -0.54625082, 0.48780787
0.86184907, 0.58289316
0.00543831, 0.23263471, 0.09614514
0.57087922, 0.29850155, 0.76482439
0.97661281, 0.65951183
0.00543831, 0.24065925, 0.07409022
0.58476514, 0.75655383, -0.29261148
0.99521005, 0.60839862
-0.00543831, 0.16459739, 0.03646355
-0.6684469, -0.67744988, 0.30689412
0.81893325, 0.52119711
-0.00543831, 0.18385746, 0.01296324
-0.59361553, 0.48341319, -0.64333016
0.86356938, 0.46673411
-0.00543831, 0.15877156, 0.01296324
-0.56563008, -0.64949495, -0.50813317
0.8054316, 0.46673411
-0.00543831, 0.20371366, 0.08117548
-0.68080693, -0.41303751, 0.60484636
0.90958703, 0.62481901
-0.00543831, 0.19987847, 0.04685577
-0.74349195, 0.50325024, -0.44035158
0.90069878, 0.5452815
-0.00543831, 0.18311518, 0.06308485
-0.68086797, -0.54625082, 0.48780787
0.86184907, 0.58289316
-0.00543831, 0.1884349, 0.02876514
-0.74013489, 0.61314738, -0.27600941
0.87417769, 0.50335565
-0.00543831, 0.23263471, 0.09614514
-0.57087922, 0.29850155, 0.76482439
0.97661281, 0.65951183
-0.00543831, 0.2185003, 0.06244962
-0.73186439, 0.37934506, -0.56605732
0.94385576, 0.58142099
0.00543831, 0.15877156, 0.01296324
0.56563008, -0.64949495, -0.50813317
0.8054316, 0.46673411
-0.00543831, 0.24065925, 0.07409022
-0.58476514, 0.75655383, -0.29261148
0.99521005, 0.60839862
0.0, 0.11512952, -0.02026575
0.0, -0.22730187, -0.97381514
0.10675192, 0.51660872
0.0, 0.49005553, -0.01809014
0.0, 0.70708334, -0.70708334
0.7704066, 0.5295957
0.00229667, 0.49005553, -0.00700079
0.29709768, 0.63023776, 0.71727651
0.78755039, 0.55499655
0.00229667, 0.49005553, -0.01809014
0.29709768, 0.63023776, -0.71727651
0.78755033, 0.53606391
0.0, 0.1966444, -0.0121216
0.0, -0.00186163, -0.99996948
0.55982268, 0.79305041
0.0, 0.1966444, -0.01938104
0.0, 0.0, -1.0
0.25529641, 0.52894714
0.0, 0.11201756, 0.01493136
0.0, 0.7734611, 0.63380837
0.40957692, 0.93462723
0.0, 0.14656174, 0.01477648
0.0, 0.73168129, 0.68163091
0.48034754, 0.93574202
0.0, 0.22691718, -0.01484214
0.0, -1.0, 0.0
0.27690479, 0.51942781
-0.00868438, 0.1966444, -0.02026575
-0.57734919, 0.57734919, -0.57734919
0.2459214, 0.53169
-0.00868438, 0.1966444, -0.0121216
-0.78691977, 0.61699271, 0.0
0.2459214, 0.45440793
0.0, 0.11512952, -0.02026575
0.0, -0.22730187, -0.97381514
0.10675192, 0.48339355
-0.00229667, 0.49005553, -0.00700079
-0.29709768, 0.63023776, 0.71727651
0.78755039, 0.55499655
-0.00554466, 0.49005553, -0.01024878
-0.71727651, 0.63023776, 0.29709768
0.78200513, 0.54945135
-0.00229667, 0.49005553, -0.01809014
-0.29709768, 0.63023776, -0.71727651
0.78755033, 0.53606391
0.0, 0.1966444, -0.0121216
0.0, -0.00186163, -0.99996948
0.55982268, 0.20695198
0.0, 0.09853908, 0.01539228
0.0, -0.86858732, 0.49549851
0.37261814, 0.0629186
0.0, 0.11201756, 0.01493136
0.0, 0.7734611, 0.63380837
0.40957692, 0.06537515
0.0, 0.14656174, 0.01477648
0.0, 0.73168129, 0.68163091
0.48034754, 0.06426036
0.0, 0.13179515, 0.01425504
0.0, -0.88326669, 0.46882534
0.43336082, 0.06661683
# Number of Faces:
298
# Face Data:
0, 1, 2
3, 4, 5
3, 1, 4
6, 3, 7
8, 9, 10
11, 12, 8
13, 14, 11
15, 16, 17
17, 18, 13
19, 20, 21
22, 23, 24
25, 26, 27
27, 28, 24
29, 30, 25
31, 32, 29
31, 33, 34
35, 36, 37
36, 17, 13
37, 13, 11
38, 8, 10
39, 11, 8
17, 40, 15
23, 41, 24
29, 42, 31
30, 43, 26
44, 45, 46
27, 47, 25
48, 49, 50
33, 51, 34
52, 39, 38
31, 53, 33
32, 54, 30
26, 55, 28
25, 56, 29
57, 58, 36
24, 59, 27
34, 60, 32
61, 37, 39
62, 40, 58
63, 64, 65
66, 67, 68
69, 70, 71
68, 64, 72
71, 73, 66
74, 75, 76
77, 78, 68
79, 76, 80
66, 75, 67
81, 82, 83
82, 84, 83
85, 83, 84
86, 87, 88
89, 90, 91
89, 92, 87
88, 93, 94
95, 90, 86
94, 96, 95
97, 98, 99
100, 101, 102
103, 104, 105
1, 106, 2
107, 108, 109
110, 108, 107
108, 111, 112
9, 113, 10
114, 115, 113
116, 117, 115
118, 15, 119
120, 119, 117
121, 122, 21
123, 124, 125
126, 127, 128
129, 128, 130
131, 132, 127
133, 134, 132
134, 135, 136
137, 138, 139
119, 137, 117
117, 139, 115
113, 38, 10
115, 140, 113
119, 40, 141
142, 123, 130
143, 132, 134
144, 131, 126
145, 146, 147
148, 128, 127
149, 124, 150
151, 136, 135
140, 52, 38
152, 134, 136
153, 133, 131
154, 126, 129
155, 127, 132
141, 156, 137
157, 130, 128
158, 135, 133
139, 159, 140
40, 160, 141
161, 162, 163
163, 164, 165
166, 167, 168
162, 164, 163
169, 168, 165
170, 171, 172
173, 174, 164
175, 176, 170
171, 165, 172
81, 83, 177
177, 83, 178
85, 178, 83
179, 180, 181
180, 90, 181
92, 180, 179
93, 182, 183
90, 184, 181
96, 183, 184
185, 186, 187
188, 189, 98
190, 191, 192
190, 103, 105
193, 194, 104
99, 102, 97
195, 196, 197
198, 187, 196
199, 197, 200
201, 202, 203
204, 205, 206
206, 207, 201
208, 209, 204
209, 200, 197
203, 186, 210
205, 197, 196
206, 185, 198
201, 210, 185
207, 196, 187
208, 195, 199
202, 187, 186
211, 199, 200
204, 198, 195
0, 4, 1
0, 5, 4
7, 3, 5
3, 212, 1
6, 212, 3
8, 12, 9
11, 14, 12
13, 18, 14
15, 213, 16
17, 16, 18
121, 21, 20
214, 19, 21
20, 215, 121
24, 28, 22
22, 48, 23
50, 23, 48
25, 30, 26
27, 26, 28
29, 32, 30
31, 34, 32
35, 57, 36
36, 58, 17
37, 36, 13
38, 39, 8
39, 37, 11
17, 58, 40
23, 145, 41
29, 56, 42
30, 54, 43
44, 149, 45
27, 59, 47
48, 216, 49
33, 53, 51
52, 61, 39
31, 42, 53
32, 60, 54
26, 43, 55
25, 47, 56
57, 62, 58
24, 41, 59
34, 51, 60
61, 35, 37
62, 217, 40
63, 72, 64
63, 69, 71
63, 71, 72
74, 79, 77
67, 74, 68
72, 71, 66
74, 77, 68
72, 66, 68
69, 218, 70
68, 78, 64
71, 70, 73
74, 67, 75
77, 219, 78
79, 74, 76
66, 73, 75
88, 94, 86
86, 89, 87
94, 95, 86
89, 86, 90
89, 91, 92
88, 220, 93
95, 96, 90
94, 93, 96
97, 188, 98
100, 194, 101
103, 193, 104
1, 221, 106
112, 109, 108
222, 107, 109
110, 223, 108
108, 223, 111
9, 114, 113
114, 116, 115
116, 120, 117
118, 213, 15
120, 118, 119
224, 21, 225
121, 226, 122
122, 225, 21
125, 129, 130
130, 123, 125
150, 124, 123
126, 131, 127
129, 126, 128
131, 133, 132
133, 135, 134
137, 156, 138
119, 141, 137
117, 137, 139
113, 140, 38
115, 139, 140
119, 15, 40
142, 45, 123
143, 155, 132
144, 153, 131
145, 49, 146
148, 157, 128
149, 227, 124
151, 152, 136
140, 159, 52
152, 143, 134
153, 158, 133
154, 144, 126
155, 148, 127
141, 160, 156
157, 142, 130
158, 151, 135
139, 138, 159
40, 217, 160
161, 228, 162
174, 175, 170
174, 170, 164
168, 167, 161
165, 168, 163
164, 170, 172
168, 161, 163
164, 172, 165
166, 229, 167
162, 173, 164
169, 166, 168
170, 176, 171
173, 230, 174
175, 231, 176
171, 169, 165
184, 183, 181
182, 179, 181
181, 183, 182
180, 91, 90
92, 91, 180
93, 220, 182
90, 96, 184
96, 93, 183
185, 210, 186
188, 191, 189
190, 189, 191
190, 192, 103
193, 101, 194
99, 100, 102
195, 198, 196
198, 185, 187
199, 195, 197
201, 207, 202
204, 209, 205
206, 205, 207
208, 211, 209
209, 211, 200
203, 202, 186
205, 209, 197
206, 201, 185
201, 203, 210
207, 205, 196
208, 204, 195
202, 207, 187
211, 208, 199
204, 206, 198
