# Project Zomboid Skinned Mesh
# File Version:
1.0
# Model Name:
Cube
# Vertex Stride Element Count:
3
# Vertex Stride Size (in bytes):
76
# Vertex Stride Data:
# (Int)    Offset
# (String) Type
0
VertexArray
12
NormalArray
24
TextureCoordArray
# Vertex Count:
152
# Vertex Buffer:
0.00622181, 0.03648958, -0.04161344
0.53489792, -0.38950774, -0.74974823
0.13819158, 0.64362171
0.00940304, 0.139824, -0.02601835
0.98709065, 0.1436201, -0.07055879
0.52271682, 0.70165375
0.00940141, 0.02719056, -0.02601836
0.71269876, -0.58058411, -0.39359722
0.10358831, 0.70165369
0.00510033, 0.09708114, -0.00750675
0.77196568, 0.6093936, 0.18070009
0.36366335, 0.77053863
0.0, 0.10232747, -0.01593268
0.0, 0.84887236, 0.52855009
0.39799061, 0.74670997
0.0, 0.09708114, -0.00750675
0.0, 0.95873898, 0.2842494
0.38277504, 0.77704656
0.0, 0.139824, -0.04161344
0.0, 0.0, -1.0
0.52271682, 0.61275342
0.00622343, 0.139824, -0.04161344
0.63988161, 0.02066103, -0.76815087
0.52271682, 0.6436218
0.0, 0.15067847, -0.02601835
0.0, 1.0, 0.0
0.59122223, 0.70148841
0.00552408, 0.15067847, -0.04161344
0.51020843, 0.61119419, -0.60502946
0.56310821, 0.6436218
0.0, 0.15067847, -0.04161344
0.0, 0.70708334, -0.70708334
0.56310821, 0.61275342
0.00940141, 0.03205843, -0.01005042
0.88302255, -0.43171483, 0.1839961
0.12170253, 0.76107314
0.0, 0.01615424, 0.04257187
0.0, -0.80288094, 0.59608752
0.00414754, 0.99566711
0.0, 0.03205843, -0.01005042
0.0, -0.91991943, 0.39210182
0.07930642, 0.77224818
0.0, 0.09681945, 0.00584755
0.0, 0.70006406, 0.71404159
0.37440741, 0.82995005
0.00509956, 0.06147169, 0.00584032
0.23606066, 0.82464063, 0.51399273
0.23115437, 0.82020541
0.00510147, 0.09681945, 0.00584755
0.0, 0.70006406, 0.71407211
0.36249223, 0.81926021
0.00940141, 0.02506332, -0.02245085
0.77800834, -0.4240852, -0.46348462
0.09567251, 0.71492907
0.0, 0.02719056, -0.02601836
0.0, -0.85888243, -0.51213109
0.08978783, 0.70165369
0.00940319, 0.139824, -0.01593268
0.73088777, 0.12665181, 0.67058319
0.52271682, 0.73918426
0.00940319, 0.10232747, -0.01593268
0.72038943, 0.04010132, 0.69240391
0.38318577, 0.73918426
0.0, 0.01615399, -0.01815838
0.0, -0.99990845, -0.01123081
0.03037558, 0.73090211
0.0, 0.02506332, -0.02245085
0.0, -0.67503893, -0.73775446
0.07772766, 0.71492907
0.00552408, 0.15067847, -0.02601835
0.57594532, 0.81746882, 0.0
0.56310821, 0.70165378
0.0, 0.15067847, -0.01593268
0.0, 0.70708334, 0.70708334
0.59122223, 0.73918426
0.00552408, 0.15067847, -0.01593268
0.46180609, 0.65544605, 0.59755242
0.56310821, 0.73918426
0.0, 0.03648958, -0.04161344
0.0, -0.49388105, -0.86950284
0.13819152, 0.61275342
0.00940176, 0.01615399, -0.01815838
0.55064547, -0.8346507, -0.00936918
0.06251941, 0.73090211
0.00940129, 0.05129533, 0.04257187
0.59288311, 0.48750266, 0.64091921
0.19328636, 0.95688985
0.00940218, 0.01615424, 0.04257187
0.56346321, -0.66328931, 0.49244666
0.0625203, 0.95688985
0.00509962, 0.06240912, 0.00246712
0.37525558, 0.92471081, -0.06357005
0.23464268, 0.8076531
0.00940141, 0.06147169, 0.00584032
0.70714438, 0.68132573, 0.18887906
0.23115435, 0.82020542
0.00510147, 0.09344603, 0.00247413
0.90453809, -0.30140081, -0.30149236
0.35013646, 0.8076793
0.00510147, 0.09681945, 0.00584755
0.99996948, 0.0, 0.0
0.36268947, 0.8202323
0.00510033, 0.08705698, -0.01415614
0.15506455, -0.16013062, 0.97482222
0.32636163, 0.74579516
0.0, 0.06701164, -0.01415614
0.0, 0.60545671, 0.79586166
0.2684685, 0.75758693
0.00510033, 0.06701164, -0.01415614
0.0, 0.60545671, 0.79586166
0.25176948, 0.74579516
0.0, 0.09344603, 0.00247413
0.0, -0.70702231, -0.7071749
0.33337727, 0.79687241
0.00510033, 0.09344603, -0.00750675
0.80153811, -0.55467391, 0.22327341
0.35013646, 0.77053863
0.0, 0.09344603, -0.00750675
0.0, -0.92764062, 0.37342447
0.33349758, 0.77566528
0.0, 0.06240912, 0.00246691
0.0, 0.79595327, -0.60533464
0.2646957, 0.79451245
0.00473249, 0.15823543, -0.03764135
0.71727651, 0.63023776, -0.29709768
0.81366163, 0.78803876
0.00196026, 0.15067847, -0.04041358
0.38267159, 0.0, -0.92385632
0.7778877, 0.77344978
0.00196026, 0.15823543, -0.04041358
0.29709768, 0.63023776, -0.71727651
0.81366163, 0.77344975
0.00473249, 0.15823543, -0.03372083
0.71727651, 0.63023776, 0.29709768
0.81366163, 0.80262783
0.00473249, 0.15067847, -0.03764135
0.92385632, 0.0, -0.38267159
0.7778877, 0.78803876
0.00196026, 0.15823543, -0.0309486
0.29709768, 0.63023776, 0.71727651
0.81366163, 0.81721684
0.00473249, 0.15067847, -0.03372083
0.92385632, 0.0, 0.38267159
0.7778877, 0.80262783
0.00940147, 0.06701164, -0.01415614
0.87142551, 0.2969451, 0.39036226
0.25176951, 0.74579516
0.00940147, 0.08705698, -0.01415614
0.69417399, 0.04159673, 0.71858883
0.32636163, 0.74579516
0.0, 0.139824, -0.01593268
0.0, 0.0, 1.0
0.52271682, 0.74670997
0.0, 0.15823543, -0.0309486
0.0, 0.70708334, 0.70708334
0.81366163, 0.82451135
0.00196026, 0.15067847, -0.0309486
0.38267159, 0.0, 0.92385632
0.7778877, 0.81721678
0.0, 0.15067847, -0.04041358
0.0, 0.0, -1.0
0.7778877, 0.76615527
0.0, 0.15823543, -0.04041358
0.0, 0.70708334, -0.70708334
0.81366163, 0.76615524
0.00510135, 0.10232747, -0.01593268
0.30243844, 0.51017791, 0.80510879
0.38318577, 0.73918426
0.00379556, 0.02866966, -0.02688161
0.50849938, -0.78749961, 0.34815514
0.74566752, 0.12547338
0.0, 0.02344964, -0.03868857
0.0, -0.83547473, -0.54948574
0.7062211, 0.07272416
0.00379556, 0.02344964, -0.03868857
0.55821407, -0.69319743, -0.45591602
0.72624296, 0.0815376
0.00379556, 0.03523548, -0.03858209
0.5623951, 0.00744652, -0.82680744
0.77010006, 0.08193386
0.0, 0.03523548, -0.03858209
0.0, 0.00903348, -0.99993896
0.75565571, 0.06993514
0.0, 0.05129533, 0.04257187
0.0, 0.60539567, 0.79592276
0.21887286, 0.99566711
0.00370322, 0.04082415, -0.04161344
0.58696252, -0.73522139, -0.33890805
0.87854934, 0.10981423
0.00370322, 0.04441408, -0.04440766
0.60533464, 0.42027038, -0.67592394
0.89190805, 0.09941643
0.00370322, 0.04579227, -0.04161344
0.57799006, 0.73183388, -0.36097294
0.89703655, 0.10981423
0.00138476, 0.15058294, -0.04161344
0.2778405, 0.37614062, -0.88390762
0.9658038, 0.11142254
0.00138476, 0.14294674, -0.04161344
0.64198738, -0.61095005, -0.46317941
0.93738818, 0.11142254
0.0, 0.14395876, -0.04486767
0.0, -0.33252966, -0.94308299
0.94115406, 0.0993129
0.0, 0.04579227, -0.04161344
0.0, 0.89681691, -0.44233528
0.90357113, 0.10981423
0.00370322, 0.04211218, -0.04440766
0.60350353, -0.42988372, -0.67149878
0.88334227, 0.09941643
0.0, 0.04441408, -0.04440766
0.0, 0.52803123, -0.84920806
0.89190805, 0.09350425
0.0, 0.04082415, -0.04161344
0.0, -0.90813929, -0.4186224
0.87231231, 0.10981417
0.0, 0.04211218, -0.04440766
0.0, -0.53913999, -0.84218878
0.88334227, 0.09350437
0.0, 0.15058294, -0.04161344
0.0, 0.44093144, -0.89751887
0.9671604, 0.10654306
0.0, 0.14294674, -0.04161344
0.0, -0.95486313, -0.2969451
0.93369859, 0.10839319
-0.00940304, 0.139824, -0.02601835
-0.98709065, 0.1436201, -0.07055879
0.52271682, 0.29896051
-0.00622181, 0.03648958, -0.04161344
-0.53489792, -0.38950774, -0.74974823
0.13819158, 0.35699254
-0.00940141, 0.02719056, -0.02601836
-0.71269876, -0.58058411, -0.39359722
0.10358832, 0.29896069
-0.00510033, 0.09708114, -0.00750675
-0.77196568, 0.6093936, 0.18070009
0.36366335, 0.23007566
0.0, 0.10232747, -0.01593268
0.0, 0.84887236, 0.52855009
0.39799061, 0.25390428
-0.00510135, 0.10232747, -0.01593268
-0.30243844, 0.51017791, 0.80510879
0.38318577, 0.26143003
0.0, 0.139824, -0.04161344
0.0, 0.0, -1.0
0.52271682, 0.38786089
0.0, 0.03648958, -0.04161344
0.0, -0.49388105, -0.86950284
0.13819158, 0.38786089
-0.00552408, 0.15067847, -0.04161344
-0.51020843, 0.61119419, -0.60502946
0.56310821, 0.35699248
0.0, 0.15067847, -0.02601835
0.0, 1.0, 0.0
0.59122223, 0.29912591
0.0, 0.15067847, -0.04161344
0.0, 0.70708334, -0.70708334
0.56310821, 0.38786089
-0.00940141, 0.03205843, -0.01005042
-0.88302255, -0.43171483, 0.1839961
0.12170253, 0.23954111
0.0, 0.01615424, 0.04257187
0.0, -0.80288094, 0.59608752
0.00414755, 0.00494725
-0.00940218, 0.01615424, 0.04257187
-0.56346321, -0.66328931, 0.49244666
0.0625203, 0.04372448
0.0, 0.09681945, 0.00584755
0.0, 0.70006406, 0.71404159
0.37440738, 0.17066425
-0.00509956, 0.06147169, 0.00584032
-0.23606066, 0.82464063, 0.51399273
0.23115437, 0.18040884
0.0, 0.06147169, 0.00584032
0.0, 0.60530412, 0.79598379
0.25556755, 0.16255736
0.0, 0.02719056, -0.02601836
0.0, -0.85888243, -0.51213109
0.08978785, 0.29896069
-0.00940141, 0.02506332, -0.02245085
-0.77800834, -0.4240852, -0.46348462
0.09567252, 0.28568524
-0.00940319, 0.139824, -0.01593268
-0.73088777, 0.12665181, 0.67058319
0.52271682, 0.26143003
-0.00940319, 0.10232747, -0.01593268
-0.72038943, 0.04010132, 0.69240391
0.38318577, 0.26143003
0.0, 0.01615399, -0.01815838
0.0, -0.99990845, -0.01123081
0.03037556, 0.26971215
-0.00940176, 0.01615399, -0.01815838
-0.55064547, -0.8346507, -0.00936918
0.0625194, 0.26971215
0.0, 0.15067847, -0.01593268
0.0, 0.70708334, 0.70708334
0.59122223, 0.26143003
-0.00552408, 0.15067847, -0.02601835
-0.57594532, 0.81746882, 0.0
0.56310821, 0.29896051
-0.00552408, 0.15067847, -0.01593268
-0.46180609, 0.65544605, 0.59755242
0.56310821, 0.26143003
-0.00510147, 0.09681945, 0.00584755
0.0, 0.70006406, 0.71407211
0.36249223, 0.18135405
-0.00940129, 0.05129533, 0.04257187
-0.59288311, 0.48750266, 0.64091921
0.19328636, 0.04372448
-0.00940141, 0.06147169, 0.00584032
-0.70714438, 0.68132573, 0.18887906
0.23115435, 0.1804089
-0.00509962, 0.06240912, 0.00246712
-0.37525558, 0.92471081, -0.06357005
0.23464268, 0.19296116
-0.00940147, 0.06701164, -0.01415614
-0.87142551, 0.2969451, 0.39036226
0.25176951, 0.25481904
-0.00510147, 0.09344603, 0.00247413
-0.90453809, -0.30140081, -0.30149236
0.35013646, 0.19293499
-0.00510033, 0.09344603, -0.00750675
-0.80153811, -0.55467391, 0.22327341
0.35013646, 0.23007566
0.0, 0.06701164, -0.01415614
0.0, 0.60545671, 0.79586166
0.2684685, 0.24302733
-0.00510033, 0.08705698, -0.01415614
-0.15506455, -0.16013062, 0.97482222
0.32636163, 0.2548191
-0.00510033, 0.06701164, -0.01415614
0.0, 0.60545671, 0.79586166
0.25176948, 0.2548191
0.0, 0.09344603, 0.00247413
0.0, -0.70702231, -0.7071749
0.3333773, 0.20374185
0.0, 0.09344603, -0.00750675
0.0, -0.92764062, 0.37342447
0.33349758, 0.224949
0.0, 0.06240912, 0.00246691
0.0, 0.79595327, -0.60533464
0.26469573, 0.20610183
-0.00196026, 0.15067847, -0.04041358
-0.38267159, 0.0, -0.92385632
0.7778877, 0.77344972
-0.00473249, 0.15823543, -0.03764135
-0.71727651, 0.63023776, -0.29709768
0.81366163, 0.78803873
-0.00196026, 0.15823543, -0.04041358
-0.29709768, 0.63023776, -0.71727651
0.81366163, 0.77344978
-0.00473249, 0.15067847, -0.03764135
-0.92385632, 0.0, -0.38267159
0.7778877, 0.78803873
-0.00473249, 0.15823543, -0.03372083
-0.71727651, 0.63023776, 0.29709768
0.81366163, 0.8026278
-0.00473249, 0.15067847, -0.03372083
-0.92385632, 0.0, 0.38267159
0.7778877, 0.8026278
-0.00196026, 0.15823543, -0.0309486
-0.29709768, 0.63023776, 0.71727651
0.81366163, 0.81721675
-0.00940147, 0.08705698, -0.01415614
-0.69417399, 0.04159673, 0.71858883
0.32636163, 0.2548191
0.0, 0.139824, -0.01593268
0.0, 0.0, 1.0
0.52271682, 0.25390428
-0.00196026, 0.15067847, -0.0309486
-0.38267159, 0.0, 0.92385632
0.7778877, 0.81721681
-0.00622343, 0.139824, -0.04161344
-0.63988161, 0.02066103, -0.76815087
0.52271682, 0.35699248
-0.00379556, 0.02866966, -0.02688161
-0.50849938, -0.78749961, 0.34815514
0.74566752, 0.12547326
-0.00379556, 0.02344964, -0.03868857
-0.55821407, -0.69319743, -0.45591602
0.72624296, 0.08153749
-0.00379556, 0.03523548, -0.03858209
-0.5623951, 0.00744652, -0.82680744
0.77010006, 0.08193374
0.0, 0.05129533, 0.04257187
0.0, 0.60539567, 0.79592276
0.21887282, 0.00494725
-0.00370322, 0.04082415, -0.04161344
-0.58696252, -0.73522139, -0.33890805
0.87854934, 0.10981417
-0.00370322, 0.04441408, -0.04440766
-0.60533464, 0.42027038, -0.67592394
0.89190805, 0.09941638
-0.00370322, 0.04211218, -0.04440766
-0.60350353, -0.42988372, -0.67149878
0.88334227, 0.09941638
-0.00138476, 0.15058294, -0.04161344
-0.2778405, 0.37614062, -0.88390762
0.9658038, 0.1114226
-0.00138476, 0.14294674, -0.04161344
-0.64198738, -0.61095005, -0.46317941
0.93738812, 0.1114226
-0.00370322, 0.04579227, -0.04161344
-0.57799006, 0.73183388, -0.36097294
0.89703655, 0.10981417
0.0, 0.15823543, -0.0309486
0.0, 0.70708334, 0.70708334
0.83127218, 0.81294385
0.0, 0.15823543, -0.04041358
0.0, 0.70708334, -0.70708334
0.83127224, 0.77772272
0.0, 0.06147169, 0.00584032
0.0, 0.60530412, 0.79598379
0.25556755, 0.83805691
0.0, 0.08705698, -0.01415614
0.0, -0.39185765, 0.92001098
0.31847534, 0.76027289
0.0, 0.15067847, -0.0309486
0.0, 0.0, 1.0
0.7778877, 0.82451129
0.0, 0.02866966, -0.02688161
0.0, -0.91457868, 0.40433973
0.72746474, 0.1218549
0.0, 0.09708114, -0.00750675
0.0, 0.95873898, 0.2842494
0.38277504, 0.22356772
0.0, 0.03205843, -0.01005042
0.0, -0.91991943, 0.39210182
0.07930639, 0.22836608
0.0, 0.02506332, -0.02245085
0.0, -0.67503893, -0.73775446
0.07772766, 0.28568524
-0.00510147, 0.09681945, 0.00584755
-0.99996948, 0.0, 0.0
0.36268947, 0.18038195
0.0, 0.08705698, -0.01415614
0.0, -0.39185765, 0.92001098
0.31847537, 0.24034137
-0.00196026, 0.15823543, -0.04041358
-0.29709768, 0.63023776, -0.71727651
0.83856678, 0.77772272
-0.00473249, 0.15823543, -0.03764135
-0.71727651, 0.63023776, -0.29709768
0.84888279, 0.78803876
-0.00473249, 0.15823543, -0.03372083
-0.71727651, 0.63023776, 0.29709768
0.84888279, 0.80262783
-0.00196026, 0.15823543, -0.0309486
-0.29709768, 0.63023776, 0.71727651
0.83856678, 0.81294385
0.00196026, 0.15823543, -0.0309486
0.29709768, 0.63023776, 0.71727651
0.82397765, 0.81294385
0.00196026, 0.15823543, -0.04041358
0.29709768, 0.63023776, -0.71727651
0.82397765, 0.77772272
# Number of Faces:
204
# Face Data:
0, 1, 2
3, 4, 5
0, 6, 7
8, 9, 10
11, 12, 13
14, 15, 16
17, 18, 2
19, 4, 20
17, 21, 22
23, 24, 25
0, 18, 26
3, 14, 16
11, 21, 27
28, 12, 29
30, 15, 31
32, 3, 33
34, 35, 36
37, 38, 32
39, 34, 38
30, 35, 40
32, 15, 30
41, 42, 43
44, 45, 41
46, 47, 44
34, 48, 49
25, 50, 19
51, 52, 46
6, 9, 7
25, 1, 23
43, 53, 54
55, 38, 34
49, 55, 34
31, 28, 11
56, 57, 58
59, 56, 58
58, 60, 59
28, 15, 61
62, 63, 64
65, 66, 67
63, 68, 64
69, 70, 63
69, 71, 72
67, 73, 65
66, 74, 67
30, 37, 32
75, 76, 77
78, 79, 80
76, 81, 82
83, 84, 85
86, 87, 88
89, 90, 91
92, 93, 77
79, 94, 95
93, 96, 97
98, 99, 100
76, 92, 77
89, 78, 101
96, 86, 97
87, 102, 88
103, 104, 105
106, 78, 107
108, 109, 110
107, 111, 106
109, 112, 107
108, 104, 113
90, 106, 104
114, 115, 116
117, 118, 115
119, 120, 118
105, 109, 121
122, 100, 94
123, 51, 120
81, 83, 85
75, 100, 99
124, 75, 83
53, 116, 54
80, 107, 78
80, 121, 109
86, 103, 105
57, 125, 126
127, 126, 125
60, 126, 127
91, 90, 128
129, 130, 131
132, 67, 133
68, 130, 134
70, 131, 130
131, 71, 129
67, 132, 73
133, 67, 74
111, 104, 106
135, 41, 136
83, 75, 99
7, 9, 1
23, 1, 9
0, 7, 1
3, 55, 4
0, 26, 6
8, 23, 9
11, 29, 12
14, 137, 15
17, 22, 18
19, 50, 4
17, 27, 21
23, 8, 24
0, 2, 18
3, 5, 14
11, 13, 21
28, 61, 12
31, 48, 30
36, 30, 48
32, 38, 3
34, 138, 35
37, 39, 38
39, 138, 34
30, 36, 35
32, 33, 15
41, 45, 42
44, 47, 45
46, 52, 47
34, 36, 48
25, 24, 50
51, 139, 52
6, 10, 9
25, 19, 1
43, 42, 53
55, 3, 38
49, 20, 55
2, 1, 20
20, 49, 2
1, 19, 20
11, 27, 17
17, 2, 11
48, 31, 11
2, 49, 48
28, 29, 11
11, 2, 48
56, 140, 57
58, 57, 60
137, 61, 15
28, 31, 15
62, 69, 63
63, 70, 68
69, 72, 70
69, 62, 71
30, 40, 37
75, 124, 76
78, 141, 79
76, 124, 81
83, 99, 84
86, 142, 87
89, 101, 90
92, 143, 93
79, 122, 94
93, 143, 96
98, 84, 99
76, 82, 92
89, 141, 78
96, 142, 86
87, 128, 102
110, 105, 104
103, 90, 104
106, 144, 78
108, 145, 109
107, 112, 111
109, 145, 112
108, 110, 104
90, 144, 106
114, 117, 115
117, 119, 118
119, 123, 120
105, 110, 109
122, 98, 100
123, 139, 51
81, 124, 83
75, 94, 100
53, 114, 116
80, 109, 107
80, 95, 121
94, 75, 95
93, 97, 86
75, 77, 95
105, 121, 77
95, 77, 121
86, 88, 102
105, 77, 86
102, 103, 86
77, 93, 86
57, 140, 125
60, 57, 126
102, 128, 90
90, 103, 102
129, 134, 130
68, 70, 130
70, 72, 131
131, 72, 71
111, 113, 104
136, 146, 147
147, 148, 135
149, 135, 148
150, 44, 135
41, 151, 136
136, 147, 135
135, 44, 41
