# Project Zomboid Skinned Mesh
# File Version:
1.0
# Model Name:
Cube
# Vertex Stride Element Count:
3
# Vertex Stride Size (in bytes):
76
# Vertex Stride Data:
# (Int)    Offset
# (String) Type
0
VertexArray
12
NormalArray
24
TextureCoordArray
# Vertex Count:
334
# Vertex Buffer:
0.00854294, 0.13562442, -0.02119491
0.66301459, 0.26718956, 0.69927061
0.42273986, 0.78118366
0.0, 0.09907879, -0.01549275
0.0, 0.07730339, 0.99697864
0.30819482, 0.81385607
0.00854294, 0.09907879, -0.01549275
0.69008452, 0.05594043, 0.72151858
0.30819482, 0.79905593
0.00854294, 0.03254212, -0.01549275
0.57734919, -0.57734919, 0.57734919
0.09964915, 0.79905593
0.00854294, 0.03831688, -0.02353381
0.80880153, -0.53926206, -0.23456526
0.11774898, 0.77385283
0.0, 0.03254212, -0.01549275
0.0, -0.70708334, 0.70708334
0.07559371, 0.79905593
0.00854294, 0.03831688, -0.05059493
0.57734919, -0.57734919, -0.57734919
0.11774898, 0.6890353
0.0, 0.09907879, -0.05059493
0.0, 0.0, -1.0
0.30819482, 0.66585284
0.00854294, 0.09907879, -0.05059493
0.70708334, 0.0, -0.70708334
0.30819482, 0.68903536
0.0, 0.03831688, -0.02353381
0.0, -0.91698962, -0.39887691
0.09469382, 0.77385283
0.0, 0.13562442, -0.05059493
0.0, 0.0, -1.0
0.42273986, 0.66585284
0.00854294, 0.13562442, -0.05059493
0.70708334, 0.0, -0.70708334
0.42273986, 0.68903536
0.00854294, 0.1474176, -0.028841
0.77684867, 0.17859432, 0.60377818
0.45970303, 0.75721854
0.0, 0.13562442, -0.02119491
0.0, 0.3569445, 0.93411052
0.42273986, 0.79185194
0.0, 0.15908714, -0.05059493
0.0, 0.52772605, -0.84939116
0.49627873, 0.66585284
0.00854294, 0.16385433, -0.028841
0.57734919, 0.57734919, 0.57734919
0.51122057, 0.75721854
0.0, 0.1474176, -0.028841
0.0, 0.28363901, 0.95892209
0.45970303, 0.76955664
0.00854294, 0.16385433, -0.04094662
0.65929139, 0.73213905, -0.17099521
0.51122057, 0.28073061
0.0, 0.16385433, -0.028841
0.0, 0.70708334, 0.70708334
0.51122057, 0.23044991
0.00854294, 0.16385433, -0.028841
0.57734919, 0.57734919, 0.57734919
0.51122057, 0.24278796
0.00854294, 0.15908714, -0.05059493
0.60539567, 0.42002624, -0.67604601
0.49627873, 0.6890353
0.0, 0.16385433, -0.04094662
0.0, 0.97378463, -0.22742394
0.51122057, 0.69939357
0.00854294, 0.16385433, -0.04094662
0.65929139, 0.73213905, -0.17099521
0.51122057, 0.71927589
0.0035386, 0.1759762, -0.04595095
0.32325205, 0.53511155, -0.78044987
0.56447113, 0.70359087
0.00854294, 0.16385433, -0.04094662
0.90774256, 0.0, -0.41944641
0.52647746, 0.71927589
0.0035386, 0.16137081, -0.04595095
0.33619189, 0.0, -0.94177067
0.51869333, 0.70359087
0.00854294, 0.1759762, -0.03386941
0.78044987, 0.53511155, 0.32325205
0.56447113, 0.741458
0.00854294, 0.1759762, -0.04094662
0.78044987, 0.53511155, -0.32325205
0.56447113, 0.71927589
0.0035386, 0.16385433, -0.02886508
0.38267159, 0.0, 0.92385632
0.52647746, 0.75714307
0.00854293, 0.16385433, -0.03386941
0.92385632, 0.0, 0.38267159
0.52647746, 0.741458
0.0, 0.20248221, -0.03322776
0.0, 0.70708334, 0.70708334
0.66511309, 0.7444945
0.00418025, 0.20248221, -0.0356765
0.71727651, 0.63023776, 0.29709768
0.65201092, 0.73681945
0.00418025, 0.20248221, -0.03913954
0.71727651, 0.63023776, -0.29709768
0.65201092, 0.72596532
0.00173151, 0.17740119, -0.03322776
0.28153324, 0.67726678, 0.67970824
0.5689373, 0.74346912
0.0035386, 0.1759762, -0.02886508
0.32325205, 0.53511155, 0.78044987
0.56447113, 0.75714307
0.00418025, 0.17740119, -0.03913954
0.67970824, 0.67726678, -0.28153324
0.5689373, 0.72493988
0.0, 0.1759762, -0.04595095
0.0, 0.58714563, -0.8094424
0.56447113, 0.69761395
0.00173151, 0.17740119, -0.04158826
0.28153324, 0.67726678, -0.67970824
0.5689373, 0.71726483
0.0, 0.1759762, -0.02886508
0.0, 0.58714563, 0.8094424
0.56447113, 0.76310979
0.0, 0.16137081, -0.04595095
0.0, 0.0, -1.0
0.52010238, 0.69761395
0.00418025, 0.17740119, -0.0356765
0.67970824, 0.67726678, 0.28153324
0.5689373, 0.73579407
0.00173151, 0.20248221, -0.04158826
0.29709768, 0.63023776, -0.71727651
0.64754879, 0.71726483
0.00418025, 0.20248221, -0.0356765
0.71727651, 0.63023776, 0.29709768
0.64754879, 0.73579407
0.00173151, 0.20248221, -0.03322776
0.29709768, 0.63026828, 0.717246
0.64754879, 0.74346912
0.0, 0.17740119, -0.03322776
0.0, 0.58714563, 0.8094424
0.56910908, 0.74822909
0.00418025, 0.20248221, -0.03913954
0.71727651, 0.63023776, -0.29709768
0.64754879, 0.72493988
0.0, 0.20248221, -0.04158826
0.0, 0.70708334, -0.70708334
0.64754725, 0.71264625
0.0, 0.17740119, -0.04158826
0.0, 0.58714563, -0.8094424
0.5689373, 0.71279931
0.0, 0.03254212, -0.01815188
0.0, -0.91698962, -0.39887691
0.07512805, 0.79072142
0.00854294, 0.03254212, -0.01815188
0.62736899, -0.71407211, -0.31058687
0.09964915, 0.79072142
0.00854294, 0.06103064, 0.0101139
0.81154823, 0.54298532, 0.21561328
0.1889406, 0.9011898
0.00854294, 0.03254212, 0.02506231
0.6830653, -0.72585225, -0.0806299
0.09964915, 0.94804251
0.00854294, 0.03947184, -0.00573535
0.84075439, -0.51548815, 0.16537981
0.12136894, 0.8515135
0.0, 0.03254212, -0.011919
0.0, -0.91262549, 0.40876493
0.08036733, 0.8321321
0.00854294, 0.03254212, -0.011919
0.62562943, -0.71193576, 0.31888792
0.09964915, 0.8321321
0.00854294, 0.06744197, -0.01549275
0.70708334, 0.70708334, 0.0
0.20903566, 0.82093096
0.0, 0.06744197, 0.00387266
0.0, 0.92126226, 0.38886684
0.2318012, 0.88162792
0.00854294, 0.06744197, 0.00387266
0.62913907, 0.71608633, 0.30225533
0.20903566, 0.88162792
0.0, 0.03254212, -0.01549275
0.0, -0.99996948, 0.0
0.08036733, 0.82093096
0.00854294, 0.03254212, -0.01549275
0.70708334, -0.70708334, 0.0
0.09964915, 0.82093096
0.0, 0.06103064, 0.0101139
0.0, 0.92938018, 0.36906034
0.21117674, 0.9011898
0.00854294, 0.03254212, 0.04164055
0.57734919, -0.57734919, 0.57734919
0.09964915, 1.00000364
0.0, 0.03254212, 0.02506231
0.0, -0.99386579, -0.11041597
0.0783609, 0.94804251
0.0, 0.03947184, -0.00573535
0.0, -0.95217752, 0.30549029
0.10103768, 0.8515135
0.0, 0.06238058, 0.04164055
0.0, 0.72206795, 0.69179356
0.21622868, 1.00000364
0.00854294, 0.06238058, 0.04164055
0.57512128, 0.59068573, 0.56593525
0.19317172, 1.00000364
0.0, 0.03254212, 0.04164055
0.0, -0.70708334, 0.70708334
0.0783609, 1.00000364
0.00242245, 0.0986563, -0.00065777
0.62981045, 0.71681875, 0.29914242
0.35151628, 0.86742818
0.00242245, 0.08977276, 0.00813218
0.63069552, 0.29505295, 0.71773428
0.32367265, 0.89497852
0.00242245, 0.0960874, -0.00115527
0.80486465, -0.54765463, -0.2285226
0.34346455, 0.86586887
0.0, 0.0960874, -0.00757741
0.0, -0.90954316, 0.41557056
0.33748987, 0.8484326
0.00242245, 0.0960874, -0.00757741
0.81359297, -0.52879423, 0.24161504
0.34346458, 0.84573996
0.00242245, 0.0986563, -0.00834525
0.62517166, 0.71138644, -0.32099369
0.35151628, 0.8433333
0.0, 0.0986563, -0.00065777
0.0, 0.92284918, 0.38511306
0.35946012, 0.87030315
0.00242245, 0.08866605, 0.00618788
0.80349129, -0.22635579, -0.55058444
0.32020396, 0.88888448
0.0, 0.0960874, -0.00115527
0.0, -0.92284918, -0.38511306
0.33763689, 0.86332572
0.00242245, 0.06744197, 0.00110967
0.55275124, 0.42042297, -0.71947384
0.2536813, 0.87296784
0.0, 0.07613229, 0.00618788
0.0, 0.26133001, -0.96523941
0.2829217, 0.8819266
0.00242245, 0.07613229, 0.00618788
0.77092808, 0.16644795, -0.61476487
0.28091931, 0.88888448
0.00242245, 0.07476947, 0.00813218
0.65294349, -0.19708854, 0.7312845
0.27664787, 0.89497852
0.0, 0.06744197, 0.00387266
0.0, -0.50254828, 0.86452836
0.2493128, 0.88927966
0.00242245, 0.06744197, 0.00387266
0.80037844, -0.30124819, 0.51823479
0.2536813, 0.88162792
0.0, 0.08977276, 0.00813218
0.0, 0.3802301, 0.92486346
0.32711658, 0.90253496
0.0, 0.08866605, 0.00618788
0.0, -0.3802301, -0.92486346
0.31773943, 0.88254106
0.0, 0.07476947, 0.00813218
0.0, -0.26023132, 0.96551406
0.27482736, 0.90308535
0.00242245, 0.09055662, -0.01549275
0.8386181, 0.36036256, -0.40839869
0.3261295, 0.82093096
0.0, 0.0986563, -0.00834525
0.0, 0.91149634, -0.41129795
0.35873336, 0.84036279
0.0, 0.086946, -0.01549275
0.0, -0.65456098, 0.75597399
0.3108128, 0.82570928
0.00242245, 0.086946, -0.01549275
0.41361737, -0.59596545, 0.6882534
0.31481275, 0.82093096
0.00854294, 0.03831688, -0.04352169
0.70708334, 0.0, -0.70708334
0.09542614, 0.71120489
0.00854294, 0.02724677, -0.03440149
0.57734919, -0.57734919, 0.57734919
0.06072912, 0.73979032
0.00854294, 0.02724677, -0.04352169
0.57734919, -0.57734919, -0.57734919
0.06072912, 0.71120489
0.00606676, 0.12777634, 0.00892073
0.73894465, 0.65044099, -0.17551194
0.92573339, 0.83445406
0.0, 0.14006193, 0.03800182
0.0, 0.94247264, 0.33420819
0.98768175, 0.9337957
0.00606678, 0.14006193, 0.03800182
0.5822016, 0.76625872, 0.27170628
0.96424007, 0.92560278
0.00606678, 0.12108924, 0.04811022
0.5719474, -0.28049561, 0.77080601
0.90477407, 0.95728551
0.00606678, 0.10911467, 0.01840708
0.68172246, -0.70583206, 0.19235817
0.86724222, 0.86418706
0.0, 0.10911467, 0.01840708
0.0, -0.96478164, 0.26294747
0.84387046, 0.87112282
0.00450397, 0.06689597, -0.0579152
0.59187597, 0.49308756, -0.63756216
0.20732436, 0.63484138
0.00450397, 0.05772749, -0.05059493
0.64235359, -0.74175239, -0.19266336
0.17858759, 0.6577853
0.00450397, 0.05962911, -0.0579152
0.59187597, -0.49308756, -0.63756216
0.18454783, 0.63484138
0.00606676, 0.12414765, -0.0194042
0.70085758, 0.70751059, -0.09060945
0.91436005, 0.74567521
0.0, 0.12777634, 0.00892073
0.0, 0.96545303, -0.260506
0.94527858, 0.82887414
0.0, 0.12108924, 0.04811022
0.0, -0.34195989, 0.93969542
0.89883709, 0.98925722
0.00606676, 0.10391391, -0.01624717
0.70839566, -0.69795829, 0.10473952
0.85094142, 0.75557034
0.0, 0.10391391, -0.01624717
0.0, -0.98892176, 0.14841151
0.83088744, 0.75772178
0.00512923, 0.15170683, -0.05710522
0.66020691, -0.42039245, -0.6223945
0.4731468, 0.63738
0.00408675, 0.15908714, -0.05059493
0.66383862, 0.74025697, 0.10629597
0.49627873, 0.6577853
0.00408675, 0.14843979, -0.05059493
0.55549788, -0.77541429, -0.30018005
0.4629069, 0.65778536
0.00296657, 0.05772749, -0.05059493
-0.64235359, -0.74175239, -0.19266336
0.17858759, 0.65778536
0.00296657, 0.06689597, -0.0579152
-0.59187597, 0.49308756, -0.63756216
0.20732436, 0.63484138
0.00296657, 0.05962911, -0.0579152
-0.59187597, -0.49308756, -0.63756216
0.18454783, 0.63484138
0.00359183, 0.15170683, -0.05710522
-0.54695272, -0.41755426, -0.72557753
0.4731468, 0.63738
0.00254935, 0.15908714, -0.05059493
-0.73433638, 0.66850793, -0.1175573
0.49627873, 0.65778536
0.00359183, 0.15908714, -0.05710522
-0.5256508, 0.58613849, -0.61650443
0.49627873, 0.63738
0.00512923, 0.15908714, -0.05710522
0.62550735, 0.56944489, -0.53331095
0.49627873, 0.63738
0.00296657, 0.0687976, -0.05059493
-0.64235359, 0.74175239, -0.19266336
0.21328461, 0.65778536
0.00450397, 0.0687976, -0.05059493
0.64235359, 0.74175239, -0.19266336
0.21328461, 0.6577853
0.00828456, 0.03387063, -0.04352169
0.66606647, 0.73180336, 0.14419995
0.10381313, 0.56158924
0.00828456, 0.03198593, -0.03892511
0.54670858, 0.0, 0.83727533
0.09790592, 0.57599628
0.00828456, 0.03010123, -0.04352169
0.66606647, -0.73180336, 0.14419995
0.09199868, 0.56158924
0.00828456, 0.17260778, -0.05649997
0.63023776, 0.29709768, -0.71727651
0.53865653, 0.52091151
0.00828456, 0.03387063, -0.05273057
0.90450758, 0.30149236, 0.30149236
0.10381311, 0.53272587
0.00828456, 0.03010123, -0.05649997
0.57734919, -0.57734919, -0.57734919
0.09199868, 0.52091151
0.0, 0.02724677, -0.04352169
0.0, -0.70708334, -0.70708334
0.03417754, 0.71120489
0.0, 0.03831688, -0.04352169
0.0, 0.0, -1.0
0.09542614, 0.69995719
0.00854294, 0.03831688, -0.03440149
0.70708334, 0.0, 0.70708334
0.09542614, 0.73979032
0.0, 0.02724677, -0.03440149
0.0, -0.70708334, 0.70708334
0.03417754, 0.73979032
0.00828456, 0.1778681, -0.04747027
0.80416274, -0.54911953, 0.22745445
0.55514389, 0.54921317
0.00828456, 0.17260778, -0.05273057
0.80416274, -0.22745445, 0.54911953
0.53865653, 0.53272587
0.00828456, 0.18163748, -0.01336889
0.79808956, 0.56181526, -0.21759698
0.56695837, 0.65609705
0.00828456, 0.18163748, -0.04747027
0.63023776, 0.71727651, -0.29709768
0.56695837, 0.54921317
0.00828456, 0.18379742, -0.01099899
0.81026644, 0.23673208, -0.53608811
0.57372814, 0.6635251
0.00828456, 0.1778681, -0.01336889
0.6317026, -0.71874142, 0.29041412
0.55514389, 0.65609705
0.00828456, 0.19092932, -0.01099899
0.81026644, -0.23673208, -0.53608811
0.59608173, 0.6635251
0.00828456, 0.18379742, -0.00722958
0.62880337, -0.30378124, 0.71572006
0.57372814, 0.67533952
0.00828456, 0.19685866, -0.01336889
0.6317026, 0.71874142, 0.29041412
0.61466599, 0.65609705
0.00828456, 0.19308929, -0.01336889
0.79812008, -0.56181526, -0.21759698
0.60285151, 0.65609705
0.00828456, 0.19685866, -0.04294068
0.71727651, 0.63023776, -0.29709768
0.61466599, 0.5634104
0.00451515, 0.03010123, -0.04352169
-0.66606647, -0.73180336, 0.14419995
0.09199868, 0.56158924
0.00451515, 0.03387063, -0.04352169
-0.66606647, 0.73180336, 0.14419995
0.10381313, 0.56158924
0.00451515, 0.03387063, -0.05273057
-0.90450758, 0.30149236, 0.30149236
0.10381311, 0.53272587
0.00451515, 0.17260778, -0.05649997
-0.63023776, 0.29709768, -0.71727651
0.53865653, 0.52091151
0.00451515, 0.03010123, -0.05649997
-0.57734919, -0.57734919, -0.57734919
0.09199868, 0.52091151
0.00451515, 0.1778681, -0.04747027
-0.80416274, -0.54911953, 0.22745445
0.55514389, 0.54921317
0.00451515, 0.18163748, -0.04747027
-0.63023776, 0.71727651, -0.29709768
0.56695837, 0.54921317
0.00451515, 0.18163748, -0.01336889
-0.79808956, 0.56181526, -0.21759698
0.56695837, 0.65609705
0.00451515, 0.1778681, -0.01336889
-0.6317026, -0.71874142, 0.29041412
0.55514389, 0.65609705
0.00451515, 0.18379742, -0.01099899
-0.81026644, 0.23673208, -0.53608811
0.57372814, 0.6635251
0.00451515, 0.18379742, -0.00722958
-0.62880337, -0.30378124, 0.71572006
0.57372814, 0.67533952
0.00451515, 0.19092932, -0.01099899
-0.81026644, -0.23673208, -0.53608811
0.59608173, 0.6635251
0.00451515, 0.19685866, -0.01336889
-0.6317026, 0.71874142, 0.29041412
0.61466599, 0.65609705
0.00451515, 0.19308929, -0.01336889
-0.79812008, -0.56181526, -0.21759698
0.60285151, 0.65609705
0.00451515, 0.19685866, -0.04294068
-0.30149236, 0.90450758, 0.30149236
0.61466599, 0.5634104
0.00451515, 0.03198593, -0.03892511
-0.54670858, 0.0, 0.83727533
0.09790592, 0.57599628
0.00828456, 0.19092932, -0.00722958
0.62880337, 0.30378124, 0.71572006
0.59608173, 0.67533952
0.00828456, 0.19308929, -0.04294068
0.71727651, -0.63023776, -0.29709768
0.60285151, 0.5634104
0.0, 0.19685866, -0.04294068
0.0, 0.70708334, 0.70708334
0.61353427, 0.56227863
0.00451515, 0.19308929, -0.04294068
-0.30149236, -0.90450758, 0.30149236
0.60285151, 0.5634104
0.00451515, 0.17260778, -0.05273057
-0.80416274, -0.22745445, 0.54911953
0.53865653, 0.53272587
0.00451515, 0.19685866, -0.04671008
0.29709768, 0.63023776, -0.71727651
0.61466599, 0.55159587
0.00451515, 0.19308929, -0.04671008
0.29709768, -0.63023776, -0.71727651
0.60285151, 0.55159587
0.0, 0.19308929, -0.04671008
0.0, -0.70708334, -0.70708334
0.60398328, 0.55272758
0.0, 0.19685866, -0.04671008
0.0, 0.70708334, -0.70708334
0.61353427, 0.55272764
0.0, 0.09907879, -0.01549275
0.0, 0.07730339, 0.99697864
0.30819482, 0.18615043
-0.00854294, 0.13562442, -0.02119491
-0.66301459, 0.26718956, 0.69927061
0.42273986, 0.21882284
-0.00854294, 0.09907879, -0.01549275
-0.69008452, 0.05594043, 0.72151858
0.30819482, 0.20095062
-0.00854294, 0.09907879, -0.05059493
-0.70708334, 0.0, -0.70708334
0.30819482, 0.31097114
-0.00854294, 0.03831688, -0.02353381
-0.80880153, -0.53926206, -0.23456526
0.11774898, 0.22615373
0.0, 0.03254212, -0.01549275
0.0, -0.70708334, 0.70708334
0.07559371, 0.20095062
0.0, 0.09907879, -0.05059493
0.0, 0.0, -1.0
0.30819482, 0.33415365
-0.00854294, 0.03831688, -0.05059493
-0.57734919, -0.57734919, -0.57734919
0.11774898, 0.31097126
0.0, 0.03831688, -0.02353381
0.0, -0.91698962, -0.39887691
0.09469382, 0.22615373
0.0, 0.13562442, -0.05059493
0.0, 0.0, -1.0
0.42273986, 0.33415365
-0.00854294, 0.13562442, -0.05059493
-0.70708334, 0.0, -0.70708334
0.42273986, 0.31097114
-0.00854294, 0.1474176, -0.028841
-0.77684867, 0.17859432, 0.60377818
0.45970303, 0.24278796
-0.00854294, 0.15908714, -0.05059493
-0.60539567, 0.42002624, -0.67604601
0.49627873, 0.31097126
0.0, 0.13562442, -0.02119491
0.0, 0.3569445, 0.93411052
0.42273986, 0.20815456
0.0, 0.15908714, -0.05059493
0.0, 0.52772605, -0.84939116
0.49627873, 0.33415365
0.0, 0.1474176, -0.028841
0.0, 0.28363901, 0.95892209
0.45970303, 0.23044991
-0.00854294, 0.16385433, -0.028841
-0.57734919, 0.57734919, 0.57734919
0.51122057, 0.24278796
-0.00854294, 0.16385433, -0.04094662
-0.65929139, 0.73213905, -0.17099521
0.51122057, 0.28073061
0.0, 0.16385433, -0.04094662
0.0, 0.97378463, -0.22742394
0.51122057, 0.30061293
-0.0035386, 0.1759762, -0.04595095
-0.32325205, 0.53511155, -0.78044987
0.56447119, 0.70359087
-0.00854294, 0.16385433, -0.04094662
-0.90774256, 0.0, -0.41944641
0.52647746, 0.71927589
-0.00854294, 0.1759762, -0.04094662
-0.78044987, 0.53511155, -0.32325205
0.56447119, 0.71927589
-0.00854294, 0.1759762, -0.03386941
-0.78044987, 0.53511155, 0.32325205
0.56447119, 0.741458
-0.0035386, 0.16385433, -0.02886508
-0.38267159, 0.0, 0.92385632
0.52647746, 0.75714307
-0.0035386, 0.1759762, -0.02886508
-0.32325205, 0.53511155, 0.78044987
0.56447119, 0.75714307
-0.00418025, 0.20248221, -0.03913954
-0.71727651, 0.63023776, -0.29709768
0.65201092, 0.72596532
0.0, 0.20248221, -0.04158826
0.0, 0.70708334, -0.70708334
0.66511309, 0.71829021
-0.00173151, 0.17740119, -0.03322776
-0.28153324, 0.67726678, 0.67970824
0.56893736, 0.74346912
-0.00418025, 0.17740119, -0.0356765
-0.67970824, 0.67726678, 0.28153324
0.56893736, 0.73579407
-0.00418025, 0.17740119, -0.03913954
-0.67970824, 0.67726678, -0.28153324
0.56893736, 0.72493988
-0.00173151, 0.17740119, -0.04158826
-0.28153324, 0.67726678, -0.67970824
0.56893736, 0.71726483
-0.00173151, 0.20248221, -0.04158826
-0.29709768, 0.63026828, -0.717246
0.64754885, 0.71726483
-0.00418025, 0.20248221, -0.0356765
-0.71727651, 0.63023776, 0.29709768
0.64754885, 0.73579407
-0.00173151, 0.20248221, -0.03322776
-0.29709768, 0.63026828, 0.717246
0.64754885, 0.74346912
-0.00418025, 0.20248221, -0.03913954
-0.71727651, 0.63023776, -0.29709768
0.64754885, 0.72493988
0.0, 0.03254212, -0.01815188
0.0, -0.91698962, -0.39887691
0.07512805, 0.20928514
-0.00854294, 0.03254212, -0.01815188
-0.62736899, -0.71407211, -0.31058687
0.09964915, 0.20928514
-0.00854294, 0.03254212, -0.01549275
-0.57734919, -0.57734919, 0.57734919
0.09964915, 0.20095062
-0.00854294, 0.06238058, 0.04164055
-0.57512128, 0.59068573, 0.56593525
0.19317172, 2.86e-06
-0.00854294, 0.06103064, 0.0101139
-0.81154823, 0.54298532, 0.21561328
0.1889406, 0.09881675
-0.00854294, 0.03254212, 0.02506231
-0.6830653, -0.72585225, -0.0806299
0.09964915, 0.05196404
0.0, 0.03254212, -0.011919
0.0, -0.91262549, 0.40876493
0.08036733, 0.16787446
-0.00854294, 0.03947184, -0.00573535
-0.84075439, -0.51548815, 0.16537981
0.12136894, 0.14849305
-0.00854294, 0.03254212, -0.011919
-0.62562943, -0.71193576, 0.31888792
0.09964915, 0.16787446
0.0, 0.06744197, 0.00387266
0.0, 0.92126226, 0.38886684
0.2318012, 0.11837864
-0.00854294, 0.06744197, -0.01549275
-0.70708334, 0.70708334, 0.0
0.20903566, 0.1790756
-0.00854294, 0.06744197, 0.00387266
-0.62913907, 0.71608633, 0.30225533
0.20903566, 0.11837864
0.0, 0.03254212, -0.01549275
0.0, -0.99996948, 0.0
0.08036733, 0.1790756
-0.00854294, 0.03254212, -0.01549275
-0.70708334, -0.70708334, 0.0
0.09964915, 0.1790756
0.0, 0.06103064, 0.0101139
0.0, 0.92938018, 0.36906034
0.21117674, 0.09881675
0.0, 0.03254212, 0.02506231
0.0, -0.99386579, -0.11041597
0.0783609, 0.05196404
-0.00854294, 0.03254212, 0.04164055
-0.57734919, -0.57734919, 0.57734919
0.09964915, 2.86e-06
0.0, 0.03947184, -0.00573535
0.0, -0.95217752, 0.30549029
0.10103768, 0.14849305
0.0, 0.06238058, 0.04164055
0.0, 0.72206795, 0.69179356
0.21622868, 2.86e-06
0.0, 0.03254212, 0.04164055
0.0, -0.70708334, 0.70708334
0.0783609, 2.86e-06
-0.00242245, 0.08866605, 0.00618788
-0.80349129, -0.22635579, -0.55058444
0.32020396, 0.11112201
-0.00242245, 0.08977276, 0.00813218
-0.63069552, 0.29505295, 0.71773428
0.32367265, 0.10502803
-0.00242245, 0.0960874, -0.00115527
-0.80486465, -0.54765463, -0.2285226
0.34346455, 0.13413763
0.0, 0.0960874, -0.00757741
0.0, -0.90954316, 0.41557056
0.33748987, 0.1515739
-0.00242245, 0.0960874, -0.00757741
-0.81359297, -0.52879423, 0.24161504
0.34346458, 0.1542666
0.0, 0.0986563, -0.00065777
0.0, 0.92284918, 0.38511306
0.35946012, 0.1297034
-0.00242245, 0.0986563, -0.00834525
-0.62517166, 0.71138644, -0.32099369
0.35151628, 0.15667319
-0.00242245, 0.0986563, -0.00065777
-0.62981045, 0.71681875, 0.29914242
0.35151628, 0.13257837
0.0, 0.0960874, -0.00115527
0.0, -0.92284918, -0.38511306
0.33763689, 0.13668084
0.0, 0.07613229, 0.00618788
0.0, 0.26133001, -0.96523941
0.2829217, 0.1180799
-0.00242245, 0.06744197, 0.00110967
-0.55275124, 0.42042297, -0.71947384
0.2536813, 0.12703872
-0.00242245, 0.07613229, 0.00618788
-0.77092808, 0.16644795, -0.61476487
0.28091931, 0.11112201
0.0, 0.06744197, 0.00387266
0.0, -0.50254828, 0.86452836
0.2493128, 0.11072683
-0.00242245, 0.07476947, 0.00813218
-0.65294349, -0.19708854, 0.7312845
0.27664787, 0.10502803
-0.00242245, 0.06744197, 0.00387266
-0.80037844, -0.30124819, 0.51823479
0.2536813, 0.11837864
0.0, 0.08977276, 0.00813218
0.0, 0.3802301, 0.92486346
0.32711658, 0.09747159
0.0, 0.08866605, 0.00618788
0.0, -0.3802301, -0.92486346
0.31773943, 0.1174655
0.0, 0.07476947, 0.00813218
0.0, -0.26023132, 0.96551406
0.27482736, 0.09692121
0.0, 0.0986563, -0.00834525
0.0, 0.91149634, -0.41129795
0.35873336, 0.15964377
-0.00242245, 0.09055662, -0.01549275
-0.8386181, 0.36036256, -0.40839869
0.3261295, 0.1790756
0.0, 0.086946, -0.01549275
0.0, -0.65456098, 0.75597399
0.3108128, 0.17429721
-0.00242245, 0.086946, -0.01549275
-0.41361737, -0.59596545, 0.6882534
0.31481275, 0.1790756
-0.00854294, 0.02724677, -0.03440149
-0.57734919, -0.57734919, 0.57734919
0.06072912, 0.26021624
-0.00854294, 0.03831688, -0.04352169
-0.70708334, 0.0, -0.70708334
0.09542614, 0.28880167
-0.00854294, 0.02724677, -0.04352169
-0.57734919, -0.57734919, -0.57734919
0.06072912, 0.28880167
-0.00606676, 0.12777634, 0.00892073
-0.73894465, 0.65044099, -0.17551194
0.92573339, 0.83445406
-0.00606678, 0.14006193, 0.03800182
-0.5822016, 0.76625872, 0.27170628
0.96424007, 0.92560278
-0.00606678, 0.10911467, 0.01840708
-0.68172246, -0.70583206, 0.19235817
0.86724222, 0.86418706
-0.00606678, 0.12108924, 0.04811022
-0.5719474, -0.28049561, 0.77080601
0.90477407, 0.95728551
-0.00450397, 0.05772749, -0.05059493
-0.64235359, -0.74175239, -0.19266336
0.17858759, 0.6577853
-0.00450397, 0.06689597, -0.0579152
-0.59187597, 0.49308756, -0.63756216
0.20732436, 0.63484138
-0.00450397, 0.05962911, -0.0579152
-0.59187597, -0.49308756, -0.63756216
0.18454783, 0.63484138
-0.00606676, 0.12414765, -0.0194042
-0.70085758, 0.70751059, -0.09060945
0.91436005, 0.74567521
-0.00606676, 0.10391391, -0.01624717
-0.70839566, -0.69795829, 0.10473952
0.85094142, 0.75557034
-0.00512923, 0.15170683, -0.05710522
-0.66020691, -0.42039245, -0.6223945
0.4731468, 0.63738
-0.00408675, 0.15908714, -0.05059493
-0.66383862, 0.74025697, 0.10629597
0.49627873, 0.6577853
-0.00512923, 0.15908714, -0.05710522
-0.62550735, 0.56944489, -0.53331095
0.49627873, 0.63738
-0.00296657, 0.06689597, -0.0579152
0.59187597, 0.49308756, -0.63756216
0.20732436, 0.63484138
-0.00296657, 0.05772749, -0.05059493
0.64235359, -0.74175239, -0.19266336
0.17858759, 0.65778536
-0.00296657, 0.05962911, -0.0579152
0.59187597, -0.49308756, -0.63756216
0.18454783, 0.63484138
-0.00359183, 0.15170683, -0.05710522
0.54695272, -0.41755426, -0.72557753
0.4731468, 0.63738
-0.00254935, 0.15908714, -0.05059493
0.73433638, 0.66850793, -0.1175573
0.49627873, 0.65778536
-0.00254935, 0.14843979, -0.05059493
0.58626056, -0.68251592, -0.43638417
0.4629069, 0.6577853
-0.00359183, 0.15908714, -0.05710522
0.5256508, 0.58613849, -0.61650443
0.49627873, 0.63738
-0.00408675, 0.14843979, -0.05059493
-0.55549788, -0.77541429, -0.30018005
0.4629069, 0.65778536
-0.00296657, 0.0687976, -0.05059493
0.64235359, 0.74175239, -0.19266336
0.21328461, 0.65778536
-0.00450397, 0.0687976, -0.05059493
-0.64235359, 0.74175239, -0.19266336
0.21328461, 0.6577853
-0.00828456, 0.03010123, -0.04352169
-0.66606647, -0.73180336, 0.14419995
0.09199868, 0.56158924
-0.00828456, 0.03387063, -0.04352169
-0.66606647, 0.73180336, 0.14419995
0.10381313, 0.56158924
-0.00828456, 0.03387063, -0.05273057
-0.90450758, 0.30149236, 0.30149236
0.10381311, 0.53272587
-0.00828456, 0.17260778, -0.05649997
-0.63023776, 0.29709768, -0.71727651
0.53865653, 0.52091151
-0.00828456, 0.03010123, -0.05649997
-0.57734919, -0.57734919, -0.57734919
0.09199868, 0.52091151
0.0, 0.02724677, -0.04352169
0.0, -0.70708334, -0.70708334
0.03417754, 0.28880167
0.0, 0.03831688, -0.04352169
0.0, 0.0, -1.0
0.09542614, 0.3000493
0.0, 0.02724677, -0.03440149
0.0, -0.70708334, 0.70708334
0.03417754, 0.26021624
-0.00854294, 0.03831688, -0.03440149
-0.70708334, 0.0, 0.70708334
0.09542614, 0.26021624
-0.00828456, 0.1778681, -0.04747027
-0.80416274, -0.54911953, 0.22745445
0.55514389, 0.54921317
-0.00828456, 0.18163748, -0.04747027
-0.63023776, 0.71727651, -0.29709768
0.56695837, 0.54921317
-0.00828456, 0.18163748, -0.01336889
-0.79808956, 0.56181526, -0.21759698
0.56695837, 0.65609705
-0.00828456, 0.1778681, -0.01336889
-0.6317026, -0.71874142, 0.29041412
0.55514389, 0.65609705
-0.00828456, 0.18379742, -0.01099899
-0.81026644, 0.23673208, -0.53608811
0.57372814, 0.6635251
-0.00828456, 0.18379742, -0.00722958
-0.62880337, -0.30378124, 0.71572006
0.57372814, 0.67533952
-0.00828456, 0.19092932, -0.01099899
-0.81026644, -0.23673208, -0.53608811
0.59608173, 0.6635251
-0.00828456, 0.19685866, -0.01336889
-0.6317026, 0.71874142, 0.29041412
0.61466599, 0.65609705
-0.00828456, 0.19308929, -0.01336889
-0.79812008, -0.56181526, -0.21759698
0.60285151, 0.65609705
-0.00828456, 0.19685866, -0.04294068
-0.71727651, 0.63023776, -0.29709768
0.61466599, 0.5634104
-0.00451515, 0.03387063, -0.04352169
0.66606647, 0.73180336, 0.14419995
0.10381313, 0.56158924
-0.00451515, 0.03198593, -0.03892511
0.54670858, 0.0, 0.83727533
0.09790592, 0.57599628
-0.00451515, 0.03010123, -0.04352169
0.66606647, -0.73180336, 0.14419995
0.09199868, 0.56158924
-0.00451515, 0.17260778, -0.05649997
0.63023776, 0.29709768, -0.71727651
0.53865653, 0.52091151
-0.00451515, 0.03387063, -0.05273057
0.90450758, 0.30149236, 0.30149236
0.10381311, 0.53272587
-0.00451515, 0.03010123, -0.05649997
0.57734919, -0.57734919, -0.57734919
0.09199868, 0.52091151
-0.00451515, 0.1778681, -0.04747027
0.80416274, -0.54911953, 0.22745445
0.55514389, 0.54921317
-0.00451515, 0.17260778, -0.05273057
0.80416274, -0.22745445, 0.54911953
0.53865653, 0.53272587
-0.00451515, 0.18163748, -0.01336889
0.79808956, 0.56181526, -0.21759698
0.56695837, 0.65609705
-0.00451515, 0.18163748, -0.04747027
0.63023776, 0.71727651, -0.29709768
0.56695837, 0.54921317
-0.00451515, 0.18379742, -0.01099899
0.81026644, 0.23673208, -0.53608811
0.57372814, 0.6635251
-0.00451515, 0.1778681, -0.01336889
0.6317026, -0.71874142, 0.29041412
0.55514389, 0.65609705
-0.00451515, 0.19092932, -0.01099899
0.81026644, -0.23673208, -0.53608811
0.59608173, 0.6635251
-0.00451515, 0.18379742, -0.00722958
0.62880337, -0.30378124, 0.71572006
0.57372814, 0.67533952
-0.00451515, 0.19685866, -0.01336889
0.6317026, 0.71874142, 0.29041412
0.61466599, 0.65609705
-0.00451515, 0.19308929, -0.01336889
0.79812008, -0.56181526, -0.21759698
0.60285151, 0.65609705
-0.00451515, 0.19685866, -0.04294068
0.30149236, 0.90450758, 0.30149236
0.61466599, 0.5634104
-0.00828456, 0.03198593, -0.03892511
-0.54670858, 0.0, 0.83727533
0.09790592, 0.57599628
-0.00828456, 0.19092932, -0.00722958
-0.62880337, 0.30378124, 0.71572006
0.59608173, 0.67533952
-0.00828456, 0.17260778, -0.05273057
-0.80416274, -0.22745445, 0.54911953
0.53865653, 0.53272587
-0.00828456, 0.19308929, -0.04294068
-0.71727651, -0.63023776, -0.29709768
0.60285151, 0.5634104
-0.00451515, 0.19308929, -0.04294068
0.30149236, -0.90450758, 0.30149236
0.60285151, 0.5634104
-0.00451515, 0.19685866, -0.04671008
-0.29709768, 0.63023776, -0.71727651
0.61466599, 0.55159587
-0.00451515, 0.19308929, -0.04671008
-0.29709768, -0.63023776, -0.71727651
0.60285151, 0.55159587
0.0, 0.03831688, -0.05059493
0.0, -0.70708334, -0.70708334
0.11774898, 0.66733092
0.0, 0.16385433, -0.028841
0.0, 0.70708334, 0.70708334
0.51122057, 0.76955664
0.00173151, 0.20248221, -0.04158826
0.29709768, 0.63023776, -0.71727651
0.65968597, 0.71829021
0.00173151, 0.20248221, -0.03322776
0.29709768, 0.63026828, 0.717246
0.65968597, 0.7444945
0.0, 0.16385433, -0.02886508
0.0, 0.0, 1.0
0.52647746, 0.76310979
0.0, 0.20248221, -0.03322776
0.0, 0.70708334, 0.70708334
0.64752126, 0.74862903
0.0, 0.06744197, -0.01549275
0.0, 1.0, 0.0
0.2318012, 0.82093096
0.0, 0.06744197, 0.00110967
0.0, 0.50450146, -0.86336863
0.25732037, 0.86680627
0.0, 0.09055662, -0.01549275
0.0, 0.6616413, -0.74977875
0.33183959, 0.82093096
0.0, 0.12414765, -0.0194042
0.0, 0.99188209, -0.12704855
0.93260741, 0.74298322
0.00254935, 0.14843979, -0.05059493
-0.58626056, -0.68251592, -0.43638417
0.4629069, 0.6577853
0.0, 0.03831688, -0.03440149
0.0, 0.0, 1.0
0.09542614, 0.75291771
0.00451515, 0.19092932, -0.00722958
-0.62880337, 0.30378124, 0.71572006
0.59608173, 0.67533952
0.0, 0.19308929, -0.04294068
0.0, -0.70708334, 0.70708334
0.60398328, 0.56227863
0.0, 0.03831688, -0.05059493
0.0, -0.70708334, -0.70708334
0.11774898, 0.33267558
-0.0035386, 0.16137081, -0.04595095
-0.33619189, 0.0, -0.94177067
0.51869333, 0.70359087
-0.00854293, 0.16385433, -0.03386941
-0.92385632, 0.0, 0.38267159
0.52647746, 0.741458
-0.00173151, 0.20248221, -0.04158826
-0.29709768, 0.63026828, -0.717246
0.65968597, 0.71829021
-0.00418025, 0.20248221, -0.0356765
-0.71727651, 0.63023776, 0.29709768
0.65201092, 0.73681945
-0.00173151, 0.20248221, -0.03322776
-0.29709768, 0.63026828, 0.717246
0.65968597, 0.7444945
0.0, 0.06744197, -0.01549275
0.0, 1.0, 0.0
0.2318012, 0.1790756
0.0, 0.06744197, 0.00110967
0.0, 0.50450146, -0.86336863
0.25732037, 0.13320029
0.0, 0.09055662, -0.01549275
0.0, 0.6616413, -0.74977875
0.33183959, 0.1790756
0.0, 0.03831688, -0.03440149
0.0, 0.0, 1.0
0.09542614, 0.24708879
-0.00451515, 0.19092932, -0.00722958
0.62880337, 0.30378124, 0.71572006
0.59608173, 0.67533952
# Number of Faces:
490
# Face Data:
0, 1, 2
3, 4, 2
5, 2, 1
6, 7, 8
9, 6, 4
10, 8, 7
8, 0, 2
11, 12, 0
12, 13, 0
14, 11, 10
15, 16, 12
17, 18, 19
20, 21, 22
22, 12, 20
23, 24, 25
26, 24, 27
26, 28, 29
30, 31, 32
26, 33, 34
23, 35, 27
36, 37, 23
33, 38, 34
23, 39, 36
27, 40, 26
41, 35, 37
38, 28, 34
42, 33, 40
43, 44, 33
45, 40, 35
46, 37, 47
48, 4, 49
5, 49, 3
50, 51, 52
52, 53, 54
55, 56, 57
54, 58, 59
57, 60, 50
61, 62, 51
51, 63, 52
50, 64, 65
65, 66, 61
67, 68, 69
69, 70, 71
72, 73, 67
74, 75, 69
76, 77, 78
79, 80, 81
67, 82, 68
78, 83, 74
68, 84, 79
85, 86, 72
71, 87, 88
89, 90, 91
92, 93, 94
94, 95, 96
95, 97, 96
98, 99, 100
101, 102, 92
94, 103, 95
104, 97, 105
106, 107, 108
109, 110, 111
112, 113, 114
99, 111, 100
106, 114, 115
100, 110, 98
107, 114, 113
108, 112, 106
98, 116, 117
118, 119, 120
121, 122, 123
90, 124, 91
91, 125, 89
126, 127, 90
121, 128, 129
130, 128, 131
132, 133, 130
134, 135, 132
136, 134, 137
137, 138, 136
139, 140, 141
141, 142, 143
142, 144, 145
144, 146, 145
147, 148, 146
149, 150, 148
150, 151, 152
153, 152, 151
121, 145, 131
132, 150, 134
118, 154, 119
155, 149, 135
151, 155, 136
122, 140, 118
153, 136, 138
133, 144, 128
131, 146, 130
129, 141, 122
152, 156, 137
123, 142, 121
157, 158, 153
135, 147, 133
150, 137, 134
130, 148, 132
128, 159, 129
120, 143, 123
160, 157, 153
161, 138, 156
161, 156, 158
160, 153, 138
158, 162, 161
161, 163, 160
119, 139, 120
164, 165, 166
167, 168, 166
166, 169, 164
170, 171, 167
171, 172, 168
167, 173, 170
167, 165, 174
174, 175, 176
177, 175, 165
174, 178, 173
179, 180, 175
18, 181, 180
182, 176, 181
181, 175, 180
183, 184, 185
184, 186, 185
186, 187, 188
189, 30, 190
186, 191, 192
183, 193, 194
36, 194, 47
38, 191, 188
39, 183, 36
185, 192, 193
193, 195, 194
187, 38, 188
191, 196, 192
44, 197, 191
192, 198, 193
194, 46, 47
168, 199, 200
200, 169, 201
202, 203, 204
205, 206, 207
208, 209, 210
211, 207, 212
213, 210, 203
214, 215, 204
216, 204, 206
217, 203, 202
218, 202, 215
219, 220, 221
222, 221, 223
224, 225, 226
227, 219, 221
228, 229, 230
231, 232, 233
234, 226, 220
235, 230, 219
236, 220, 232
237, 238, 225
239, 223, 240
241, 242, 243
93, 244, 245
246, 245, 244
97, 247, 246
248, 249, 250
102, 251, 244
103, 245, 247
252, 97, 246
253, 254, 255
256, 257, 258
259, 260, 261
258, 248, 250
262, 253, 255
256, 250, 249
254, 262, 255
259, 263, 253
264, 249, 265
266, 267, 268
268, 269, 270
271, 241, 243
272, 243, 242
273, 274, 241
269, 275, 276
275, 277, 276
278, 279, 277
280, 281, 279
281, 282, 283
284, 283, 282
285, 286, 287
288, 289, 290
288, 291, 292
293, 291, 294
295, 296, 293
297, 298, 295
299, 297, 300
300, 301, 299
294, 269, 276
297, 279, 281
286, 267, 302
298, 303, 280
303, 299, 282
285, 268, 267
282, 301, 284
291, 278, 275
293, 276, 277
289, 304, 268
305, 300, 283
288, 270, 269
306, 157, 301
296, 280, 278
283, 297, 281
295, 277, 279
292, 275, 304
290, 266, 270
157, 307, 301
284, 308, 305
308, 306, 305
307, 284, 301
162, 306, 308
163, 308, 307
287, 302, 266
0, 13, 1
8, 2, 4
3, 49, 4
4, 6, 8
5, 3, 2
6, 309, 7
9, 309, 6
10, 11, 8
8, 11, 0
11, 20, 12
12, 16, 13
14, 20, 11
15, 310, 16
17, 182, 18
20, 14, 21
22, 15, 12
23, 27, 24
26, 29, 24
26, 34, 28
32, 311, 190
190, 30, 32
312, 31, 30
26, 40, 33
23, 37, 35
36, 47, 37
33, 44, 38
23, 25, 39
27, 35, 40
41, 45, 35
38, 313, 28
42, 43, 33
43, 314, 44
45, 42, 40
46, 41, 37
48, 9, 4
5, 48, 49
54, 59, 52
55, 57, 52
50, 65, 51
61, 51, 65
52, 59, 55
57, 50, 52
52, 63, 53
55, 315, 56
54, 53, 58
57, 56, 60
61, 66, 62
51, 62, 63
50, 60, 64
65, 64, 66
71, 88, 85
79, 81, 78
81, 76, 78
71, 85, 72
69, 71, 67
68, 79, 78
68, 78, 74
71, 72, 67
68, 74, 69
69, 75, 70
72, 86, 73
74, 83, 75
76, 316, 77
79, 84, 80
67, 73, 82
78, 77, 83
68, 82, 84
85, 317, 86
71, 70, 87
89, 126, 90
92, 102, 93
96, 104, 92
92, 94, 96
104, 101, 92
95, 103, 97
98, 117, 99
101, 318, 102
94, 93, 103
104, 96, 97
106, 115, 107
109, 116, 110
112, 319, 113
99, 109, 111
106, 112, 114
100, 111, 110
107, 115, 114
108, 319, 112
98, 110, 116
120, 123, 122
122, 118, 120
121, 129, 122
90, 127, 124
91, 124, 125
126, 320, 127
121, 131, 128
130, 133, 128
132, 135, 133
134, 155, 135
136, 155, 134
137, 156, 138
141, 143, 139
139, 154, 140
141, 159, 142
142, 159, 144
144, 147, 146
147, 149, 148
149, 321, 150
150, 321, 151
153, 158, 152
121, 142, 145
132, 148, 150
118, 140, 154
155, 321, 149
151, 321, 155
122, 141, 140
153, 151, 136
133, 147, 144
131, 145, 146
129, 159, 141
152, 158, 156
123, 143, 142
157, 322, 158
135, 149, 147
150, 152, 137
130, 146, 148
128, 144, 159
120, 139, 143
160, 163, 157
161, 160, 138
158, 322, 162
161, 162, 163
119, 154, 139
164, 177, 165
201, 166, 168
167, 171, 168
168, 200, 201
166, 201, 169
170, 323, 171
171, 323, 172
167, 174, 173
167, 166, 165
174, 165, 175
177, 179, 175
174, 176, 178
179, 18, 180
18, 182, 181
182, 178, 176
181, 176, 175
183, 324, 184
184, 325, 186
186, 325, 187
190, 326, 189
189, 327, 30
328, 30, 327
186, 188, 191
183, 185, 193
36, 183, 194
38, 44, 191
39, 324, 183
185, 186, 192
193, 198, 195
187, 313, 38
191, 197, 196
44, 314, 197
192, 196, 198
194, 195, 46
168, 172, 199
200, 199, 169
209, 212, 206
206, 204, 203
212, 207, 206
203, 210, 206
215, 202, 204
209, 206, 210
205, 216, 206
208, 329, 209
211, 205, 207
213, 208, 210
214, 218, 215
216, 214, 204
217, 213, 203
218, 217, 202
230, 229, 233
225, 238, 223
238, 240, 223
230, 233, 232
219, 230, 220
226, 225, 223
226, 223, 221
230, 232, 220
226, 221, 220
222, 227, 221
224, 237, 225
227, 235, 219
228, 330, 229
231, 236, 232
234, 224, 226
235, 228, 230
236, 234, 220
237, 331, 238
239, 222, 223
241, 274, 242
93, 102, 244
251, 252, 244
246, 247, 245
244, 252, 246
97, 103, 247
248, 265, 249
102, 318, 251
103, 93, 245
252, 105, 97
253, 263, 254
256, 264, 257
259, 262, 260
258, 257, 248
262, 259, 253
256, 258, 250
254, 260, 262
259, 261, 263
264, 256, 249
268, 270, 266
266, 302, 267
268, 304, 269
271, 273, 241
272, 271, 243
273, 332, 274
269, 304, 275
275, 278, 277
278, 280, 279
280, 303, 281
281, 303, 282
284, 305, 283
287, 290, 289
289, 285, 287
288, 292, 289
288, 294, 291
293, 296, 291
295, 298, 296
297, 333, 298
299, 333, 297
300, 306, 301
294, 288, 269
297, 295, 279
286, 285, 267
298, 333, 303
303, 333, 299
285, 289, 268
282, 299, 301
291, 296, 278
293, 294, 276
289, 292, 304
305, 306, 300
288, 290, 270
306, 322, 157
296, 298, 280
283, 300, 297
295, 293, 277
292, 291, 275
290, 287, 266
157, 163, 307
284, 307, 308
162, 322, 306
163, 162, 308
287, 286, 302
