# Project Zomboid Skinned Mesh
# File Version:
1.0
# Model Name:
Cube
# Vertex Stride Element Count:
3
# Vertex Stride Size (in bytes):
76
# Vertex Stride Data:
# (Int)    Offset
# (String) Type
0
VertexArray
12
NormalArray
24
TextureCoordArray
# Vertex Count:
170
# Vertex Buffer:
0.00775226, 0.10505329, -0.0158729
0.65172279, 0.20221564, 0.73097932
0.37278169, 0.77733493
-0.0, 0.10989192, -0.01877214
0.0, 0.26664022, 0.9637745
0.39074004, 0.77517015
-0.0, 0.10505329, -0.0158729
0.0, 0.26664022, 0.9637745
0.37278169, 0.77733493
-0.0, 0.02368199, -0.04406263
0.0, -0.61775565, -0.78633994
0.07077524, 0.6485132
-0.0, 0.10772737, -0.04406263
0.0, 0.0, -1.0
0.38634342, 0.6485132
0.00292219, 0.10772737, -0.04406263
0.13370159, 0.14804529, -0.97988832
0.38270637, 0.67270994
0.00673709, 0.11230255, -0.02969992
0.70213932, 0.69417399, 0.15842158
0.39968693, 0.72601652
0.00673709, 0.15362976, -0.02969992
0.71770376, 0.69600511, 0.02050844
0.55307114, 0.72601652
0.00593461, 0.14582995, -0.02428872
0.8051393, 0.19129002, 0.56132692
0.52412248, 0.74609995
-0.0, 0.14582995, -0.02428872
0.0, 0.59761345, 0.80175173
0.52412248, 0.75865233
0.00293063, 0.14418565, -0.01877214
0.39912108, 0.50190741, 0.76729637
0.51801974, 0.7665745
-0.0, 0.15362976, -0.02428872
0.0, 0.70708334, 0.70708334
0.55307114, 0.75865233
0.00673709, 0.11390305, -0.03695527
0.7199927, 0.57832575, -0.38352612
0.40562704, 0.6990886
0.00581213, 0.10772737, -0.04406263
0.5204016, 0.31843013, -0.79229105
0.38270637, 0.67270991
0.00775226, 0.11230255, -0.02969992
0.70708334, 0.69048131, 0.15231788
0.39968693, 0.72601652
0.00673709, 0.11110886, -0.02428872
0.56398207, 0.74324781, 0.35981321
0.39525664, 0.74609995
-0.0, 0.15362976, -0.02428872
0.0, 0.70708334, 0.70708334
0.59575987, 0.74609995
0.00673709, 0.15362976, -0.03695527
0.73186439, 0.65611744, -0.1839961
0.57075542, 0.69908854
-0.0, 0.15362976, -0.04406263
0.0, 0.70708334, -0.70708334
0.59575981, 0.67270991
0.00775226, 0.018609, -0.02324028
0.65749079, -0.75344098, 3.052e-05
0.05194706, 0.74999124
0.00775226, 0.02018277, -0.02969992
0.70708334, -0.68700218, -0.16736351
0.05778807, 0.72601652
0.00775226, 0.02486627, -0.0158729
0.70708334, -0.29319131, 0.64342171
0.07517067, 0.77733493
-0.0, 0.15362976, -0.04406263
0.0, 0.70708334, -0.70708334
0.55338836, 0.6485132
-0.0, 0.14418565, -0.01877214
0.0, 0.59764397, 0.80175173
0.51801974, 0.77517015
0.00293063, 0.10989192, -0.01877214
0.38520461, 0.32123783, 0.86507767
0.39074004, 0.7665745
-0.0, 0.06895923, -0.0158729
0.0, 0.61976987, 0.78475296
0.25899082, 0.77733493
-0.0, 0.05495102, 0.04293238
0.0, 0.61976987, 0.78475296
0.21254107, 0.99558842
0.00775226, 0.06895923, -0.0158729
0.87600327, 0.29886776, 0.37842953
0.23881993, 0.77733493
0.00775226, 0.05495102, 0.04293238
0.59062469, 0.50010681, 0.63322854
0.18682905, 0.99558842
0.00775226, 0.0272319, 0.00461925
0.69521165, -0.68895537, -0.20487076
0.08395061, 0.85339081
0.00775225, 0.01984747, -0.01815996
0.62071598, -0.60408336, 0.4997406
0.05654359, 0.76884669
-0.0, 0.018609, -0.02324028
0.0, -1.0, 6.104e-05
0.0222528, 0.74999124
-0.0, 0.01968166, 0.03609303
0.0, -0.99688709, 0.07879879
0.02905992, 0.97020447
0.00775226, 0.01968166, 0.03609303
0.64366591, -0.76290172, 0.06030457
0.0559282, 0.97020447
-0.0, 0.03318958, -0.01208001
0.0, -0.92095709, 0.38966033
0.07861391, 0.79141223
0.00775226, 0.03318958, -0.01208001
0.89440596, -0.41184729, 0.17423017
0.10606232, 0.79141223
-0.0, 0.02486627, -0.0158729
0.0, -0.414655, 0.9099704
0.05578163, 0.77733493
-0.0, 0.02251894, 0.04293238
0.0, -0.5553453, 0.83159888
0.03450301, 0.99558842
0.00775226, 0.02251894, 0.04293238
0.60087895, -0.44389173, 0.66472363
0.06645861, 0.99558842
-0.0, 0.0272319, 0.00461925
0.0, -0.95849484, -0.28504288
0.06093353, 0.84730363
0.00775226, 0.02195041, -0.0369553
0.7205115, -0.65037996, -0.24039429
0.06434855, 0.69908857
-0.0, 0.02368199, -0.04406263
0.0, -0.61775565, -0.78633994
0.04134014, 0.67270994
0.00499826, 0.09802704, -0.00153732
0.87295145, -0.32352671, -0.36500138
0.40061015, 0.8305409
0.00499824, 0.07838333, 0.00334601
0.69682914, 0.03317362, 0.71645254
0.32770342, 0.84866524
0.00499826, 0.07812315, -0.0001643
0.7149266, -0.02404859, -0.69875181
0.32673773, 0.83563685
0.00499824, 0.06618998, -0.00424785
0.60695213, 0.45197913, -0.65367597
0.28244823, 0.82048088
-0.0, 0.07209577, -0.0001643
0.0, 0.29786065, -0.95458847
0.3104409, 0.81838644
0.00499825, 0.07209577, -0.0001643
0.78069401, 0.18613239, -0.59651476
0.30436727, 0.83563685
0.00499824, 0.09570481, -0.0158729
0.48716697, -0.67101049, 0.55888546
0.39199141, 0.77733493
-0.0, 0.09982455, -0.01092658
0.0, -0.96823025, 0.24997711
0.39200315, 0.80032885
-0.0, 0.09570481, -0.0158729
0.0, -0.76836449, 0.63997316
0.38085726, 0.78598922
0.00499824, 0.10042989, 0.0012986
0.59337139, 0.54222238, 0.59486681
0.40952829, 0.8410663
-0.0, 0.07838333, 0.00334601
0.0, 0.04626606, 0.99890131
0.32981151, 0.87023741
-0.0, 0.06438103, 0.00334602
0.0, 0.0, 1.0
0.27507168, 0.86859572
0.00499824, 0.06438103, 0.00334602
0.6481216, 0.0, 0.76149786
0.27573436, 0.84866524
0.00499824, 0.10364591, -0.0158729
0.66151923, 0.73708302, 0.13803522
0.42146444, 0.77733493
-0.0, 0.10042989, 0.0012986
0.0, 0.67363507, 0.7390362
0.42122543, 0.85389483
-0.0, 0.07812315, -0.0001643
0.0, -0.03442488, -0.99938965
0.32785645, 0.8202492
0.00499824, 0.09982455, -0.01092658
0.81710255, -0.55818355, 0.1441084
0.40728152, 0.79569304
-0.0, 0.09802704, -0.00153732
0.0, -0.66331983, -0.74831384
0.39027014, 0.81970716
0.00124613, 0.15009105, -0.04720296
0.60402232, 0.67275, -0.4272286
0.53993738, 0.61888936
0.00124613, 0.14172193, -0.04406263
0.58723718, -0.73531294, -0.33823663
0.50887573, 0.63054457
0.00124613, 0.14439712, -0.04987814
0.57692188, -0.28022096, -0.76720482
0.51880455, 0.60896057
0.00581213, 0.02770099, -0.0497261
0.58882409, -0.35541856, -0.72591329
0.0856916, 0.60952482
0.00581213, 0.04044319, -0.04406263
0.70708334, 0.70708334, 0.0
0.13298382, 0.63054457
0.00581213, 0.02508999, -0.04406263
0.58693194, -0.73522139, -0.33893856
0.07600095, 0.63054457
0.00292219, 0.15362976, -0.04406263
0.40763572, 0.60774559, -0.68147832
0.55307114, 0.67270994
0.00673709, 0.15362976, -0.03695527
0.73186439, 0.65611744, -0.1839961
0.55307114, 0.69908857
-0.0, 0.04044319, -0.04676695
0.0, 0.78298289, -0.62199771
0.13298382, 0.59940341
0.00581213, 0.04044319, -0.04676695
0.590289, 0.63200784, -0.50206
0.13298382, 0.6205076
-0.0, 0.04044319, -0.04406263
0.0, 1.0, 0.0
0.14685369, 0.60787562
-0.0, 0.02770099, -0.0497261
0.0, -0.43974119, -0.89809871
0.0856916, 0.5865134
-0.0, 0.15009105, -0.04720296
0.0, 0.84414196, -0.53605759
0.54497576, 0.61491022
-0.0, 0.15009105, -0.04406263
0.0, 1.0, 0.0
0.54646868, 0.63042301
0.00124613, 0.15009105, -0.04406263
0.70708334, 0.70708334, 0.0
0.53993738, 0.63054457
-0.0, 0.14439712, -0.04987814
0.0, -0.34308907, -0.93929869
0.51687133, 0.60393697
0.00775226, 0.11390305, -0.03695527
0.63313699, 0.73986024, -0.22733238
0.40562704, 0.69908857
-0.0, 0.10989192, -0.01877214
0.0, 0.26664022, 0.9637745
0.39074004, 0.2248491
-0.00775226, 0.10505329, -0.0158729
-0.65172279, 0.20221564, 0.73097932
0.37278169, 0.22268432
-0.0, 0.10505329, -0.0158729
0.0, 0.26664022, 0.9637745
0.37278169, 0.22268432
-0.00292219, 0.10772737, -0.04406263
-0.13370159, 0.14804529, -0.97988832
0.38270637, 0.32730931
-0.0, 0.02368199, -0.04406263
0.0, -0.61775565, -0.78633994
0.07077524, 0.35150605
-0.00581213, 0.02368199, -0.04406263
-0.49507126, -0.50645465, -0.70595413
0.07077524, 0.32730931
-0.00673709, 0.15362976, -0.02969992
-0.71770376, 0.69600511, 0.02050844
0.55307114, 0.27400273
-0.00673709, 0.11230255, -0.02969992
-0.70213932, 0.69417399, 0.15842158
0.39968693, 0.27400273
-0.00593461, 0.14582995, -0.02428872
-0.8051393, 0.19129002, 0.56132692
0.52412248, 0.2539193
-0.0, 0.14582995, -0.02428872
0.0, 0.59761345, 0.80175173
0.52412248, 0.24136692
-0.00293063, 0.14418565, -0.01877214
-0.39912108, 0.50190741, 0.76729637
0.51801974, 0.23344475
-0.0, 0.14418565, -0.01877214
0.0, 0.59764397, 0.80175173
0.51801974, 0.2248491
-0.0, 0.15362976, -0.02428872
0.0, 0.70708334, 0.70708334
0.55307114, 0.24136692
-0.00673709, 0.11390305, -0.03695527
-0.7199927, 0.57832575, -0.38352612
0.40562704, 0.6990886
-0.00581213, 0.10772737, -0.04406263
-0.5204016, 0.31843013, -0.79229105
0.38270637, 0.67270991
-0.00775226, 0.11390305, -0.03695527
-0.63313699, 0.73986024, -0.22733238
0.40562704, 0.69908854
-0.00673709, 0.11110886, -0.02428872
-0.56398207, 0.74324781, 0.35981321
0.39525664, 0.2539193
-0.00775226, 0.11230255, -0.02969992
-0.70708334, 0.69048131, 0.15231788
0.39968693, 0.27400273
-0.00775226, 0.10989192, -0.01877214
-0.6279183, 0.63158053, 0.45475632
0.39074004, 0.23344475
-0.00673709, 0.15362976, -0.03695527
-0.73186439, 0.65611744, -0.1839961
0.57075542, 0.69908854
-0.00673709, 0.15362976, -0.02969992
-0.71770376, 0.69600511, 0.02050844
0.57075542, 0.72601655
-0.00775226, 0.02018277, -0.02969992
-0.70708334, -0.68700218, -0.16736351
0.05778807, 0.27400273
-0.00775226, 0.02486627, -0.0158729
-0.70708334, -0.29319131, 0.64342171
0.07517067, 0.22268432
-0.00775226, 0.06895923, -0.0158729
-0.87600327, 0.29886776, 0.37842953
0.23881993, 0.22268432
-0.0, 0.15362976, -0.04406263
0.0, 0.70708334, -0.70708334
0.55338836, 0.35150605
-0.0, 0.10772737, -0.04406263
0.0, 0.0, -1.0
0.38634342, 0.35150605
-0.00293063, 0.10989192, -0.01877214
-0.38520461, 0.32123783, 0.86507767
0.39074004, 0.23344475
-0.0, 0.06895923, -0.0158729
0.0, 0.61976987, 0.78475296
0.25899082, 0.22268432
-0.0, 0.05495102, 0.04293238
0.0, 0.61976987, 0.78475296
0.21254107, 0.00443083
-0.00775226, 0.0272319, 0.00461925
-0.69521165, -0.68895537, -0.20487076
0.08395061, 0.14662844
-0.00775226, 0.01968166, 0.03609303
-0.64366591, -0.76290172, 0.06030457
0.0559282, 0.02981478
-0.00775226, 0.05495102, 0.04293238
-0.59062469, 0.50010681, 0.63322854
0.18682905, 0.00443083
-0.00775225, 0.01984747, -0.01815996
-0.62071598, -0.60408336, 0.4997406
0.05654359, 0.23117256
-0.0, 0.018609, -0.02324028
0.0, -1.0, 6.104e-05
0.0222528, 0.25002801
-0.0, 0.01984747, -0.01815996
0.0, -0.77050078, 0.63740957
0.03453529, 0.23117256
-0.0, 0.01968166, 0.03609303
0.0, -0.99688709, 0.07879879
0.02905992, 0.02981478
-0.0, 0.03318958, -0.01208001
0.0, -0.92095709, 0.38966033
0.07861391, 0.20860702
-0.00775226, 0.03318958, -0.01208001
-0.89440596, -0.41184729, 0.17423017
0.10606232, 0.20860702
-0.0, 0.02486627, -0.0158729
0.0, -0.414655, 0.9099704
0.05578163, 0.22268432
-0.0, 0.02251894, 0.04293238
0.0, -0.5553453, 0.83159888
0.03450301, 0.00443083
-0.00775226, 0.02251894, 0.04293238
-0.60087895, -0.44389173, 0.66472363
0.06645861, 0.00443083
-0.0, 0.0272319, 0.00461925
0.0, -0.95849484, -0.28504288
0.06093353, 0.15271562
-0.00775226, 0.02195041, -0.0369553
-0.7205115, -0.65037996, -0.24039429
0.06434855, 0.30093068
-0.0, 0.02368199, -0.04406263
0.0, -0.61775565, -0.78633994
0.04134014, 0.32730931
-0.00499824, 0.10042989, 0.0012986
-0.59337139, 0.54222238, 0.59486681
0.40952829, 0.15895295
-0.00499826, 0.09802704, -0.00153732
-0.87295145, -0.32352671, -0.36500138
0.40061015, 0.16947836
-0.00499824, 0.07838333, 0.00334601
-0.69682914, 0.03317362, 0.71645254
0.32770342, 0.15135401
-0.0, 0.07209577, -0.0001643
0.0, 0.29786065, -0.95458847
0.3104409, 0.18163282
-0.00499824, 0.06618998, -0.00424785
-0.60695213, 0.45197913, -0.65367597
0.28244823, 0.17953837
-0.00499825, 0.07209577, -0.0001643
-0.78069401, 0.18613239, -0.59651476
0.30436727, 0.1643824
-0.00499824, 0.09570481, -0.0158729
-0.48716697, -0.67101049, 0.55888546
0.39199141, 0.22268432
-0.0, 0.09982455, -0.01092658
0.0, -0.96823025, 0.24997711
0.39200315, 0.1996904
-0.00499824, 0.09982455, -0.01092658
-0.81710255, -0.55818355, 0.1441084
0.40728152, 0.20432621
-0.0, 0.07838333, 0.00334601
0.0, 0.04626606, 0.99890131
0.32981151, 0.12978184
-0.0, 0.06438103, 0.00334602
0.0, 0.0, 1.0
0.27507168, 0.13142353
-0.00499824, 0.06438103, 0.00334602
-0.6481216, 0.0, 0.76149786
0.27573436, 0.15135401
-0.0, 0.10042989, 0.0012986
0.0, 0.67363507, 0.7390362
0.42122543, 0.14612442
-0.00499824, 0.10364591, -0.0158729
-0.66151923, 0.73708302, 0.13803522
0.42146444, 0.22268432
-0.0, 0.07812315, -0.0001643
0.0, -0.03442488, -0.99938965
0.32785645, 0.17977005
-0.00499826, 0.07812315, -0.0001643
-0.7149266, -0.02404859, -0.69875181
0.32673773, 0.1643824
-0.0, 0.09802704, -0.00153732
0.0, -0.66331983, -0.74831384
0.39027014, 0.1803121
-0.00124613, 0.14172193, -0.04406263
-0.58723718, -0.73531294, -0.33823663
0.50887573, 0.63054457
-0.00124613, 0.15009105, -0.04720296
-0.60402232, 0.67275, -0.4272286
0.53993738, 0.61888936
-0.00124613, 0.14439712, -0.04987814
-0.57692188, -0.28022096, -0.76720482
0.51880455, 0.60896057
-0.00581213, 0.02770099, -0.0497261
-0.58882409, -0.35541856, -0.72591329
0.0856916, 0.60952482
-0.00581213, 0.04044319, -0.04406263
-0.70708334, 0.70708334, 0.0
0.13298382, 0.63054457
-0.00581213, 0.04044319, -0.04676695
-0.590289, 0.63200784, -0.50206
0.13298382, 0.6205076
-0.00673709, 0.11390305, -0.03695527
-0.7199927, 0.57832575, -0.38352612
0.40562704, 0.30093068
-0.00292219, 0.15362976, -0.04406263
-0.40763572, 0.60774559, -0.68147832
0.55307114, 0.32730931
-0.00581213, 0.02508999, -0.04406263
-0.58693194, -0.73522139, -0.33893856
0.07600095, 0.63054457
-0.00124613, 0.15009105, -0.04406263
-0.70708334, 0.70708334, 0.0
0.53993738, 0.63054457
-0.00775226, 0.11390305, -0.03695527
-0.63313699, 0.73986024, -0.22733238
0.40562704, 0.30093068
-0.00581213, 0.10772737, -0.04406263
-0.5204016, 0.31843013, -0.79229105
0.38270637, 0.32730931
0.00775226, 0.10989192, -0.01877214
0.6279183, 0.63158053, 0.45475632
0.39074004, 0.7665745
0.00581213, 0.02368199, -0.04406263
0.49507126, -0.50645465, -0.70595413
0.07077524, 0.67270994
0.00673709, 0.15362976, -0.02428872
0.6088748, 0.54945523, 0.5721305
0.55307114, 0.74609995
0.00292219, 0.15362976, -0.04406263
0.40763572, 0.60774559, -0.68147832
0.58491427, 0.67270991
0.00673709, 0.15362976, -0.02428872
0.6088748, 0.54945523, 0.5721305
0.57075542, 0.74609995
0.00673709, 0.15362976, -0.02969992
0.71770376, 0.69600511, 0.02050844
0.57075542, 0.72601655
-0.0, 0.01984747, -0.01815996
0.0, -0.77050078, 0.63740957
0.03453529, 0.76884669
-0.0, 0.06618998, -0.00424785
0.0, 0.56871241, -0.82250434
0.29060331, 0.80667144
-0.0, 0.10364591, -0.0158729
0.0, 0.98290962, 0.18405713
0.44169304, 0.78319073
-0.0, 0.02508999, -0.04406263
0.0, -0.90810877, -0.41865292
0.07600095, 0.60872999
-0.0, 0.14172193, -0.04406263
0.0, -0.90847498, -0.41788995
0.50417715, 0.62807339
-0.00673709, 0.15362976, -0.02428872
-0.6088748, 0.54945523, 0.5721305
0.55307114, 0.2539193
-0.00292219, 0.10772737, -0.04406263
-0.13370159, 0.14804529, -0.97988832
0.38270637, 0.67270991
-0.00292219, 0.15362976, -0.04406263
-0.40763572, 0.60774559, -0.68147832
0.58491427, 0.67270991
-0.00673709, 0.15362976, -0.02428872
-0.6088748, 0.54945523, 0.5721305
0.57075542, 0.74609995
-0.00775226, 0.018609, -0.02324028
-0.65749079, -0.75344098, 3.052e-05
0.05194706, 0.25002801
-0.0, 0.06618998, -0.00424785
0.0, 0.56871241, -0.82250434
0.29060331, 0.19334781
-0.0, 0.09570481, -0.0158729
0.0, -0.76836449, 0.63997316
0.38085726, 0.21403003
-0.0, 0.10364591, -0.0158729
0.0, 0.98290962, 0.18405713
0.44169304, 0.21682853
-0.00673709, 0.15362976, -0.03695527
-0.73186439, 0.65611744, -0.1839961
0.55307114, 0.30093068
# Number of Faces:
220
# Face Data:
0, 1, 2
3, 4, 5
6, 7, 8
9, 10, 8
8, 11, 9
12, 13, 5
14, 6, 15
16, 17, 18
19, 20, 21
22, 5, 4
23, 24, 10
25, 0, 2
26, 27, 25
28, 29, 27
30, 31, 19
32, 29, 33
34, 21, 35
36, 30, 21
37, 33, 38
39, 35, 29
40, 31, 41
28, 37, 38
15, 10, 24
42, 43, 44
45, 46, 47
48, 49, 50
51, 52, 43
43, 53, 54
55, 56, 51
47, 57, 44
58, 59, 49
44, 59, 42
60, 61, 62
63, 64, 65
12, 66, 67
63, 68, 69
69, 70, 64
65, 71, 63
62, 72, 60
60, 73, 74
61, 75, 62
40, 14, 20
76, 6, 14
12, 7, 6
40, 13, 76
77, 78, 79
80, 81, 82
83, 84, 85
86, 87, 88
89, 85, 86
90, 91, 92
93, 94, 95
96, 97, 16
98, 99, 100
80, 101, 102
103, 88, 87
78, 104, 79
100, 105, 104
106, 107, 108
109, 110, 111
106, 112, 107
99, 113, 114
109, 115, 99
107, 116, 117
114, 118, 106
110, 119, 120
116, 108, 117
93, 87, 85
121, 122, 123
124, 125, 126
127, 128, 129
130, 121, 123
131, 123, 132
133, 134, 121
135, 126, 136
129, 137, 122
137, 136, 122
138, 139, 140
141, 142, 143
144, 145, 80
68, 141, 143
70, 143, 142
71, 146, 141
72, 140, 139
73, 139, 147
75, 138, 140
94, 119, 98
84, 148, 94
83, 144, 84
119, 149, 82
0, 150, 1
5, 13, 151
151, 3, 5
152, 8, 7
15, 6, 8
9, 23, 10
8, 152, 11
12, 76, 13
15, 24, 150
150, 14, 15
153, 18, 17
16, 154, 155
155, 17, 16
150, 0, 14
27, 21, 20
30, 19, 21
20, 14, 27
0, 27, 14
22, 66, 5
23, 1, 24
25, 27, 0
26, 28, 27
27, 29, 35
38, 33, 28
35, 21, 27
33, 29, 28
30, 156, 31
32, 39, 29
34, 36, 21
36, 156, 30
37, 32, 33
39, 34, 35
31, 40, 20
151, 40, 41
20, 19, 31
28, 26, 37
15, 8, 10
58, 48, 55
51, 43, 42
54, 45, 47
54, 47, 43
58, 55, 51
47, 44, 43
42, 58, 51
45, 157, 46
48, 58, 49
51, 56, 52
43, 52, 53
55, 158, 56
47, 46, 57
58, 42, 59
44, 57, 59
60, 74, 61
63, 69, 64
12, 5, 66
63, 71, 68
69, 68, 70
65, 159, 71
62, 75, 72
60, 72, 73
61, 160, 75
40, 76, 14
76, 12, 6
12, 67, 7
40, 151, 13
77, 95, 78
82, 149, 80
80, 102, 81
93, 85, 84
161, 83, 85
86, 85, 87
89, 161, 85
90, 162, 91
95, 103, 93
93, 84, 94
16, 18, 96
163, 96, 18
97, 164, 16
100, 78, 94
95, 94, 78
98, 165, 99
109, 99, 165
100, 94, 98
80, 145, 101
103, 77, 88
78, 100, 104
100, 108, 105
100, 99, 114
114, 106, 100
107, 117, 108
108, 100, 106
109, 165, 110
106, 118, 112
99, 115, 113
109, 111, 115
107, 112, 116
114, 113, 118
82, 120, 119
110, 165, 98
98, 119, 110
116, 105, 108
93, 103, 87
126, 125, 132
132, 123, 126
134, 127, 129
134, 129, 121
126, 123, 136
136, 123, 122
121, 129, 122
124, 166, 125
127, 167, 128
130, 133, 121
131, 130, 123
133, 168, 134
135, 124, 126
129, 128, 137
137, 135, 136
138, 147, 139
141, 146, 142
144, 169, 145
68, 71, 141
70, 68, 143
71, 159, 146
72, 75, 140
73, 72, 139
75, 160, 138
94, 148, 119
84, 144, 148
83, 169, 144
119, 148, 149
