# Project Zomboid Skinned Mesh
# File Version:
1.0
# Model Name:
Cube
# Vertex Stride Element Count:
3
# Vertex Stride Size (in bytes):
76
# Vertex Stride Data:
# (Int)    Offset
# (String) Type
0
VertexArray
12
NormalArray
24
TextureCoordArray
# Vertex Count:
169
# Vertex Buffer:
0.007012, 0.1908704, -0.0247987
0.72856838, 0.67741936, 0.1010773
0.61170268, 0.65508306
0.007012, 0.14279231, -0.04072755
0.76616716, 0.0, -0.64259773
0.49804145, 0.5960117
0.007012, 0.1908704, -0.04072755
0.62022769, 0.58708459, -0.52018797
0.61170268, 0.5960117
0.00528385, 0.1908704, -0.01869187
0.48558, 0.59324932, 0.64204842
0.61170268, 0.68201959
0.007012, 0.14279231, -0.0247987
0.99578846, 0.0, 0.09152501
0.49804145, 0.65508306
0.007012, 0.03137728, -0.00618426
0.83916748, -0.53733939, 0.08365124
0.11562337, 0.7641262
0.007012, 0.07343072, -0.01695938
0.87780386, 0.29953918, 0.37372968
0.27314377, 0.71659836
0.00701203, 0.06527225, 0.00041375
0.87002164, 0.2963042, 0.39396343
0.23715773, 0.79322927
-0.0, 0.1908704, -0.0247987
0.0, 1.0, 0.0
0.83010685, 0.83468682
0.00528385, 0.1908704, -0.01869187
0.48558, 0.59324932, 0.64204842
0.80981839, 0.86162341
0.007012, 0.1908704, -0.0247987
0.72856838, 0.67741936, 0.1010773
0.80318272, 0.83468682
-0.0, 0.1908704, -0.01869187
0.0, 0.70708334, 0.70708334
0.61170274, 0.6885277
0.00528385, 0.14279231, -0.01869181
0.60319835, 0.0, 0.79757071
0.49804151, 0.68201995
-0.0, 0.03379057, -0.04196715
0.0, -0.57417524, -0.81868953
0.12626806, 0.56853816
0.007012, 0.10455708, -0.04072755
0.76616716, 0.0, -0.64259773
0.38404009, 0.5960117
0.007012, 0.03343645, -0.04072755
0.6272164, -0.51811272, -0.58146918
0.12470591, 0.5960117
0.007012, 0.1908704, -0.04072755
0.62022769, 0.58708459, -0.52018797
0.80318272, 0.77561545
-0.0, 0.02961007, -0.02479873
0.0, -0.97213662, -0.23432112
0.08194019, 0.64768636
0.007012, 0.02961007, -0.02479873
0.6476028, -0.74086732, -0.17795342
0.10782839, 0.655083
-0.0, 0.14279231, -0.01695938
0.0, 0.70708334, 0.70708334
0.49804151, 0.73623851
0.00313325, 0.10455708, -0.01695938
0.15115818, 0.20722067, 0.9665212
0.38404015, 0.71659839
0.007012, 0.14279231, -0.01695938
0.57734919, 0.57734919, 0.57734919
0.49804151, 0.71659839
-0.0, 0.06527225, 0.00041375
0.0, 0.60106206, 0.7991882
0.25201908, 0.8128306
0.007012, 0.05387093, 0.03989621
0.58638263, 0.44773704, 0.67500842
0.18686767, 0.96738202
-0.0, 0.08928619, 0.00334971
0.0, 0.16766869, 0.98583943
0.34684065, 0.80502151
0.00313327, 0.06955425, 0.00041375
0.27683339, 0.24042481, 0.93032622
0.25604501, 0.79322927
0.00313325, 0.08928619, 0.00334971
0.64333016, 0.12836085, 0.75472271
0.34557095, 0.79322927
-0.0, 0.09997513, -0.00227851
0.0, 0.85610521, 0.51673943
0.37137651, 0.77520713
0.00313325, 0.09997513, -0.00227851
0.60719627, 0.68022704, 0.4105655
0.36382973, 0.7693999
-0.0, 0.0215746, -0.01830057
0.0, -0.99444562, -0.10507523
0.04813588, 0.70574236
0.007012, 0.02961007, -0.02479873
0.84298229, -0.33823663, -0.41825616
0.10782839, 0.68201989
0.007012, 0.0215746, -0.01830057
0.57731867, -0.81197548, -0.08578753
0.07238466, 0.71068251
-0.0, 0.01522535, 0.03530398
0.0, -0.85735649, 0.51466417
0.01497452, 0.96430615
0.007012, 0.01522535, 0.03530398
0.56517226, -0.70729697, 0.42457351
0.04437899, 0.94712627
-0.0, 0.03137728, -0.00618426
0.0, -0.98806727, 0.15384381
0.0820674, 0.76931614
-0.0, 0.09997513, -0.01128662
0.0, 0.94283885, 0.33320108
0.37003666, 0.74659008
0.00313325, 0.09997513, -0.01128662
0.79030734, 0.57765436, 0.20413831
0.36382973, 0.7416203
-0.0, 0.05387093, 0.03989621
0.0, 0.55278176, 0.83330792
0.20357805, 0.99297741
-0.0, 0.14279231, -0.0247987
0.0, 1.0, 0.0
0.49804145, 0.68201995
0.007012, 0.14279231, -0.0247987
0.70708334, 0.70708334, 0.0
0.49804145, 0.68201995
0.00701203, 0.06955425, 0.00041375
0.5897702, 0.50502032, 0.63014621
0.25604501, 0.79322925
0.00313327, 0.06995667, -0.00138982
0.31641591, 0.94311351, -0.10180975
0.2578201, 0.78527394
0.00313325, 0.09211895, -0.01695938
0.126957, -0.18070009, 0.97527999
0.3291769, 0.71659839
0.007012, 0.10455708, -0.01695938
0.70708334, 0.0, 0.70708334
0.38404015, 0.71659839
0.00313331, 0.09806912, -0.0031101
0.8509171, -0.44199958, -0.2837306
0.35542247, 0.76573195
-0.0, 0.09806912, -0.0031101
0.0, -0.84154791, -0.54017764
0.34377438, 0.76030667
0.00313325, 0.09806912, -0.01128662
0.80730611, -0.542436, 0.2323069
0.35542247, 0.7416203
-0.0, 0.08790289, 0.00154615
0.0, -0.13324381, -0.99105805
0.33348641, 0.7723323
0.00313331, 0.08790289, 0.00154615
0.77898496, -0.08355968, -0.62141788
0.33946934, 0.78527395
-0.0, 0.09806912, -0.01128662
0.0, -0.91921753, 0.39365825
0.34243777, 0.74368101
-0.0, 0.09211895, -0.01695938
0.0, -0.3716239, 0.92837304
0.32169992, 0.72803867
0.00313325, 0.07343072, -0.01695938
0.0, 0.62538528, 0.78029728
0.27314377, 0.71659839
-0.0, 0.06995667, -0.00138982
0.0, 0.82839441, -0.56010622
0.27580702, 0.76913422
-0.0, 0.10455708, -0.01695938
0.0, 0.43107393, 0.90231025
0.38404015, 0.73600665
0.00337843, 0.02675082, -0.01354123
0.61302531, -0.45200965, 0.64796901
0.85952348, 0.0584051
-0.0, 0.01515619, -0.02162965
0.0, -0.97024447, -0.24201179
0.77824652, 0.05596519
0.00337843, 0.01515619, -0.02162965
0.54554886, -0.81313515, -0.20282601
0.80162895, 0.04826868
0.00443173, 0.03495138, -0.04071796
0.70708334, -0.70708334, 0.0
0.87280411, 0.12453556
-0.0, 0.03495138, -0.04766673
0.0, -0.64824367, -0.7614063
0.88685161, 0.09486318
0.00443173, 0.03495138, -0.04766673
0.56938386, -0.5328837, -0.6259346
0.88685161, 0.11048818
0.00337843, 0.02932795, -0.02334175
0.60493791, -0.09549242, -0.79049045
0.84548849, 0.03111476
-0.0, 0.02932795, -0.02334175
0.0, -0.11993774, -0.9927671
0.83053404, 0.00668705
0.00208806, 0.01451402, -0.02327627
0.56389052, -0.72347176, 0.39820552
0.70242, 0.1133948
0.00208806, 0.01735954, -0.02958102
0.57905817, -0.30051577, -0.75786614
0.70978284, 0.06379408
0.00208806, 0.01904655, -0.02263503
0.69304484, -0.05536058, 0.7187109
0.73244298, 0.0864765
0.00208806, 0.03467282, -0.02242775
0.53929257, 0.82488477, 0.16937773
0.80136895, 0.08739078
-0.0, 0.01904655, -0.02263503
0.0, -0.07681509, 0.99703968
0.73720598, 0.10111773
-0.0, 0.01735954, -0.02958102
0.0, -0.36860254, -0.92956328
0.69800103, 0.04952943
-0.0, 0.03467282, -0.02242775
0.0, 0.97955263, 0.2011475
0.80136895, 0.07840639
-0.0, 0.01451402, -0.02327627
0.0, -0.87606436, 0.48216194
0.69329357, 0.1293602
0.00443173, 0.07794642, -0.04071796
0.10147405, 0.15869625, -0.98208565
0.90089911, 0.12453556
-0.0, 0.07794642, -0.04071796
0.0, 0.15952025, -0.9871822
0.90089911, 0.10891056
0.00148777, 0.18890399, -0.04163201
0.19541001, 0.30195013, -0.93304241
0.9711073, 0.11182272
0.00148777, 0.17831475, -0.04163201
0.44456312, -0.62968838, -0.63701284
0.93961215, 0.11182272
0.00148777, 0.18092655, -0.04421383
0.60673851, -0.18375194, -0.77333903
0.95573646, 0.10423774
-0.0, 0.18890399, -0.04163201
0.0, 0.30790123, -0.95138401
0.9711073, 0.10414684
-0.0, 0.18092655, -0.04421383
0.0, -0.2311777, -0.97289956
0.95573646, 0.09730411
-0.007012, 0.14279231, -0.04072755
-0.76616716, 0.0, -0.64259773
0.49804145, 0.40398848
-0.007012, 0.1908704, -0.0247987
-0.72856838, 0.67741936, 0.1010773
0.61170268, 0.34491712
-0.007012, 0.1908704, -0.04072755
-0.62022769, 0.58708459, -0.52018797
0.61170268, 0.40398848
-0.007012, 0.14279231, -0.0247987
-0.99578846, 0.0, 0.09152501
0.49804145, 0.34491712
-0.00528385, 0.1908704, -0.01869187
-0.48558, 0.59324932, 0.64204842
0.61170268, 0.31798059
-0.007012, 0.03137728, -0.00618426
-0.83916748, -0.53733939, 0.08365124
0.11562337, 0.235874
-0.007012, 0.07343072, -0.01695938
-0.87780386, 0.29953918, 0.37372968
0.27314377, 0.28340185
-0.007012, 0.02961007, -0.02479873
-0.84298229, -0.33823663, -0.41825616
0.10782839, 0.31798029
-0.00528385, 0.1908704, -0.01869187
-0.48558, 0.59324932, 0.64204842
0.85039544, 0.86162341
-0.007012, 0.1908704, -0.0247987
-0.72856838, 0.67741936, 0.1010773
0.85703111, 0.83468682
-0.00528385, 0.14279231, -0.01869181
-0.60319835, 0.0, 0.79757071
0.49804151, 0.31798023
-0.0, 0.1908704, -0.01869187
0.0, 0.70708334, 0.70708334
0.61170274, 0.31147248
-0.007012, 0.10455709, -0.04072755
-0.76616716, 0.0, -0.64259773
0.38404015, 0.40398848
-0.0, 0.03379057, -0.04196715
0.0, -0.57417524, -0.81868953
0.12626806, 0.43146205
-0.007012, 0.03343645, -0.04072755
-0.6272164, -0.51811272, -0.58146918
0.12470591, 0.40398848
-0.007012, 0.1908704, -0.04072755
-0.62022769, 0.58708459, -0.52018797
0.85703111, 0.77561545
-0.0, 0.1908704, -0.04196715
0.0, 0.66994232, -0.74239326
0.83010691, 0.7701478
-0.0, 0.02961007, -0.02479873
0.0, -0.97213662, -0.23432112
0.08194019, 0.35231382
-0.007012, 0.02961007, -0.02479873
-0.6476028, -0.74086732, -0.17795342
0.10782839, 0.34491718
-0.007012, 0.10455708, -0.01695938
-0.70708334, 0.0, 0.70708334
0.38404015, 0.28340179
-0.00313325, 0.10455708, -0.01695938
-0.15115818, 0.20722067, 0.9665212
0.38404015, 0.28340179
-0.007012, 0.14279231, -0.01695938
-0.57734919, 0.57734919, 0.57734919
0.49804151, 0.28340179
-0.007012, 0.05387093, 0.03989621
-0.58638263, 0.44773704, 0.67500842
0.18686767, 0.03261817
-0.0, 0.06527225, 0.00041375
0.0, 0.60106206, 0.7991882
0.25201908, 0.18716955
-0.00701203, 0.06527225, 0.00041375
-0.87002164, 0.2963042, 0.39396343
0.23715773, 0.2067709
-0.00313327, 0.06955425, 0.00041375
-0.27683339, 0.24042481, 0.93032622
0.25604501, 0.2067709
-0.0, 0.08928619, 0.00334971
0.0, 0.16766869, 0.98583943
0.34684065, 0.19497865
-0.00313325, 0.08928619, 0.00334971
-0.64333016, 0.12836085, 0.75472271
0.34557095, 0.2067709
-0.0, 0.09997513, -0.00227851
0.0, 0.85610521, 0.51673943
0.37137651, 0.22479308
-0.00313325, 0.09997513, -0.00227851
-0.60719627, 0.68022704, 0.4105655
0.36382973, 0.2306003
-0.0, 0.0215746, -0.01830057
0.0, -0.99444562, -0.10507523
0.04813587, 0.29425782
-0.007012, 0.0215746, -0.01830057
-0.57731867, -0.81197548, -0.08578753
0.07238466, 0.28931767
-0.0, 0.01522535, 0.03530398
0.0, -0.85735649, 0.51466417
0.01497453, 0.035694
-0.007012, 0.01522535, 0.03530398
-0.56517226, -0.70729697, 0.42457351
0.04437899, 0.05287391
-0.0, 0.03137728, -0.00618426
0.0, -0.98806727, 0.15384381
0.08206739, 0.23068404
-0.0, 0.09997513, -0.01128662
0.0, 0.94283885, 0.33320108
0.37003666, 0.2534101
-0.00313325, 0.09997513, -0.01128662
-0.79030734, 0.57765436, 0.20413831
0.36382973, 0.25837988
-0.0, 0.05387093, 0.03989621
0.0, 0.55278176, 0.83330792
0.20357805, 0.00702286
-0.0, 0.14279231, -0.0247987
0.0, 1.0, 0.0
0.49804145, 0.31798023
-0.007012, 0.14279231, -0.0247987
-0.70708334, 0.70708334, 0.0
0.49804145, 0.31798023
-0.00701203, 0.06955425, 0.00041375
-0.5897702, 0.50502032, 0.63014621
0.25604501, 0.2067709
-0.00313327, 0.06995667, -0.00138982
-0.31641591, 0.94311351, -0.10180975
0.2578201, 0.21472621
-0.00313325, 0.07343072, -0.01695938
0.0, 0.62538528, 0.78029728
0.27314377, 0.28340179
-0.00313325, 0.09211895, -0.01695938
-0.126957, -0.18070009, 0.97527999
0.3291769, 0.28340179
-0.00313331, 0.09806912, -0.0031101
-0.8509171, -0.44199958, -0.2837306
0.35542247, 0.23426825
-0.00313325, 0.09806912, -0.01128662
-0.80730611, -0.542436, 0.2323069
0.35542247, 0.25837988
-0.0, 0.09806912, -0.0031101
0.0, -0.84154791, -0.54017764
0.34377438, 0.23969352
-0.0, 0.08790289, 0.00154615
0.0, -0.13324381, -0.99105805
0.33348641, 0.22766787
-0.0, 0.06995667, -0.00138982
0.0, 0.82839441, -0.56010622
0.27580702, 0.23086596
-0.0, 0.09806912, -0.01128662
0.0, -0.91921753, 0.39365825
0.34243777, 0.25631917
-0.00313331, 0.08790289, 0.00154615
-0.77898496, -0.08355968, -0.62141788
0.33946934, 0.21472621
-0.0, 0.09211895, -0.01695938
0.0, -0.3716239, 0.92837304
0.32169992, 0.27196151
-0.0, 0.07343072, -0.01695938
0.0, 0.62538528, 0.78029728
0.28258997, 0.27090538
-0.0, 0.10455708, -0.01695938
0.0, 0.43107393, 0.90231025
0.38404015, 0.2639935
-0.00337843, 0.02675082, -0.01354123
-0.61302531, -0.45200965, 0.64796901
0.85952348, 0.0584051
-0.00337843, 0.01515619, -0.02162965
-0.54554886, -0.81313515, -0.20282601
0.80162895, 0.04826868
-0.00443173, 0.03495138, -0.04071796
-0.70708334, -0.70708334, 0.0
0.87280411, 0.12453556
-0.00443173, 0.03495138, -0.04766673
-0.56938386, -0.5328837, -0.6259346
0.88685161, 0.11048818
-0.00337843, 0.02932795, -0.02334175
-0.60493791, -0.09549242, -0.79049045
0.84548849, 0.03111476
-0.00208806, 0.01451402, -0.02327627
-0.56389052, -0.72347176, 0.39820552
0.70242, 0.1133948
-0.00208806, 0.01904655, -0.02263503
-0.69304484, -0.05536058, 0.7187109
0.73244298, 0.0864765
-0.00208806, 0.01735954, -0.02958102
-0.57905817, -0.30051577, -0.75786614
0.70978284, 0.06379408
-0.00208806, 0.03467282, -0.02242775
-0.53929257, 0.82488477, 0.16937773
0.80136895, 0.08739078
-0.00443173, 0.07794642, -0.04071796
-0.10147405, 0.15869625, -0.98208565
0.90089911, 0.12453556
-0.00148777, 0.18890399, -0.04163201
-0.19541001, 0.30195013, -0.93304241
0.9711073, 0.11182272
-0.00148777, 0.18092655, -0.04421383
-0.60673851, -0.18375194, -0.77333903
0.95573646, 0.10423774
-0.00148777, 0.17831475, -0.04163201
-0.44456312, -0.62968838, -0.63701284
0.93961215, 0.11182272
-0.0, 0.1908704, -0.04196715
0.0, 0.66994232, -0.74239326
0.61170268, 0.56853798
-0.0, 0.14279231, -0.04196715
0.0, 0.0, -1.0
0.49804148, 0.56853801
0.007012, 0.10455707, -0.02479871
1.0, 0.0, 0.0
0.38404009, 0.65508306
-0.0, 0.14279231, -0.04196715
0.0, 0.0, -1.0
0.49804148, 0.43146211
-0.007012, 0.1045571, -0.02479871
-1.0, 0.0, 0.0
0.38404015, 0.34491718
-0.0, 0.10455707, -0.04196715
0.0, 0.0, -1.0
0.38416398, 0.43146205
-0.007012, 0.1045571, -0.02479871
-1.0, 0.0, 0.0
0.38404015, 0.31798029
0.007012, 0.10455707, -0.02479871
1.0, 0.0, 0.0
0.38404009, 0.68201992
-0.0, 0.1908704, -0.01869187
0.0, 0.70708334, 0.70708334
0.83010685, 0.86162341
-0.0, 0.14279231, -0.01869181
0.0, 0.0, 1.0
0.49804157, 0.68852803
-0.0, 0.10455707, -0.04196715
0.0, 0.0, -1.0
0.38416398, 0.56853807
-0.0, 0.03379057, -0.04196715
0.0, -0.57417524, -0.81868953
0.10037988, 0.58314747
-0.0, 0.06955425, 0.00041375
0.0, -0.07376324, 0.99725336
0.25780725, 0.80524096
-0.0, 0.02961007, -0.02479873
0.0, -0.62880337, -0.77755058
0.08200136, 0.66201681
-0.0, 0.07343072, -0.01695938
0.0, 0.62538528, 0.78029728
0.28258997, 0.72909477
-0.0, 0.02675082, -0.01354123
0.0, -0.5721305, 0.82015443
0.85403311, 0.07762003
-0.0, 0.03495138, -0.04071796
0.0, -1.0, 0.0
0.87280411, 0.10891056
-0.0, 0.03467282, -0.02242775
0.0, 0.97955263, 0.2011475
0.80136895, 0.09305483
-0.0, 0.17831475, -0.04163201
0.0, -0.70299387, -0.71117282
0.93961215, 0.10496384
-0.0, 0.14279231, -0.01869181
0.0, 0.0, 1.0
0.49804157, 0.31147218
-0.0, 0.03379057, -0.04196715
0.0, -0.57417524, -0.81868953
0.10037987, 0.41685271
-0.0, 0.14279231, -0.01695938
0.0, 0.70708334, 0.70708334
0.49804151, 0.26376164
-0.0, 0.06955425, 0.00041375
0.0, -0.07376324, 0.99725336
0.25780725, 0.19475925
-0.0, 0.02961007, -0.02479873
0.0, -0.62880337, -0.77755058
0.08200134, 0.33798337
-0.0, 0.1908704, -0.04196715
0.0, 0.66994232, -0.74239326
0.61170268, 0.43146217
# Number of Faces:
218
# Face Data:
0, 1, 2
3, 4, 0
5, 6, 7
8, 9, 10
11, 12, 3
13, 14, 15
16, 8, 10
17, 15, 18
19, 20, 21
22, 23, 7
24, 25, 26
27, 26, 28
29, 30, 31
32, 5, 33
34, 31, 5
35, 28, 36
37, 33, 23
38, 21, 39
7, 40, 25
41, 40, 6
42, 6, 43
36, 28, 44
45, 46, 44
41, 47, 48
49, 42, 46
47, 44, 48
50, 51, 42
51, 52, 41
53, 36, 20
54, 55, 56
57, 58, 59
56, 60, 54
56, 61, 60
62, 63, 64
63, 65, 64
65, 66, 64
62, 67, 63
63, 68, 65
64, 69, 62
57, 59, 70
59, 71, 70
72, 73, 74
74, 75, 72
73, 76, 74
77, 78, 79
80, 81, 78
82, 83, 84
85, 8, 86
87, 88, 81
89, 90, 91
92, 8, 93
91, 94, 95
96, 97, 98
99, 100, 101
102, 103, 104
104, 105, 106
84, 107, 108
82, 109, 110
108, 111, 82
106, 112, 113
110, 114, 99
98, 115, 116
102, 101, 100
117, 102, 118
83, 119, 120
121, 104, 106
122, 123, 121
118, 124, 125
120, 126, 122
121, 124, 127
119, 128, 120
119, 125, 129
113, 130, 97
55, 131, 132
58, 133, 134
132, 131, 135
61, 132, 135
136, 137, 138
138, 137, 139
66, 139, 137
67, 136, 138
68, 138, 139
69, 137, 136
133, 140, 134
71, 134, 140
141, 142, 143
75, 142, 141
76, 143, 142
144, 1, 145
146, 1, 4
79, 147, 77
77, 148, 80
146, 15, 14
14, 145, 1
43, 39, 21
89, 147, 149
150, 98, 116
148, 91, 95
0, 4, 1
3, 12, 4
5, 31, 30
30, 151, 6
6, 40, 7
151, 43, 6
23, 33, 5
5, 30, 6
7, 23, 5
8, 152, 9
11, 153, 12
13, 154, 14
16, 93, 8
17, 155, 15
43, 21, 20
19, 53, 20
22, 37, 23
24, 156, 25
27, 24, 26
29, 157, 30
32, 34, 5
34, 29, 31
35, 27, 28
37, 32, 33
38, 19, 21
25, 156, 22
22, 7, 25
6, 51, 41
41, 25, 40
43, 20, 42
42, 51, 6
42, 20, 46
26, 25, 48
25, 41, 48
46, 20, 36
26, 48, 44
44, 46, 36
28, 26, 44
45, 49, 46
41, 52, 47
49, 50, 42
47, 45, 44
50, 158, 51
51, 158, 52
53, 35, 36
54, 159, 55
57, 160, 58
56, 55, 61
65, 161, 66
62, 69, 67
63, 67, 68
64, 66, 69
59, 58, 71
74, 76, 75
73, 162, 76
77, 80, 78
80, 87, 81
82, 110, 99
101, 117, 83
82, 99, 101
84, 108, 82
96, 150, 83
82, 101, 83
83, 150, 84
85, 152, 8
87, 163, 88
89, 149, 90
92, 86, 8
91, 164, 94
165, 98, 97
97, 130, 165
99, 114, 100
102, 166, 103
104, 103, 105
84, 167, 107
82, 111, 109
108, 107, 111
106, 105, 112
110, 109, 114
98, 165, 115
100, 166, 102
102, 117, 101
118, 119, 83
83, 117, 118
120, 97, 96
96, 83, 120
113, 97, 122
97, 120, 122
118, 102, 127
127, 102, 104
106, 113, 121
121, 127, 104
113, 122, 121
122, 126, 123
118, 127, 124
120, 128, 126
121, 123, 124
119, 129, 128
119, 118, 125
113, 112, 130
55, 159, 131
58, 160, 133
61, 55, 132
66, 161, 139
67, 69, 136
68, 67, 138
69, 66, 137
71, 58, 134
75, 76, 142
76, 162, 143
144, 2, 1
146, 14, 1
79, 168, 147
77, 89, 148
146, 18, 15
14, 154, 145
43, 151, 39
89, 77, 147
150, 96, 98
148, 89, 91
