# Project Zomboid Skinned Mesh
# File Version:
1.0
# Model Name:
Cube
# Vertex Stride Element Count:
3
# Vertex Stride Size (in bytes):
76
# Vertex Stride Data:
# (Int)    Offset
# (String) Type
0
VertexArray
12
NormalArray
24
TextureCoordArray
# Vertex Count:
286
# Vertex Buffer:
0.0, 0.06303457, -0.03282449
0.0, -0.18121891, -0.98342848
0.44056997, 0.70085233
0.00786133, 0.21656695, -0.03282449
0.6243782, 0.00427259, -0.78109074
0.71241015, 0.7201902
0.00786133, 0.06303457, -0.03282449
0.58067566, -0.12680441, -0.80416274
0.44056994, 0.7201902
0.0, 0.06303457, 0.01592613
0.0, -0.04046755, 0.99917603
0.44056997, 0.82649228
0.01129057, 0.19728941, 0.01592613
0.67699212, 0.1027253, 0.72875148
0.67827785, 0.8065066
0.0, 0.19728941, 0.01592613
0.0, 0.13959166, 0.99020356
0.67827785, 0.82638033
0.0, 0.02400068, -0.0179306
0.0, -0.19684438, -0.98040712
0.37145776, 0.72263309
0.00830774, 0.43332031, 6.691e-05
0.71086764, 0.02172918, 0.70296335
0.41826984, 0.25212443
0.0, 0.21656695, 0.01038054
0.0, 0.16309091, 0.98660237
0.03449252, 0.29026908
0.01129057, 0.21656695, 0.01038054
0.7352519, 0.11529893, 0.66786706
0.03449252, 0.27038538
0.01129057, 0.21656695, 0.01038054
0.7352519, 0.11529893, 0.66786706
0.71241015, 0.79668769
0.00830774, 0.44705203, 6.691e-05
0.57734919, 0.57734919, 0.57734919
0.44258317, 0.25212443
0.0, 0.43332031, 6.691e-05
0.0, 0.0237434, 0.99969482
0.41826984, 0.27083945
0.0, 0.21656695, -0.03282449
0.0, 0.0, -0.99996948
0.03449252, 0.17380422
0.00499938, 0.43332031, -0.03282449
0.62413406, 0.00408948, -0.78127384
0.41826984, 0.19388783
0.00786133, 0.21656695, -0.03282449
0.6243782, 0.00427259, -0.78109074
0.03449252, 0.19388783
0.00830774, 0.43332031, -0.01793059
0.99398786, 0.00668355, -0.10919522
0.41826984, 0.22025853
0.01129057, 0.21656695, -0.0179306
0.99356061, 0.00680563, -0.11282693
0.03449252, 0.22025847
0.01129057, -0.10560774, -0.01381102
0.57902765, -0.58555865, -0.56724751
0.14197683, 0.75385484
0.01129057, 0.02400068, -0.0179306
0.746086, -0.12472915, -0.65401167
0.37145776, 0.74656093
0.0, 0.02400068, 0.01275722
0.0, 0.11685538, 0.99313331
0.37145776, 0.82064372
0.01129057, 0.06303457, 0.01592613
0.69808036, -0.02896206, 0.71538436
0.44056997, 0.8065066
0.01129057, 0.02400068, 0.01275722
0.75420392, 0.07672353, 0.65211952
0.37145776, 0.80089581
0.01129057, 0.06303457, -0.0179306
0.99359113, 0.0, -0.11288796
0.44056994, 0.74656084
0.0, -0.10560774, 0.0737499
0.0, -0.70708334, 0.70708334
0.14197683, 0.93337721
0.01129057, -0.10560774, 0.0737499
0.57734919, -0.57734919, 0.57734919
0.14197683, 0.90888768
0.01129042, -0.01550424, 0.00187738
0.89480269, -0.32831812, 0.30249947
0.30151144, 0.7816323
0.01129042, -0.07363761, -0.00288463
0.78579056, 0.14734337, 0.60063481
0.19858211, 0.77320081
0.01129057, -0.08948282, 0.0737499
0.65245521, 0.19913328, 0.73116243
0.17052689, 0.90888771
0.0, -0.08948282, 0.07374993
0.0, 0.26276436, 0.96484268
0.17277262, 0.93492681
0.01129057, 0.00197678, 0.01994008
0.7322306, 0.27988526, 0.62083805
0.33246282, 0.81361358
0.0, 0.00197678, 0.01994008
0.0, 0.41096225, 0.91161841
0.339937, 0.83140716
0.00830774, 0.44705203, -0.01793059
0.72569966, 0.68333995, -0.07962279
0.44258317, 0.22025853
0.00499938, 0.44705203, -0.03282449
0.50535601, 0.58970916, -0.62993258
0.44258317, 0.19388783
0.0, 0.44705203, -0.03282449
0.0, 0.70708334, -0.70708334
0.44258317, 0.17536747
0.0, 0.43332031, -0.03282449
0.0, 0.0, -1.0
0.41826984, 0.17536747
0.00499938, 0.51344067, -0.01166806
0.54911953, -0.80416274, -0.22745445
0.75879878, 0.32974911
0.00207081, 0.44705203, -0.01459662
0.38267159, 0.0, -0.92385632
0.64125317, 0.32206154
0.00207081, 0.51344067, -0.01459662
0.22745445, -0.80416274, -0.54911953
0.75879878, 0.32206154
0.00689889, 0.54234928, -0.00673964
0.71727651, 0.63023776, 0.29709768
0.86183727, 0.33847511
0.00689889, 0.54234928, -0.01245486
0.71727651, 0.63023776, -0.29709768
0.86183727, 0.32835585
0.0, 0.54234928, -0.00269835
0.0, 0.70708334, 0.70708334
0.84962219, 0.34563053
0.00499938, 0.51344067, -0.00752643
0.54911953, -0.80416274, 0.22745445
0.75879878, 0.33708203
0.00499938, 0.44705203, -0.01166806
0.92385632, 0.0, -0.38267159
0.64125317, 0.32974911
0.0, 0.54234928, -0.01649613
0.0, 0.70708334, -0.70708334
0.80998373, 0.31694376
0.00285761, 0.51344067, -0.01649613
0.29709768, -0.63023776, -0.71727651
0.75879878, 0.32073927
0.0, 0.51344067, -0.01649613
0.0, -0.70708334, -0.70708334
0.75879878, 0.31694376
0.00207081, 0.51344067, -0.00459787
0.22745445, -0.80416274, 0.54911953
0.75879878, 0.3453086
0.00499938, 0.44705203, -0.00752643
0.92385632, 0.0, 0.38267159
0.64125317, 0.33708203
0.0, 0.51344067, -0.00459787
0.0, -0.70708334, 0.70708334
0.75879878, 0.3490988
0.00207081, 0.44705203, -0.00459787
0.38267159, 0.0, 0.92385632
0.64125317, 0.3453086
0.00285761, 0.54234928, -0.01649613
0.29709768, 0.63023776, -0.71727651
0.80998373, 0.32073927
0.00689889, 0.51344067, -0.01245486
0.71727651, -0.63023776, -0.29709768
0.75879878, 0.32835585
0.00689889, 0.51344067, -0.00673964
0.71727651, -0.63023776, 0.29709768
0.75879878, 0.33847511
0.00689889, 0.54234928, -0.00673964
0.71727651, 0.63023776, 0.29709768
0.80998373, 0.33847511
0.00285761, 0.51344067, -0.00269835
0.29709768, -0.63023776, 0.71727651
0.75879878, 0.3466236
0.00285761, 0.54234928, -0.00269835
0.29709768, 0.63023776, 0.71727651
0.80998373, 0.3466236
0.0, 0.51344067, -0.00269835
0.0, -0.70708334, 0.70711386
0.75879878, 0.35080671
0.0, 0.51344067, -0.01459662
0.0, -0.70708334, -0.70708334
0.75879878, 0.31856298
0.0, 0.44705203, -0.01459662
0.0, 0.0, -1.0
0.64125317, 0.31856298
0.00689889, 0.54234928, -0.01245486
0.71727651, 0.63023776, -0.29709768
0.80998373, 0.32835585
0.00786139, 0.199352, 0.0527431
0.72759181, 0.67030853, -0.14581744
0.94137329, 0.87361832
0.00786139, 0.16670871, 0.10586098
0.57756281, -0.40791041, 0.70711386
0.88357574, 0.96766722
0.00786139, 0.1538876, 0.0584739
0.69032866, -0.71071506, 0.13516648
0.86087519, 0.88376507
0.0078612, 0.13962525, 0.03454554
0.90450758, -0.30149236, -0.30152288
0.57617944, 0.89793393
0.00786137, 0.15031761, 0.03764202
0.69429606, 0.71855831, -0.03979614
0.59511101, 0.90341648
0.00786133, 0.10238688, 0.03764202
0.83495587, 0.26847133, 0.48033082
0.5102461, 0.90341642
0.00786133, 0.10625834, 0.01592613
0.70708334, 0.70708334, 0.0
0.51710087, 0.8649669
0.0, 0.10625834, 0.03454554
0.0, 0.70708334, -0.70708334
0.5256142, 0.89078468
0.00786133, 0.10625834, 0.03454554
0.90450758, 0.30149236, -0.30149236
0.51710087, 0.89793393
0.00786133, 0.14911461, 0.01592613
0.99957275, 0.00238044, 0.02856532
0.85242432, 0.80843119
0.0, 0.1538876, 0.0584739
0.0, -0.9823603, 0.18686484
0.84369606, 0.88706417
0.0, 0.14911461, 0.01592613
0.0, 0.08340709, 0.99649036
0.83817261, 0.80944537
0.0, 0.13962525, 0.03454554
0.0, -0.70708334, -0.70708334
0.56649983, 0.88796857
0.00786133, 0.04241968, 0.06551667
0.56276131, -0.79979855, 0.20880765
0.40406981, 0.9527705
0.0, 0.07358145, 0.02737563
0.0, -0.99850458, -0.05423139
0.44281518, 0.88125621
0.00786133, 0.07358145, 0.02737563
0.86645103, -0.49851984, -0.02706992
0.45924398, 0.88523909
0.00786133, 0.19470638, 0.01592613
0.73372602, 0.67409283, -0.08505508
0.93314773, 0.80843119
0.0, 0.199352, 0.0527431
0.0, 0.9771111, -0.21259193
0.95591658, 0.87015203
0.0, 0.13962525, 0.01592613
0.0, -1.0, 0.0
0.56813049, 0.8647991
0.00786133, 0.13962525, 0.01592613
0.70708334, -0.70708334, 0.0
0.57617939, 0.8649669
0.00786133, 0.07689626, 0.07908723
0.58717614, 0.25629443, 0.76778466
0.46511313, 0.97679812
0.0, 0.04241968, 0.06551667
0.0, -0.9675588, 0.25260171
0.38365936, 0.96032935
0.0, 0.21217313, 0.09376261
0.0, 0.87569809, 0.48283333
0.97866672, 0.94253102
0.00786139, 0.21217313, 0.09376261
0.57512128, 0.71636099, 0.39497054
0.96407384, 0.94624618
0.0, 0.07689626, 0.07908723
0.0, 0.31662953, 0.9485153
0.47061968, 0.99338755
0.0, 0.16670871, 0.10586098
0.0, -0.49967957, 0.86617631
0.86497402, 0.97316806
0.0, 0.10238688, 0.03764202
0.0, 0.48789942, 0.87289041
0.52340466, 0.91194475
0.0, 0.15031761, 0.03764202
0.0, 0.72637105, 0.68724632
0.60900873, 0.90264657
0.00786133, 0.14911461, 0.01592613
0.99957275, 0.00238044, 0.02856532
0.59298098, 0.8649669
0.0, 0.14911461, 0.01592613
0.0, 0.08340709, 0.99649036
0.60687876, 0.86419699
0.01129042, -0.08904206, 0.05312986
0.95571762, 0.15024263, -0.25296792
0.1713075, 0.87237847
0.01129055, -0.01550424, 0.01306993
0.84185308, -0.4639729, -0.27558213
0.30151144, 0.80144946
0.0, 0.0661376, 0.01592613
0.0, -0.83837396, 0.54506058
0.43839905, 0.86678401
0.00786133, 0.0661376, 0.01592613
0.53483689, -0.70836514, 0.46055484
0.44606417, 0.8649669
0.0, -0.08904206, 0.00683482
0.0, 0.87566757, 0.48289436
0.18808478, 0.80240649
0.01129042, -0.08904206, 0.00683482
0.83346051, 0.48387095, 0.26682332
0.17130759, 0.79040976
0.0, -0.01550424, 0.01306993
0.0, -0.85973692, -0.51069671
0.27714306, 0.79888952
0.0, -0.01550424, 0.00187738
0.0, -0.73540455, 0.67760247
0.27296621, 0.78852068
0.0, -0.07363761, -0.00288463
0.0, 0.23822749, 0.97119051
0.20526129, 0.78784783
0.00499938, 0.44525304, -0.05342914
0.57734919, 0.57734919, -0.57734919
0.43939778, 0.13117081
0.00499938, 0.43405989, -0.03282449
0.70708334, -0.70708334, 0.0
0.41957954, 0.1676529
0.00499938, 0.43405989, -0.05342914
0.57734919, -0.57734919, -0.57734919
0.41957954, 0.13117081
0.00786125, 0.08548116, -0.04351585
0.84868926, -0.28183845, -0.4474929
0.48031333, 0.67816496
0.0, 0.09067705, -0.0543662
0.0, -0.30005798, -0.95388651
0.48951307, 0.64419767
0.00786125, 0.09067705, -0.0543662
0.57383955, -0.24573503, -0.78118229
0.48951307, 0.6589537
0.00786133, 0.07705253, -0.03282449
0.70708334, -0.70708334, 0.0
0.46538979, 0.69709477
0.00786133, 0.07705253, -0.04351585
0.57734919, -0.57731867, -0.57734919
0.46538979, 0.67816496
0.00786133, 0.11391977, -0.04122349
0.60933256, 0.68486589, -0.3995178
0.53066587, 0.68222365
0.0, 0.11391977, -0.03282449
0.0, 1.0, 0.0
0.5525614, 0.69230235
0.00786133, 0.11391977, -0.03282449
0.70708334, 0.70708334, 0.0
0.53066587, 0.69709477
0.0, 0.07705253, -0.04351585
0.0, -0.70708334, -0.70708334
0.46538979, 0.67117253
0.0, 0.08548116, -0.04351585
0.0, -0.53294474, -0.84612566
0.48031333, 0.66393209
0.0, 0.11391977, -0.04122349
0.0, 0.86376536, -0.50386059
0.53066587, 0.66958946
0.0, 0.44525304, -0.05342914
0.0, 0.70708334, -0.70708334
0.43939778, 0.12225491
0.0, 0.43405989, -0.05342914
0.0, -0.70708334, -0.70708334
0.40956938, 0.13117081
0.0, 0.44525304, -0.03282449
0.0, 1.0, 0.0
0.44963297, 0.16765296
0.00499938, 0.44525304, -0.03282449
0.70708334, 0.70708334, 0.0
0.43939778, 0.16765296
0.00632002, 0.4510912, -0.02119389
0.71727651, 0.63023776, 0.29709768
0.49137861, 0.21593833
0.00632002, 0.4510912, -0.02642959
0.71727651, 0.63023776, -0.29709768
0.49137861, 0.20375264
0.0, 0.4510912, -0.01749172
0.0, 0.70708334, 0.70708334
0.47666916, 0.2245549
0.0, 0.4510912, -0.03013176
0.0, 0.70708334, -0.70708334
0.45198357, 0.18547404
0.00261784, 0.44705203, -0.03013176
0.38267159, 0.0, -0.92385632
0.44258317, 0.19156694
0.0, 0.44705203, -0.03013176
0.0, 0.0, -1.0
0.44258314, 0.18547416
0.00261784, 0.4510912, -0.03013176
0.29709768, 0.63026828, -0.71727651
0.45198357, 0.19156694
0.00632002, 0.44705203, -0.02642959
0.92385632, 0.0, -0.38267159
0.44258317, 0.20375264
0.00632002, 0.4510912, -0.02119389
0.71727651, 0.63023776, 0.29709768
0.45198357, 0.21593833
0.00261784, 0.44705203, -0.01749172
0.38267159, 0.0, 0.92385632
0.44258317, 0.22812402
0.00632002, 0.44705203, -0.02119389
0.92385632, 0.0, 0.38267159
0.44258317, 0.21593833
0.00261784, 0.4510912, -0.01749172
0.29709768, 0.63023776, 0.71727651
0.45198357, 0.22812402
0.0, 0.44705203, -0.01749172
0.0, 0.0, 1.0
0.44258317, 0.23421687
0.00632002, 0.4510912, -0.02642959
0.71727651, 0.63023776, -0.29709768
0.45198357, 0.20375264
-0.00786133, 0.21656695, -0.03282449
-0.6243782, 0.00427259, -0.78109074
0.71241015, 0.56000152
0.0, 0.06303457, -0.03282449
0.0, -0.18121891, -0.98342848
0.44056997, 0.57933939
-0.00786133, 0.06303457, -0.03282449
-0.58067566, -0.12680441, -0.80416274
0.44056994, 0.56000152
-0.01129057, 0.19728941, 0.01592613
-0.67699212, 0.1027253, 0.72875148
0.67827785, 0.47368515
0.0, 0.06303457, 0.01592613
0.0, -0.04046755, 0.99917603
0.44056997, 0.45369941
0.0, 0.19728941, 0.01592613
0.0, 0.13959166, 0.99020356
0.67827785, 0.45381141
0.0, 0.02400068, -0.0179306
0.0, -0.19684438, -0.98040712
0.37145776, 0.55755863
-0.01129057, 0.02400068, -0.0179306
-0.746086, -0.12472915, -0.65401167
0.37145776, 0.53363079
-0.00830774, 0.43332031, 6.691e-05
-0.71086764, 0.02172918, 0.70296335
0.41826984, 0.25212443
-0.01129057, 0.21656695, 0.01038054
-0.7352519, 0.11529893, 0.66786706
0.03449252, 0.27038538
-0.01129057, 0.21656695, 0.01038054
-0.7352519, 0.11529893, 0.66786706
0.71241015, 0.48350406
-0.00830774, 0.44705203, 6.691e-05
-0.57734919, 0.57734919, 0.57734919
0.44258317, 0.25212443
-0.00499938, 0.43332031, -0.03282449
-0.62413406, 0.00408948, -0.78127384
0.41826984, 0.19388783
-0.00786133, 0.21656695, -0.03282449
-0.6243782, 0.00427259, -0.78109074
0.03449252, 0.19388783
-0.00830774, 0.43332031, -0.01793057
-0.99398786, 0.00668355, -0.10919522
0.41826984, 0.22025859
-0.01129057, -0.10560774, -0.01381102
-0.57902765, -0.58555865, -0.56724751
0.14197683, 0.52633691
-0.01129057, 0.06303457, 0.01592613
-0.69808036, -0.02896206, 0.71538436
0.44056997, 0.47368515
0.0, 0.02400068, 0.01275722
0.0, 0.11685538, 0.99313331
0.37145776, 0.459548
-0.01129057, 0.06303457, -0.0179306
-0.99359113, 0.0, -0.11288796
0.44056994, 0.53363088
-0.01129057, 0.02400068, 0.01275722
-0.75420392, 0.07672353, 0.65211952
0.37145776, 0.47929591
0.0, -0.10560774, 0.0737499
0.0, -0.70708334, 0.70708334
0.14197683, 0.34681451
-0.01129057, -0.10560774, 0.0737499
-0.57734919, -0.57734919, 0.57734919
0.14197683, 0.37130404
-0.01129042, -0.07363761, -0.00288463
-0.78579056, 0.14734337, 0.60063481
0.19858211, 0.50699091
-0.01129057, -0.08948282, 0.0737499
-0.65245521, 0.19913328, 0.73116243
0.17052689, 0.37130404
0.0, -0.08948282, 0.07374993
0.0, 0.26276436, 0.96484268
0.17277262, 0.34526491
0.0, 0.00197678, 0.01994008
0.0, 0.41096225, 0.91161841
0.339937, 0.44878453
-0.01129057, 0.00197678, 0.01994008
-0.7322306, 0.27988526, 0.62083805
0.33246282, 0.46657813
-0.00830774, 0.44705203, -0.01793057
-0.72569966, 0.68333995, -0.07962279
0.44258317, 0.22025859
0.0, 0.44705203, 6.691e-05
0.0, 0.70708334, 0.70708334
0.44258317, 0.27083945
-0.00499938, 0.44705203, -0.03282449
-0.50535601, 0.58970916, -0.62993258
0.44258317, 0.19388783
-0.00207081, 0.44705203, -0.01459662
-0.38267159, 0.0, -0.92385632
0.64125317, 0.32206154
-0.00499938, 0.51344067, -0.01166806
-0.54911953, -0.80416274, -0.22745445
0.75879878, 0.32974911
-0.00207081, 0.51344067, -0.01459662
-0.22745445, -0.80416274, -0.54911953
0.75879878, 0.32206154
0.0, 0.54234928, -0.01649613
0.0, 0.70708334, -0.70708334
0.84962219, 0.32120043
-0.00689889, 0.54234928, -0.01245486
-0.71727651, 0.63023776, -0.29709768
0.83740711, 0.32835585
-0.00499938, 0.44705203, -0.01166806
-0.92385632, 0.0, -0.38267159
0.64125317, 0.32974911
-0.00499938, 0.51344067, -0.00752643
-0.54911953, -0.80416274, 0.22745445
0.75879878, 0.33708203
-0.00285761, 0.51344067, -0.01649613
-0.29709768, -0.63023776, -0.71727651
0.75879878, 0.32073927
-0.00499938, 0.44705203, -0.00752643
-0.92385632, 0.0, 0.38267159
0.64125317, 0.33708203
-0.00207081, 0.51344067, -0.00459787
-0.22745445, -0.80416274, 0.54911953
0.75879878, 0.3453086
-0.00207081, 0.44705203, -0.00459787
-0.38267159, 0.0, 0.92385632
0.64125317, 0.3453086
-0.00689889, 0.51344067, -0.01245486
-0.71727651, -0.63023776, -0.29709768
0.75879878, 0.32835585
-0.00285761, 0.54234928, -0.01649613
-0.29709768, 0.63023776, -0.71727651
0.80998373, 0.32073927
-0.00689889, 0.51344067, -0.00673964
-0.71727651, -0.63023776, 0.29709768
0.75879878, 0.33847511
-0.00285761, 0.51344067, -0.00269835
-0.29709768, -0.63023776, 0.71727651
0.75879878, 0.3466236
-0.00689889, 0.54234928, -0.00673964
-0.71727651, 0.63023776, 0.29709768
0.80998373, 0.33847511
-0.00285761, 0.54234928, -0.00269835
-0.29709768, 0.63023776, 0.71727651
0.80998373, 0.3466236
-0.00689889, 0.54234928, -0.01245486
-0.71727651, 0.63023776, -0.29709768
0.80998373, 0.32835585
-0.00786139, 0.16670871, 0.10586098
-0.57756281, -0.40791041, 0.70711386
0.88357574, 0.96766722
-0.00786139, 0.21217313, 0.09376261
-0.57512128, 0.71636099, 0.39497054
0.96407384, 0.94624618
-0.00786139, 0.199352, 0.0527431
-0.72759181, 0.67030853, -0.14581744
0.94137329, 0.87361832
-0.00786133, 0.10238688, 0.03764202
-0.83495587, 0.26847133, 0.48033082
0.5102461, 0.37677526
-0.00786137, 0.15031761, 0.03764202
-0.69429606, 0.71855831, -0.03979614
0.59511101, 0.37677526
-0.0078612, 0.13962525, 0.03454554
-0.90450758, -0.30149236, -0.30152288
0.57617944, 0.38225776
0.0, 0.10625834, 0.03454554
0.0, 0.70708334, -0.70708334
0.5256142, 0.38940704
-0.00786133, 0.10625834, 0.01592613
-0.70708334, 0.70708334, 0.0
0.51710087, 0.41522485
-0.00786133, 0.10625834, 0.03454554
-0.90450758, 0.30149236, -0.30149236
0.51710087, 0.38225776
-0.00786133, 0.14911461, 0.01592613
-0.99957275, 0.00238044, 0.02856532
0.85242432, 0.80843119
0.0, 0.07358145, 0.02737563
0.0, -0.99850458, -0.05423139
0.44281518, 0.3989355
-0.00786133, 0.04241968, 0.06551667
-0.56276131, -0.79979855, 0.20880765
0.40406981, 0.32742119
-0.00786133, 0.07358145, 0.02737563
-0.86645103, -0.49851984, -0.02706992
0.45924398, 0.3949526
-0.00786133, 0.19470638, 0.01592613
-0.73372602, 0.67409283, -0.08505508
0.93314773, 0.80843119
0.0, 0.13962525, 0.01592613
0.0, -1.0, 0.0
0.56813049, 0.41539258
-0.00786133, 0.13962525, 0.01592613
-0.70708334, -0.70708334, 0.0
0.57617939, 0.41522485
0.0, 0.04241968, 0.06551667
0.0, -0.9675588, 0.25260171
0.38365936, 0.31986237
-0.00786133, 0.07689626, 0.07908723
-0.58717614, 0.25629443, 0.76778466
0.46511313, 0.3033936
0.0, 0.07689626, 0.07908723
0.0, 0.31662953, 0.9485153
0.47061968, 0.28680414
0.0, 0.10238688, 0.03764202
0.0, 0.48789942, 0.87289041
0.52340466, 0.36824691
-0.00786139, 0.1538876, 0.0584739
-0.69032866, -0.71071506, 0.13516648
0.86087519, 0.88376507
0.0, 0.15031761, 0.03764202
0.0, 0.72637105, 0.68724632
0.60900873, 0.37754512
-0.00786133, 0.14911461, 0.01592613
-0.99957275, 0.00238044, 0.02856532
0.59298098, 0.41522485
-0.01129042, -0.08904206, 0.05312986
-0.95571762, 0.15024263, -0.25296792
0.1713075, 0.40781325
0.0, 0.0661376, 0.01592613
0.0, -0.83837396, 0.54506058
0.43839905, 0.41340768
-0.00786133, 0.0661376, 0.01592613
-0.53483689, -0.70836514, 0.46055484
0.44606417, 0.41522485
0.0, -0.08904206, 0.00683482
0.0, 0.87566757, 0.48289436
0.18808478, 0.47778523
-0.01129042, -0.08904206, 0.00683482
-0.83346051, 0.48387095, 0.26682332
0.17130759, 0.48978192
-0.01129042, -0.01550424, 0.00187738
-0.89480269, -0.32831812, 0.30249947
0.30151144, 0.49855942
0.0, -0.01550424, 0.01306993
0.0, -0.85973692, -0.51069671
0.27714306, 0.4813022
-0.01129055, -0.01550424, 0.01306993
-0.84185308, -0.4639729, -0.27558213
0.30151144, 0.47874224
0.0, -0.01550424, 0.00187738
0.0, -0.73540455, 0.67760247
0.27296621, 0.49167103
0.0, -0.08904206, 0.05312986
0.0, 0.51069671, -0.85973692
0.19415233, 0.4305414
0.0, -0.07363761, -0.00288463
0.0, 0.23822749, 0.97119051
0.20526129, 0.4923439
-0.00499938, 0.43405989, -0.03282449
-0.70708334, -0.70708334, 0.0
0.41957954, 0.1676529
-0.00499938, 0.44525304, -0.05342914
-0.57734919, 0.57734919, -0.57734919
0.43939778, 0.13117081
-0.00499938, 0.43405989, -0.05342914
-0.57734919, -0.57734919, -0.57734919
0.41957954, 0.13117081
0.0, 0.09067705, -0.0543662
0.0, -0.30005798, -0.95388651
0.48951307, 0.63599405
-0.00786125, 0.08548116, -0.04351585
-0.84868926, -0.28183845, -0.4474929
0.48031333, 0.60202676
-0.00786125, 0.09067705, -0.0543662
-0.57383955, -0.24573503, -0.78118229
0.48951307, 0.62123802
-0.00786133, 0.07705253, -0.03282449
-0.70708334, -0.70708334, 0.0
0.46538979, 0.58309695
-0.00786133, 0.11391977, -0.03282449
-0.70708334, 0.70708334, 0.0
0.53066587, 0.58309695
0.0, 0.11391977, -0.03282449
0.0, 1.0, 0.0
0.5525614, 0.58788937
-0.00786133, 0.11391977, -0.04122349
-0.60933256, 0.68486589, -0.3995178
0.53066587, 0.59796807
0.0, 0.07705253, -0.04351585
0.0, -0.70708334, -0.70708334
0.46538979, 0.60901919
-0.00786133, 0.07705253, -0.04351585
-0.57734919, -0.57731867, -0.57734919
0.46538979, 0.60202676
0.0, 0.11391977, -0.04122349
0.0, 0.86376536, -0.50386059
0.53066587, 0.61060226
-0.00499938, 0.44525304, -0.03282449
-0.70708334, 0.70708334, 0.0
0.43939778, 0.16765296
0.0, 0.4510912, -0.03013176
0.0, 0.70708334, -0.70708334
0.47666916, 0.19513607
-0.00632002, 0.4510912, -0.02642959
-0.71727651, 0.63023776, -0.29709768
0.46195972, 0.20375264
-0.00261784, 0.44705203, -0.03013176
-0.38267159, 0.0, -0.92385632
0.44258317, 0.19156694
-0.00632002, 0.44705203, -0.02642959
-0.92385632, 0.0, -0.38267159
0.44258317, 0.20375264
-0.00261784, 0.4510912, -0.03013176
-0.29709768, 0.63026828, -0.71727651
0.45198357, 0.19156694
-0.00261784, 0.44705203, -0.01749172
-0.38267159, 0.0, 0.92385632
0.44258317, 0.22812402
-0.00632002, 0.4510912, -0.02119389
-0.71727651, 0.63023776, 0.29709768
0.45198357, 0.21593833
-0.00632002, 0.44705203, -0.02119389
-0.92385632, 0.0, 0.38267159
0.44258317, 0.21593833
-0.00261784, 0.4510912, -0.01749172
-0.29709768, 0.63023776, 0.71727651
0.45198357, 0.22812402
-0.00632002, 0.4510912, -0.02642959
-0.71727651, 0.63023776, -0.29709768
0.45198357, 0.20375264
-0.01129057, 0.21656695, -0.01793059
-0.99356061, 0.00680563, -0.11282693
0.03449252, 0.22025853
-0.01129057, 0.21656695, -0.01793059
-0.99356061, 0.00680563, -0.11282693
0.71241021, 0.53363085
0.02249517, 0.20607048, -0.02947712
0.57734919, 0.57734919, -0.57734919
0.7846505, 0.66035444
0.02249517, 0.20015165, -0.01976132
0.57734919, -0.57734919, 0.57734919
0.77788115, 0.64924246
0.02249517, 0.20015165, -0.02947712
0.57734919, -0.57734919, -0.57734919
0.77788109, 0.66035444
0.00786133, 0.20607048, -0.01976132
0.0, 0.70708334, 0.70708334
0.80138719, 0.64924246
0.02249517, 0.20607048, -0.01976132
0.57734919, 0.57734919, 0.57734919
0.7846505, 0.64924246
0.00786133, 0.20015165, -0.02947712
0.0, -0.70708334, -0.70708334
0.7611444, 0.66035444
0.00786133, 0.20015165, -0.01976132
0.0, -0.70708334, 0.70708334
0.77788115, 0.63250569
0.00786133, 0.20607048, -0.02947712
0.0, 0.70708334, -0.70708334
0.7846505, 0.67709121
0.0, 0.21656695, -0.03282449
0.0, 0.0, -0.99996948
0.71234608, 0.69998115
0.0, 0.21656695, 0.01038054
0.0, 0.16309091, 0.98660237
0.71241015, 0.81721517
0.0, -0.10560774, -0.01381102
0.0, -0.71822262, -0.69576097
0.14197683, 0.73580003
0.00285761, 0.54234928, -0.00269835
0.29709768, 0.63023776, 0.71727651
0.85468179, 0.34563053
0.00285761, 0.54234928, -0.01649613
0.29709768, 0.63023776, -0.71727651
0.85468191, 0.32120043
0.0, 0.44705203, -0.00459787
0.0, 0.0, 1.0
0.64125317, 0.3490988
0.0, 0.54234928, -0.00269835
0.0, 0.70708334, 0.70708334
0.80998373, 0.35080671
0.0, 0.10625834, 0.01592613
0.0, 1.0, 0.0
0.52764028, 0.86582232
0.0, 0.19470638, 0.01592613
0.0, 0.99212623, -0.12518692
0.94663936, 0.80646583
0.0, 0.15031761, 0.03764202
0.0, 0.72637105, 0.68724632
0.60826951, 0.91194481
0.0, -0.08904206, 0.05312986
0.0, 0.51069671, -0.85973692
0.19415233, 0.84965035
0.0, 0.07705253, -0.03282449
0.0, -1.0, 0.0
0.44916871, 0.69323313
0.0, 0.43405989, -0.05342914
0.0, -0.70708334, -0.70708334
0.41957954, 0.12225491
0.0, 0.43405989, -0.03282449
0.0, -1.0, 0.0
0.40956938, 0.1676529
0.0, 0.44525304, -0.05342914
0.0, 0.70708334, -0.70708334
0.44963297, 0.13117081
0.00261784, 0.4510912, -0.01749172
0.29709768, 0.63023776, 0.71727651
0.48276201, 0.2245549
0.00261784, 0.4510912, -0.03013176
0.29709768, 0.63026828, -0.71727651
0.48276201, 0.19513607
0.0, 0.4510912, -0.01749172
0.0, 0.70708334, 0.70708334
0.45198357, 0.23421693
0.01129057, 0.21656695, -0.0179306
0.99356061, 0.00680563, -0.11282693
0.71241015, 0.74656084
0.0, 0.21656695, -0.03282449
0.0, 0.0, -0.99996948
0.71234608, 0.58021057
0.0, 0.21656695, 0.01038054
0.0, 0.16309091, 0.98660237
0.71241015, 0.46297657
0.0, -0.10560774, -0.01381102
0.0, -0.71822262, -0.69576097
0.14197683, 0.54439169
-0.00285761, 0.54234928, -0.00269835
-0.29709768, 0.63023776, 0.71727651
0.84456259, 0.34563053
-0.00689889, 0.54234928, -0.00673964
-0.71727651, 0.63023776, 0.29709768
0.83740711, 0.33847511
-0.00285761, 0.54234928, -0.01649613
-0.29709768, 0.63023776, -0.71727651
0.84456247, 0.32120043
0.0, 0.10625834, 0.01592613
0.0, 1.0, 0.0
0.52764028, 0.41436946
0.0, 0.13962525, 0.03454554
0.0, -0.70708334, -0.70708334
0.56649983, 0.39222312
0.0, 0.15031761, 0.03764202
0.0, 0.72637105, 0.68724632
0.60826951, 0.36824691
0.0, 0.14911461, 0.01592613
0.0, 0.08340709, 0.99649036
0.60687876, 0.41599476
0.0, 0.08548116, -0.04351585
0.0, -0.53294474, -0.84612566
0.48031333, 0.61625963
0.0, 0.07705253, -0.03282449
0.0, -1.0, 0.0
0.44916871, 0.58695859
-0.00261784, 0.4510912, -0.01749172
-0.29709768, 0.63023776, 0.71727651
0.47057632, 0.2245549
-0.00632002, 0.4510912, -0.02119389
-0.71727651, 0.63023776, 0.29709768
0.46195972, 0.21593833
-0.00261784, 0.4510912, -0.03013176
-0.29709768, 0.63026828, -0.71727651
0.47057632, 0.19513607
0.00786133, 0.20607048, -0.02947712
0.0, 0.70708334, -0.70708334
0.80138719, 0.66035444
0.00786133, 0.20015165, -0.01976132
0.0, -0.70708334, 0.70708334
0.7611444, 0.64924246
0.00786133, 0.20607048, -0.01976132
0.0, 0.70708334, 0.70708334
0.7846505, 0.63250569
0.00786133, 0.20015165, -0.02947712
0.0, -0.70708334, -0.70708334
0.77788109, 0.67709121
# Number of Faces:
368
# Face Data:
0, 1, 2
3, 4, 5
2, 6, 0
7, 8, 9
10, 5, 4
11, 12, 7
13, 14, 15
15, 16, 17
18, 6, 19
20, 21, 3
22, 23, 21
24, 18, 25
26, 27, 19
24, 28, 29
20, 30, 22
31, 28, 30
32, 33, 34
34, 14, 35
33, 16, 14
36, 37, 38
39, 40, 41
42, 43, 36
44, 45, 46
47, 48, 42
49, 50, 47
51, 52, 45
53, 47, 42
54, 55, 53
45, 36, 38
52, 42, 36
56, 57, 55
46, 38, 58
47, 57, 49
38, 59, 58
60, 53, 52
61, 62, 63
64, 65, 66
67, 68, 69
70, 71, 72
64, 68, 73
74, 75, 76
77, 78, 61
64, 79, 80
81, 82, 74
61, 83, 84
66, 85, 81
84, 86, 62
65, 87, 66
62, 71, 63
88, 89, 90
28, 91, 92
76, 93, 94
95, 91, 96
97, 26, 92
98, 27, 26
91, 97, 92
99, 96, 27
100, 101, 102
103, 104, 105
106, 107, 103
108, 109, 110
106, 111, 107
103, 111, 112
105, 113, 108
102, 114, 100
101, 115, 102
100, 116, 117
118, 119, 120
121, 122, 123
124, 125, 122
126, 127, 128
129, 130, 127
131, 128, 125
1, 23, 2
132, 133, 134
135, 136, 137
134, 138, 139
8, 140, 141
137, 142, 135
12, 143, 140
13, 144, 35
145, 146, 144
138, 147, 139
148, 149, 136
150, 151, 148
147, 152, 153
139, 147, 154
155, 152, 156
151, 157, 149
158, 156, 157
34, 159, 160
144, 34, 35
146, 161, 144
162, 163, 164
165, 166, 41
167, 168, 163
169, 44, 46
170, 171, 168
172, 49, 171
173, 174, 169
171, 175, 168
176, 177, 175
163, 169, 164
168, 173, 163
57, 178, 176
164, 46, 58
171, 57, 176
59, 164, 58
175, 179, 173
180, 181, 182
183, 184, 185
186, 187, 188
71, 189, 72
185, 186, 188
190, 191, 192
78, 193, 182
194, 185, 195
196, 197, 191
83, 182, 181
198, 183, 197
86, 181, 180
199, 184, 183
71, 180, 200
201, 202, 184
203, 153, 155
204, 192, 205
203, 206, 207
208, 209, 210
154, 211, 208
203, 209, 212
207, 213, 154
214, 215, 216
217, 218, 219
218, 220, 221
222, 223, 221
224, 220, 225
218, 224, 225
226, 219, 223
114, 216, 215
115, 214, 216
116, 215, 227
228, 229, 120
230, 121, 123
231, 232, 230
233, 234, 235
130, 236, 233
235, 237, 231
150, 132, 134
19, 2, 23
7, 17, 16
11, 16, 32
4, 21, 23
238, 140, 146
140, 159, 146
135, 142, 239
150, 134, 139
240, 241, 242
240, 243, 244
241, 245, 242
244, 246, 241
242, 247, 240
0, 248, 1
3, 21, 4
2, 19, 6
7, 12, 8
10, 249, 5
11, 160, 12
13, 35, 14
15, 14, 16
18, 250, 6
20, 22, 21
22, 19, 23
24, 250, 18
19, 22, 26
30, 92, 26
22, 30, 26
91, 25, 96
96, 25, 18
18, 19, 27
27, 96, 18
24, 25, 28
20, 31, 30
31, 29, 28
34, 160, 32
11, 32, 160
34, 33, 14
33, 32, 16
36, 43, 37
165, 41, 40
251, 39, 41
40, 252, 165
42, 48, 43
44, 51, 45
47, 50, 48
49, 253, 50
51, 60, 52
53, 55, 47
54, 56, 55
45, 52, 36
52, 53, 42
56, 254, 57
46, 45, 38
47, 55, 57
38, 37, 59
60, 54, 53
63, 70, 77
61, 84, 62
63, 77, 61
76, 94, 67
76, 67, 66
81, 74, 76
66, 81, 76
66, 67, 69
80, 89, 64
66, 69, 64
64, 89, 65
67, 255, 68
70, 63, 71
64, 69, 68
74, 82, 75
77, 256, 78
64, 73, 79
81, 85, 82
61, 78, 83
66, 87, 85
84, 83, 86
65, 257, 87
62, 86, 71
88, 65, 89
92, 30, 28
28, 25, 91
76, 75, 93
95, 258, 91
97, 98, 26
98, 99, 27
91, 258, 97
99, 95, 96
100, 117, 101
103, 112, 104
105, 108, 103
110, 106, 103
103, 108, 110
108, 113, 109
106, 259, 111
103, 107, 111
105, 104, 113
102, 260, 114
101, 261, 115
100, 262, 116
228, 120, 119
263, 118, 120
119, 264, 228
121, 124, 122
124, 131, 125
126, 129, 127
129, 265, 130
131, 126, 128
1, 266, 23
132, 267, 133
135, 148, 136
134, 133, 138
8, 12, 140
137, 268, 142
12, 160, 143
13, 145, 144
145, 238, 146
138, 269, 147
148, 151, 149
150, 139, 151
147, 269, 152
158, 151, 208
147, 153, 207
153, 203, 207
210, 158, 208
208, 151, 139
147, 207, 154
154, 208, 139
155, 153, 152
151, 158, 157
158, 155, 156
143, 160, 159
34, 161, 159
144, 161, 34
146, 159, 161
162, 167, 163
270, 41, 271
165, 272, 166
166, 271, 41
167, 170, 168
169, 174, 44
170, 172, 171
172, 253, 49
173, 179, 174
171, 176, 175
176, 178, 177
163, 173, 169
168, 175, 173
57, 254, 178
164, 169, 46
171, 49, 57
59, 162, 164
175, 177, 179
193, 189, 200
200, 180, 182
182, 193, 200
187, 205, 192
192, 191, 197
192, 197, 183
188, 187, 183
202, 195, 185
187, 192, 183
184, 202, 185
185, 188, 183
186, 273, 187
71, 200, 189
185, 274, 186
190, 196, 191
78, 256, 193
194, 274, 185
196, 198, 197
83, 78, 182
198, 199, 183
86, 83, 181
199, 275, 184
71, 86, 180
201, 276, 202
155, 158, 210
210, 203, 155
204, 190, 192
203, 212, 206
208, 211, 209
154, 213, 211
203, 210, 209
207, 206, 213
214, 227, 215
217, 277, 218
221, 223, 218
218, 225, 220
223, 219, 218
222, 226, 223
224, 278, 220
218, 277, 224
226, 217, 219
114, 260, 216
115, 261, 214
116, 262, 215
279, 120, 280
228, 281, 229
229, 280, 120
230, 232, 121
231, 237, 232
233, 236, 234
130, 265, 236
235, 234, 237
150, 239, 132
7, 9, 17
11, 7, 16
23, 266, 4
10, 4, 266
238, 141, 140
140, 143, 159
239, 150, 135
148, 135, 150
240, 244, 241
240, 282, 243
241, 283, 245
244, 284, 246
242, 285, 247
