# Project Zomboid Skinned Mesh
# File Version:
1.0
# Model Name:
Cube
# Vertex Stride Element Count:
3
# Vertex Stride Size (in bytes):
76
# Vertex Stride Data:
# (Int)    Offset
# (String) Type
0
VertexArray
12
NormalArray
24
TextureCoordArray
# Vertex Count:
375
# Vertex Buffer:
-0.01192598, 0.06972396, 0.01648634
-0.70702231, 0.03039644, 0.70650351
0.12384701, 0.35329652
-0.01192602, 0.05018676, -0.01059905
-0.86367381, -0.18695639, -0.46803185
0.08806381, 0.40290451
-0.01192597, 0.05018685, 0.01732152
-0.7475509, 0.15582751, 0.64561909
0.08806393, 0.35176671
-0.01192603, 0.22011834, -0.01702244
-1.0, 0.0, 0.0
0.39930075, 0.41466904
-0.01192601, 0.25118205, -0.0314334
-0.89440596, 0.44718772, 0.0
0.45619518, 0.44106352
-0.01192601, 0.22011834, -0.0314334
-0.90450758, -0.30149236, -0.30149236
0.39930069, 0.44106352
-0.00695676, -0.06373711, 0.00718579
-0.70702231, -0.10400708, -0.69948423
0.49512169, 0.23991227
2.688e-05, -0.13241805, 0.01742281
0.0, -0.80037844, -0.59944457
0.38468334, 0.24095762
-0.00695676, -0.13241822, 0.01742281
-0.5778985, -0.65318763, -0.48921171
0.38706174, 0.22380584
-0.01192593, 0.06972396, -0.0314334
-0.62761313, -0.30942717, -0.71434677
0.12384701, 0.44106352
3.379e-05, 0.05018685, -0.01059905
0.0, 0.06646931, -0.99777216
0.06977135, 0.42282546
3.379e-05, 0.05018685, 0.01732152
0.0, 0.52027953, 0.85396892
0.08881652, 0.32996404
3.379e-05, 0.06972405, 0.01648634
0.0, 0.04300058, 0.99905396
0.12452754, 0.33143318
-0.01192599, 0.22011834, 0.00996812
-0.77376628, -0.14578693, 0.6164434
0.39930075, 0.36523485
3.378e-05, 0.22011837, 0.00996812
0.0, -0.23017059, 0.9731437
0.40025264, 0.34334254
3.378e-05, 0.22011834, -0.0314334
0.0, -0.70708334, -0.70708334
0.39930069, 0.46618056
-0.00695676, -0.12185082, 0.09397835
-0.57820368, -0.49787897, 0.64635152
0.40368804, 0.1033566
2.688e-05, -0.12185081, 0.09397834
0.0, -0.61021757, 0.79219949
0.40611449, 0.07693678
-0.00695676, -0.09543881, 0.09076909
-0.6432386, 0.32456434, 0.69344157
0.4452436, 0.10840589
2.687e-05, -0.09543881, 0.09076909
0.0, 0.42390209, 0.90569782
0.45370808, 0.08592516
-0.01192597, 0.05018685, 0.01732152
-0.7475509, 0.15582751, 0.64561909
0.67436475, 0.22396499
-0.00695682, 0.04529095, -0.00980952
-0.5175634, -0.36426893, -0.77419353
0.66666186, 0.26665181
-0.00695679, 0.04529094, 0.01814953
-0.5782342, -0.07962279, 0.81194496
0.66666174, 0.22266227
3.379e-05, 0.05018685, -0.01059905
0.0, 0.06646931, -0.99777216
0.69232363, 0.28710854
-0.01192602, 0.05018676, -0.01059905
-0.86367381, -0.18695639, -0.46803185
0.67436469, 0.26789403
2.687e-05, -0.0321308, 0.0312433
0.0, 0.44489884, 0.89556569
0.55455357, 0.18147844
2.687e-05, -0.0182613, 0.00043936
0.0, -0.15295877, -0.98821986
0.56370276, 0.27391618
-0.00695676, -0.0182613, 0.00043936
-0.70851773, -0.10794397, -0.69734794
0.56667137, 0.25052673
3.379e-05, 0.05018685, 0.01732152
0.0, 0.52027953, 0.85396892
0.70264524, 0.2100063
2.687e-05, 0.04529095, 0.01814953
0.0, 0.16675314, 0.98599201
0.6938374, 0.20830959
-0.00695676, -0.10289681, 0.02481915
-0.89828181, 0.35322124, 0.26133001
0.4335095, 0.21216869
-0.00695676, -0.09693439, 0.07343577
-0.96139407, 0.10193183, -0.25550097
0.44289055, 0.1356774
3.377e-05, 0.32657203, -0.01702244
0.0, 1.0, 0.0
0.6515708, 0.39355385
-0.00938119, 0.32657203, 0.00569116
-0.56840724, 0.5957213, 0.56743068
0.63432688, 0.35195291
3.377e-05, 0.32657203, 0.00569116
0.0, 0.71984011, 0.69411296
0.6515708, 0.35195291
-0.01192603, 0.25118208, -0.01702244
-0.99984741, 0.01684622, 0.0
0.49624693, 0.39355385
-0.01192603, 0.25118208, 0.00843365
-0.7435835, 0.13257241, 0.65532398
0.49624693, 0.34692991
3.378e-05, 0.23016018, 0.01555658
0.0, -0.09042634, 0.99588001
0.44709224, 0.31474364
-0.01192599, 0.22011834, 0.00996812
-0.77376628, -0.14578693, 0.6164434
0.43935257, 0.34411955
3.378e-05, 0.22011837, 0.00996812
0.0, -0.23017059, 0.9731437
0.42870045, 0.32497919
3.377e-05, 0.25118208, 0.00843364
0.0, 0.18051699, 0.98355055
0.49778, 0.32509124
3.377e-05, 0.32657203, 0.00569116
0.0, 0.71984011, 0.69411296
0.63553369, 0.33476102
-0.01192601, 0.22011834, -0.03633111
-0.57734919, -0.57734919, -0.57734919
0.39930069, 0.45003378
-0.01192603, 0.22011834, -0.01702244
-1.0, 0.0, 0.0
0.43935242, 0.39355385
-0.01192603, 0.23016018, 0.01555658
-0.62623984, -0.07049776, 0.77642143
0.45774436, 0.333884
3.377e-05, 0.25118208, 0.00843364
0.0, 0.18051699, 0.98355055
0.50327647, 0.32618356
3.378e-05, 0.23016018, 0.01555658
0.0, -0.09042634, 0.99588001
0.46477392, 0.31313753
-0.00938117, 0.32657197, -0.03633111
-0.56663716, 0.58607745, -0.57911921
0.63432688, 0.42891848
-0.00938119, 0.32657203, -0.01702244
-0.69505906, 0.71892452, 0.0
0.63432688, 0.39355385
3.377e-05, 0.32657197, -0.03056461
0.0, 0.0, -1.0
0.68134403, 0.44691873
-0.00211984, 0.37192568, -0.03056464
-0.32679221, -0.30542925, -0.89434493
0.77678955, 0.44297421
3.376e-05, 0.37192568, -0.03056464
0.0, -0.33790094, -0.94116032
0.77678955, 0.44691861
3.377e-05, 0.25118208, -0.03633111
0.0, 0.44718772, -0.89440596
0.49698555, 0.45079851
-0.01192601, 0.25118205, -0.03633111
-0.66716516, 0.34492019, -0.66020691
0.49624693, 0.42891848
-0.00516547, 0.37192568, -0.02751897
-0.85793632, -0.50273138, -0.10559404
0.77678955, 0.43739605
-0.00211983, 0.32657197, -0.03056461
-0.38267159, 0.0, -0.92385632
0.68134403, 0.44297421
-0.00516547, 0.32657197, -0.02751897
-0.92385632, 0.0, -0.38267159
0.68134403, 0.43739605
3.375e-05, 0.50680959, -0.00299336
0.0, -0.70708334, 0.70708334
0.92127073, 0.38977599
-0.00256161, 0.32657203, -0.00299336
-0.38267159, 0.0, 0.92385632
0.68134403, 0.39442968
3.377e-05, 0.32657203, -0.00299336
0.0, 0.0, 1.0
0.6813336, 0.39024162
-0.00623202, 0.50680959, -0.01185447
-0.54911953, -0.80416274, -0.22742394
0.92264462, 0.40789688
-0.00256161, 0.32657203, -0.01552487
-0.38267159, 0.0, -0.92385632
0.68134403, 0.41347492
-0.00623201, 0.32657203, -0.01185447
-0.92385632, 0.0, -0.38267159
0.68134403, 0.40789688
-0.00516547, 0.32657203, -0.02321182
-0.92385632, 0.0, 0.38267159
0.68134403, 0.42950726
-0.00623202, 0.50680959, -0.00666377
-0.54911953, -0.80416274, 0.22745445
0.92264462, 0.40000784
-0.00623201, 0.32657203, -0.00666374
-0.92385632, 0.0, 0.38267159
0.68134403, 0.40000784
-0.00211983, 0.32657203, -0.0201662
-0.38267159, 0.0, 0.92385632
0.68134403, 0.42392898
-0.00516547, 0.37192568, -0.02321182
-0.92385632, 0.0, 0.38267159
0.77678955, 0.42950726
-0.00256162, 0.50680959, -0.00299336
-0.22745445, -0.80419326, 0.54908901
0.92264462, 0.39442968
3.376e-05, 0.37192568, -0.02016616
0.0, 0.0, 1.0
0.77678955, 0.41998446
3.377e-05, 0.32657203, -0.0201662
0.0, 0.0, 1.0
0.68134403, 0.41998446
-0.00256162, 0.50680959, -0.01552487
-0.22745445, -0.80416274, -0.54911953
0.9226445, 0.41347492
3.375e-05, 0.50680959, -0.01622761
0.0, -0.70708334, -0.70708334
0.92176175, 0.41836834
3.375e-05, 0.50680959, -0.01552487
0.0, -0.70708334, -0.70708334
0.92136383, 0.41778111
3.377e-05, 0.32657203, -0.01552487
0.0, 0.0, -1.0
0.68133903, 0.41720355
-0.00668172, 0.37192568, -0.01578175
-0.71950436, -0.69292277, -0.04626606
0.77678955, 0.33033288
3.376e-05, 0.37192568, -0.00193033
0.0, -0.70708334, 0.70708334
0.76602328, 0.29457474
-0.00668172, 0.37192568, -0.00193033
-0.57734919, -0.57734919, 0.57734919
0.77678955, 0.30779898
3.376e-05, 0.38167074, -0.01578175
0.0, 0.99996948, 0.0
0.82242918, 0.33478367
-0.00516547, 0.38167074, -0.02751897
-0.68352306, 0.7293008, -0.02938933
0.79193914, 0.33836305
-0.00668172, 0.38167074, -0.01578175
-0.71950436, 0.69292277, -0.04626606
0.80930471, 0.33033288
-0.00516547, 0.37192568, -0.02751897
-0.85793632, -0.50273138, -0.10559404
0.77678955, 0.35183001
3.376e-05, 0.37192568, -0.03056464
0.0, -0.33790094, -0.94116032
0.77387094, 0.36298287
3.376e-05, 0.37192568, -0.01578175
0.0, -1.0, 0.0
0.76262963, 0.33111823
3.376e-05, 0.38167074, -0.00193033
0.0, 0.70708334, 0.70708334
0.81919765, 0.29781377
-0.00668172, 0.38167074, -0.00193033
-0.57734919, 0.57734919, 0.57734919
0.80930471, 0.30779898
-0.00211984, 0.37192568, -0.03056464
-0.32679221, -0.30542925, -0.89434493
0.77678955, 0.35740829
3.376e-05, 0.38167074, -0.02751897
0.0, 0.99978638, 0.01977599
0.79984635, 0.35053527
-0.00693476, 0.50680959, -0.01214556
-0.71727651, -0.63023776, -0.29706717
0.92264462, 0.4083389
-0.0028527, 0.50680959, -0.01622761
-0.29709768, -0.63023776, -0.71727651
0.92264462, 0.41454279
3.375e-05, 0.50680959, -0.00229063
0.0, -0.70708334, 0.70708334
0.92168123, 0.38878655
-0.0028527, 0.50680959, -0.00229063
-0.29709768, -0.63026828, 0.717246
0.9226445, 0.39336169
-0.00256162, 0.50680959, -0.00299336
-0.22745445, -0.80419326, 0.54908901
0.92264462, 0.41693342
-0.00693476, 0.50680959, -0.00637268
-0.71727651, -0.63023776, 0.29709768
0.92264462, 0.41179776
-0.00623202, 0.50680959, -0.00666377
-0.54911953, -0.80416274, 0.22745445
0.92264462, 0.41135526
-0.00693476, 0.5326196, -0.00637268
-0.71727651, 0.63023776, 0.29709768
0.96187031, 0.39956546
-0.00693476, 0.50680959, -0.00637268
-0.71727651, -0.63023776, 0.29709768
0.92264462, 0.39956534
-0.0028527, 0.5326196, -0.01622761
-0.29709768, 0.63023776, -0.71727651
0.94260031, 0.41454279
-0.00693476, 0.5326196, -0.01214556
-0.71727651, 0.63023776, -0.29709768
0.95058227, 0.40833902
-0.0028527, 0.5326196, -0.00229063
-0.29709768, 0.63023776, 0.71727651
0.96187031, 0.39336169
3.375e-05, 0.5326196, -0.00637268
0.0, 1.0, 0.0
0.98342264, 0.60141248
-0.0028527, 0.5326196, -0.00229063
-0.29709768, 0.63023776, 0.71727651
0.97879493, 0.60795701
3.375e-05, 0.5326196, -0.00229063
0.0, 0.70708334, 0.70708334
0.98342264, 0.60795701
3.375e-05, 0.5326196, -0.01214556
0.0, 1.0, 0.0
0.98342264, 0.59215719
-0.00693476, 0.5326196, -0.00637268
-0.71727651, 0.63023776, 0.29709768
0.97225046, 0.60141248
-0.0028527, 0.5326196, -0.01622761
-0.29709768, 0.63023776, -0.71727651
0.97879493, 0.5856126
3.375e-05, 0.5326196, -0.01622761
0.0, 0.70708334, -0.70708334
0.98342264, 0.5856126
3.375e-05, 0.5326196, -0.01622761
0.0, 0.70708334, -0.70708334
0.9426831, 0.42045379
3.376e-05, 0.38167074, -0.02751897
0.0, 0.99978638, 0.01977599
0.92659563, 0.42182457
-0.00516546, 0.38167074, -0.04887936
-0.57734919, 0.57734919, -0.57734919
0.9226445, 0.47861099
-0.00516547, 0.38167074, -0.02751897
-0.68352306, 0.7293008, -0.02938933
0.9226445, 0.42581618
-0.00516546, 0.37192568, -0.04887936
-0.57734919, -0.57734919, -0.57734919
0.90700185, 0.47861099
3.376e-05, 0.37192568, -0.02751897
0.0, -0.70708334, 0.70708334
0.88903487, 0.4205246
-0.00516547, 0.37192568, -0.02751897
-0.85793632, -0.50273138, -0.10559404
0.89467573, 0.42581618
3.376e-05, 0.38167074, -0.04887936
0.0, 0.70708334, -0.70708334
0.9226445, 0.48255539
3.378e-05, 0.22011834, -0.03633111
0.0, -0.70708334, -0.70708334
0.39930061, 0.46799326
-0.01192601, 0.25118205, -0.03633111
-0.66716516, 0.34492019, -0.66020691
0.45619518, 0.45003378
3.377e-05, 0.25118208, -0.03633111
0.0, 0.44718772, -0.89440596
0.45619518, 0.46799326
3.377e-05, 0.25118208, -0.0314334
0.0, 1.0, 0.0
0.46553612, 0.46799326
-0.01192601, 0.25118205, -0.0314334
-0.89440596, 0.44718772, 0.0
0.46553609, 0.45003378
3.378e-05, 0.20053294, -0.04028057
0.0, 0.10559404, -0.99438459
0.47934309, 0.50153717
-0.00737631, 0.23772213, -0.03633111
0.0, 0.10559404, -0.99438459
0.54348308, 0.51424593
3.378e-05, 0.23772213, -0.03633111
0.0, 0.10559404, -0.99438459
0.54348314, 0.50153717
3.378e-05, 0.14750206, 0.03606621
0.0, 0.70708334, 0.70708334
0.29179829, 0.21295738
-0.0103117, 0.08886404, 0.03606621
-0.84517962, 0.50392163, 0.1779229
0.27285004, 0.10555935
3.379e-05, 0.08886404, 0.03606621
0.0, 0.9429304, 0.33295694
0.29179829, 0.10555935
3.379e-05, 0.08886404, 0.03606621
0.0, 0.9429304, 0.33295694
0.18994585, 0.20523775
-0.0103117, 0.07461397, 0.08375664
-0.59416485, 0.48048341, 0.6450392
0.13935238, 0.12561035
3.379e-05, 0.07461397, 0.08375664
0.0, 0.59736931, 0.8019349
0.15311095, 0.10322654
-0.0103117, 0.08886404, 0.03606621
-0.84517962, 0.50392163, 0.1779229
0.16545188, 0.21295738
-0.0103117, 0.04608736, 0.08375664
-0.56266975, -0.66832483, 0.48649555
0.08710468, 0.12561035
-0.0103117, 0.06836333, 0.01477307
-0.76595354, -0.14468825, -0.62639242
0.12790403, 0.2519567
3.379e-05, 0.04608736, 0.08375664
0.0, -0.80846584, 0.5884884
0.06238377, 0.10418606
3.379e-05, 0.08886404, 0.03606621
0.0, 0.9429304, 0.33295694
0.1236833, 0.32095802
-0.0103117, 0.08886404, 0.03606621
-0.84517962, 0.50392163, 0.1779229
0.14565912, 0.31474364
3.378e-05, 0.14750206, 0.01166099
0.0, 1.0, 0.0
0.29179829, 0.25765669
-0.0103117, 0.14750206, 0.03606621
-0.57734919, 0.57734919, 0.57734919
0.27285004, 0.21295738
-0.0103117, 0.14750206, 0.01166099
-0.69808036, 0.71599478, 0.0
0.27285004, 0.25765669
-0.01031166, 0.09625357, 0.01659548
-0.90020448, 0.31342509, 0.30219427
0.17898625, 0.24861884
-0.01031166, 0.1303995, 0.01534975
-0.90874964, -0.28962067, 0.3003937
0.24152592, 0.25090051
3.379e-05, 0.09625357, 0.03280421
0.0, 0.70708334, -0.70708334
0.18586877, 0.22909021
-0.01031166, 0.09625357, 0.03280421
-0.90450758, 0.30149236, -0.30149236
0.17898625, 0.21893191
-0.01031166, 0.1303995, 0.03280421
-0.90450758, -0.30149236, -0.30149236
0.24152592, 0.21893191
3.379e-05, 0.1303995, 0.01534975
0.0, -0.69408244, 0.71987063
0.23497161, 0.23987985
3.379e-05, 0.09625357, 0.01659548
0.0, 0.71987063, 0.69408244
0.18586975, 0.23864782
3.379e-05, 0.1303995, 0.03280421
0.0, -0.70708334, -0.70708334
0.23448801, 0.22971284
-0.00742444, 0.17953172, 0.09109928
-0.69032866, -0.63744009, 0.34211248
0.81497324, 0.9138778
3.378e-05, 0.19376422, 0.11336179
0.0, -0.25827813, 0.96606344
0.84189224, 0.98920401
-0.00742444, 0.19376422, 0.11336179
-0.58217108, -0.20999786, 0.78545487
0.8471992, 0.96428579
3.378e-05, 0.21156433, 0.01064962
0.0, 0.63808101, -0.76995146
0.90148872, 0.71164
-0.00742444, 0.21449727, 0.02617096
-0.729545, 0.6565752, -0.19141209
0.89414406, 0.76686363
3.378e-05, 0.21449727, 0.02617096
0.0, 0.96002078, -0.27988526
0.91313452, 0.76029435
-0.00742444, 0.21156433, 0.01064962
-0.5877865, 0.51619005, -0.62288278
0.88750315, 0.73171937
-0.00742444, 0.15892686, 0.04241337
-0.69454026, -0.68019652, 0.23432112
0.76831853, 0.8036405
-0.00742444, 0.14996698, 0.01064964
-0.56422621, -0.65825373, -0.4982757
0.74803108, 0.73171932
3.378e-05, 0.15892686, 0.04241337
0.0, -0.94546342, 0.32569355
0.74707162, 0.80952264
-0.00742445, 0.24353588, 0.08748271
-0.57545704, 0.78417307, 0.23212378
0.95989484, 0.90568911
3.378e-05, 0.24353588, 0.08748271
0.0, 0.95886105, 0.28382215
0.97929955, 0.91189633
-0.00742444, 0.17044172, 0.07054009
-0.70397043, -0.65343183, 0.2781457
0.79439116, 0.86732656
3.378e-05, 0.17953172, 0.09109928
0.0, -0.88109988, 0.47285378
0.79762548, 0.92330865
3.378e-05, 0.17044172, 0.07054009
0.0, -0.92010254, 0.39164403
0.77820975, 0.87433499
-0.00742444, 0.23293915, 0.06879043
-0.71391952, 0.61922055, -0.32679221
0.93590117, 0.86336499
-0.00742444, 0.22535579, 0.05330867
-0.71559799, 0.63832515, -0.28354746
0.9187305, 0.82831031
3.378e-05, 0.23293915, 0.06879043
0.0, 0.88436538, -0.46671957
0.95495379, 0.85467499
3.378e-05, 0.22535579, 0.05330867
0.0, 0.91387677, -0.40595722
0.93423074, 0.82117808
0.01199355, 0.06972396, 0.01648634
0.70702231, 0.03039644, 0.70650351
0.12384701, 0.64670485
0.01199351, 0.05018676, -0.01059905
0.86367381, -0.18735313, -0.46787927
0.08806381, 0.5970968
0.01199351, 0.06972396, -0.0314334
0.62761313, -0.30942717, -0.71434677
0.12384701, 0.55893785
0.01199356, 0.25118205, -0.0314334
0.89440596, 0.44718772, 0.0
0.45619518, 0.55893785
0.01199355, 0.22011834, -0.01702244
1.0, 0.0, 0.0
0.39930075, 0.58533221
0.01199356, 0.22011834, -0.0314334
0.90450758, -0.30149236, -0.30149236
0.39930069, 0.55893785
0.00701054, -0.06373711, 0.00718579
0.70702231, -0.10400708, -0.69948423
0.49388155, 0.75637741
2.688e-05, -0.13241805, 0.01742281
0.0, -0.80037844, -0.59944457
0.38300967, 0.75577185
2.687e-05, -0.06373711, 0.00718579
0.0, -0.14706869, -0.98910487
0.49006176, 0.73609397
3.379e-05, 0.05018685, -0.01059905
0.0, 0.06646931, -0.99777216
0.06977141, 0.57717586
3.379e-05, 0.06972396, -0.0314334
0.0, -0.39744255, -0.91760004
0.10841732, 0.54241437
3.379e-05, 0.05018685, 0.01732152
0.0, 0.52027953, 0.85396892
0.08881646, 0.67003739
0.01199356, 0.05018685, 0.01732152
0.74758142, 0.15546128, 0.64568013
0.08806393, 0.64823449
0.01199354, 0.22011834, 0.00996812
0.77376628, -0.14578693, 0.6164434
0.39930075, 0.63476646
3.379e-05, 0.06972405, 0.01648634
0.0, 0.04300058, 0.99905396
0.12452757, 0.66856825
3.378e-05, 0.22011834, -0.0314334
0.0, -0.70708334, -0.70708334
0.39930069, 0.53382063
0.00701054, -0.12185082, 0.09397834
0.57820368, -0.49787897, 0.64635152
0.40244782, 0.89293307
0.00701054, -0.13241822, 0.01742281
0.5778985, -0.65318763, -0.48921171
0.38582152, 0.77248389
2.688e-05, -0.12185081, 0.09397834
0.0, -0.61021757, 0.79219949
0.40468773, 0.91666987
0.00701054, -0.09543881, 0.09076909
0.6432386, 0.32456434, 0.69344157
0.4440034, 0.88788383
2.687e-05, -0.09543881, 0.09076909
0.0, 0.42390209, 0.90569782
0.4512963, 0.90984225
0.00701054, -0.09693439, 0.07343577
0.96139407, 0.10193183, -0.25550097
0.44165036, 0.86450994
0.01199351, 0.05018676, -0.01059905
0.86367381, -0.18735313, -0.46787927
0.67312449, 0.72839564
3.379e-05, 0.05018685, 0.01732152
0.0, 0.52027953, 0.85396892
0.69787163, 0.78439203
0.01199356, 0.05018685, 0.01732152
0.74758142, 0.15546128, 0.64568013
0.67312461, 0.77232468
0.00701054, -0.0321308, 0.0312433
0.77837461, 0.2793054, 0.56221199
0.5436095, 0.79422855
2.687e-05, -0.0321308, 0.0312433
0.0, 0.44489884, 0.89556569
0.55304313, 0.81409205
2.687e-05, -0.0182613, 0.00043936
0.0, -0.15295877, -0.98821986
0.56363153, 0.72103533
0.00701054, -0.0182613, 0.00043936
0.70851773, -0.10794397, -0.69734794
0.56543118, 0.74576294
0.00701051, 0.04529097, -0.00980952
0.51713616, -0.36454359, -0.77434611
0.66542166, 0.72963786
3.379e-05, 0.05018685, -0.01059905
0.0, 0.06646931, -0.99777216
0.68902534, 0.71153188
0.00701054, 0.04529094, 0.01814953
0.57792902, -0.07989746, 0.81215858
0.66542161, 0.77362743
3.377e-05, 0.32657203, 0.00569116
0.0, 0.71984011, 0.69411296
0.6515708, 0.64804846
0.0094487, 0.32657203, -0.01702244
0.69505906, 0.71892452, 0.0
0.63432688, 0.60644752
3.377e-05, 0.32657203, -0.01702244
0.0, 1.0, 0.0
0.6515708, 0.60644752
0.00944873, 0.32657203, 0.00569116
0.56840724, 0.5957213, 0.56743068
0.63432688, 0.64804846
0.01199355, 0.25118208, -0.01702244
0.99984741, 0.01684622, 0.0
0.49624693, 0.60644752
3.378e-05, 0.23016018, 0.01555658
0.0, -0.09042634, 0.99588001
0.44709224, 0.68525767
0.01199354, 0.22011834, 0.00996812
0.77376628, -0.14578693, 0.6164434
0.43935257, 0.65588176
0.01199359, 0.23016018, 0.01555658
0.62623984, -0.07049776, 0.77642143
0.45774436, 0.66611737
3.377e-05, 0.25118208, 0.00843364
0.0, 0.18051699, 0.98355055
0.49778, 0.67491019
3.377e-05, 0.32657203, 0.00569116
0.0, 0.71984011, 0.69411296
0.63553375, 0.66524023
0.01199356, 0.22011834, -0.03633111
0.57734919, -0.57734919, -0.57734919
0.39930069, 0.54996747
0.01199355, 0.22011834, -0.01702244
1.0, 0.0, 0.0
0.43935242, 0.60644752
0.01199359, 0.25118208, 0.00843365
0.7435835, 0.13257241, 0.65532398
0.49624693, 0.65307146
3.377e-05, 0.25118208, 0.00843364
0.0, 0.18051699, 0.98355055
0.50327653, 0.67381787
3.377e-05, 0.32657197, -0.03633111
0.0, 0.70708334, -0.70708334
0.65157074, 0.57108283
0.0094487, 0.32657197, -0.03633111
0.56663716, 0.58607745, -0.57911921
0.63432688, 0.57108283
0.00218736, 0.37192568, -0.03056464
0.32682273, -0.30542925, -0.89434493
0.77678955, 0.5570271
3.377e-05, 0.32657197, -0.03056461
0.0, 0.0, -1.0
0.68134403, 0.5530827
3.376e-05, 0.37192568, -0.03056464
0.0, -0.33790094, -0.94116032
0.77678955, 0.5530827
3.377e-05, 0.25118208, -0.03633111
0.0, 0.44718772, -0.89440596
0.4969855, 0.5492028
3.377e-05, 0.32657197, -0.03633111
0.0, 0.70708334, -0.70708334
0.63490832, 0.5538584
0.00218737, 0.32657197, -0.03056461
0.38267159, 0.0, -0.92385632
0.68134403, 0.5570271
0.00523295, 0.37192568, -0.02751897
0.85793632, -0.50273138, -0.10559404
0.77678955, 0.56260532
0.005233, 0.32657197, -0.02751897
0.92385632, 0.0, -0.38267159
0.68134403, 0.56260532
0.00262914, 0.32657203, -0.00299336
0.38267159, 0.0, 0.92385632
0.68134403, 0.60557157
3.375e-05, 0.50680959, -0.00299336
0.0, -0.70708334, 0.70708334
0.92127073, 0.6102252
3.377e-05, 0.32657203, -0.00299336
0.0, 0.0, 1.0
0.6813336, 0.60975963
0.00262914, 0.32657203, -0.01552487
0.38267159, 0.0, -0.92385632
0.68134403, 0.58652639
0.00629953, 0.50680959, -0.01185447
0.54911953, -0.80416274, -0.22742394
0.92264462, 0.59210449
0.00629954, 0.32657203, -0.01185447
0.92385632, 0.0, -0.38267159
0.68134403, 0.59210449
0.005233, 0.32657203, -0.02321182
0.92385632, 0.0, 0.38267159
0.68134403, 0.570494
0.005233, 0.37192568, -0.02321182
0.92385632, 0.0, 0.38267159
0.77678955, 0.570494
0.00629953, 0.50680959, -0.00666377
0.54911953, -0.80416274, 0.22745445
0.92264462, 0.59999347
0.00629954, 0.32657203, -0.00666374
0.92385632, 0.0, 0.38267159
0.68134403, 0.59999347
0.00218737, 0.32657203, -0.0201662
0.38267159, 0.0, 0.92385632
0.68134403, 0.57607234
0.00218736, 0.37192568, -0.02016616
0.38267159, 0.0, 0.92385632
0.77678955, 0.57607234
0.00262913, 0.50680959, -0.00299336
0.22745445, -0.80419326, 0.54908901
0.92264462, 0.60557157
3.376e-05, 0.37192568, -0.02016616
0.0, 0.0, 1.0
0.77678955, 0.58001685
3.377e-05, 0.32657203, -0.0201662
0.0, 0.0, 1.0
0.68134403, 0.58001673
3.375e-05, 0.50680959, -0.01622761
0.0, -0.70708334, -0.70708334
0.92176175, 0.58163297
0.00262913, 0.50680959, -0.01552487
0.22745445, -0.80416274, -0.54911953
0.9226445, 0.58652639
3.375e-05, 0.50680959, -0.01552487
0.0, -0.70708334, -0.70708334
0.92136383, 0.58222026
3.377e-05, 0.32657203, -0.01552487
0.0, 0.0, -1.0
0.68133903, 0.58279771
3.376e-05, 0.37192568, -0.00193033
0.0, -0.70708334, 0.70708334
0.76602322, 0.6902231
0.00674924, 0.37192568, -0.01578175
0.71950436, -0.69292277, -0.04626606
0.77678955, 0.65446496
0.00674924, 0.37192568, -0.00193033
0.57734919, -0.57734919, 0.57734919
0.77678955, 0.67699885
3.376e-05, 0.38167074, -0.01578175
0.0, 0.99996948, 0.0
0.82242918, 0.65001422
0.00523294, 0.38167074, -0.02751897
0.68352306, 0.7293008, -0.02938933
0.79193914, 0.64643484
3.376e-05, 0.38167074, -0.02751897
0.0, 0.99978638, 0.01977599
0.79984635, 0.63426262
0.00674924, 0.38167074, -0.01578175
0.71950436, 0.69292277, -0.04626606
0.80930471, 0.65446496
3.376e-05, 0.37192568, -0.03056464
0.0, -0.33790094, -0.94116032
0.77387094, 0.62181497
0.00218736, 0.37192568, -0.03056464
0.32682273, -0.30542925, -0.89434493
0.77678955, 0.62738961
0.00523295, 0.37192568, -0.02751897
0.85793632, -0.50273138, -0.10559404
0.77678955, 0.63296777
0.00674924, 0.38167074, -0.00193033
0.57734919, 0.57734919, 0.57734919
0.80930471, 0.67699885
3.376e-05, 0.38167074, -0.00193033
0.0, 0.70708334, 0.70708334
0.81919765, 0.686984
0.00700226, 0.50680959, -0.01214556
0.71727651, -0.63023776, -0.29709768
0.92264462, 0.59166223
3.375e-05, 0.50680959, -0.00229063
0.0, -0.70708334, 0.70708334
0.92168123, 0.61121464
0.00700226, 0.50680959, -0.00637268
0.71727651, -0.63023776, 0.29709768
0.91494679, 0.38463187
0.00262913, 0.50680959, -0.00299336
0.22745445, -0.80419326, 0.54908901
0.91494679, 0.37949622
0.00629953, 0.50680959, -0.00666377
0.54911953, -0.80416274, 0.22745445
0.91494679, 0.38507426
0.00700226, 0.50680959, -0.00637268
0.71727651, -0.63023776, 0.29709768
0.92264462, 0.60043591
0.00700226, 0.5326196, -0.00637268
0.71727651, 0.63023776, 0.29709768
0.96187031, 0.60043591
0.00292021, 0.50680959, -0.00229063
0.29709768, -0.63026828, 0.717246
0.9226445, 0.60663968
0.00292021, 0.5326196, -0.01622761
0.29709768, 0.63023776, -0.71727651
0.94260031, 0.58545852
0.00292021, 0.50680959, -0.01622761
0.29709768, -0.63023776, -0.71727651
0.92264462, 0.58545852
0.00700226, 0.5326196, -0.01214556
0.71727651, 0.63023776, -0.29709768
0.95058227, 0.59166223
0.00292021, 0.5326196, -0.00229063
0.29709768, 0.63023776, 0.71727651
0.96187031, 0.60663968
0.00292021, 0.5326196, -0.00229063
0.29709768, 0.63023776, 0.71727651
0.98805034, 0.60795701
0.00700226, 0.5326196, -0.00637268
0.71727651, 0.63023776, 0.29709768
0.99459481, 0.60141248
0.00292021, 0.5326196, -0.01622761
0.29709768, 0.63023776, -0.71727651
0.98805034, 0.5856126
0.00523294, 0.38167074, -0.02751897
0.68352306, 0.7293008, -0.02938933
0.9226445, 0.57297903
3.376e-05, 0.38167074, -0.04887936
0.0, 0.70708334, -0.70708334
0.92804343, 0.520226
3.376e-05, 0.38167074, -0.02751897
0.0, 0.99978638, 0.01977599
0.92659563, 0.5769707
3.376e-05, 0.37192568, -0.02751897
0.0, -0.70708334, 0.70708334
0.88903487, 0.57827061
0.00523295, 0.37192568, -0.04887936
0.57734919, -0.57734919, -0.57734919
0.90700185, 0.52018422
0.00523295, 0.37192568, -0.02751897
0.85793632, -0.50273138, -0.10559404
0.89467573, 0.57297903
0.00523294, 0.38167074, -0.04887936
0.57734919, 0.57734919, -0.57734919
0.9226445, 0.52018422
3.376e-05, 0.37192568, -0.04887936
0.0, -0.70708334, -0.70708334
0.90700185, 0.51623976
3.376e-05, 0.38167074, -0.04887936
0.0, 0.70708334, -0.70708334
0.9226445, 0.51623982
3.378e-05, 0.22011834, -0.03633111
0.0, -0.70708334, -0.70708334
0.39930069, 0.53200805
0.01199356, 0.25118205, -0.03633111
0.66716516, 0.34492019, -0.66020691
0.45619518, 0.54996747
3.377e-05, 0.25118208, -0.0314334
0.0, 1.0, 0.0
0.46553606, 0.53200805
0.01199356, 0.25118205, -0.0314334
0.89440596, 0.44718772, 0.0
0.46553609, 0.54996747
0.00744386, 0.23772213, -0.03633111
0.0, 0.10559404, -0.99438459
0.54348308, 0.48882854
0.00744386, 0.20053294, -0.04028057
0.0, 0.10559404, -0.99438459
0.47934309, 0.48882854
3.379e-05, 0.08886404, 0.03606621
0.0, 0.9429304, 0.33295694
0.29179829, 0.89444213
0.01037927, 0.14750206, 0.03606621
0.57734919, 0.57734919, 0.57734919
0.27285004, 0.787044
3.378e-05, 0.14750206, 0.03606621
0.0, 0.70708334, 0.70708334
0.29179829, 0.787044
0.01037928, 0.07461397, 0.08375664
0.59416485, 0.48048341, 0.6450392
0.13935238, 0.87439103
3.379e-05, 0.08886404, 0.03606621
0.0, 0.9429304, 0.33295694
0.189946, 0.79476361
3.379e-05, 0.07461397, 0.08375664
0.0, 0.59736931, 0.8019349
0.15311095, 0.89677484
0.01037928, 0.04608736, 0.08375664
0.56266975, -0.66832483, 0.48649555
0.08710468, 0.87439103
0.01037928, 0.08886404, 0.03606621
0.84517962, 0.50392163, 0.1779229
0.16545188, 0.787044
3.379e-05, 0.04608736, 0.08375664
0.0, -0.80846584, 0.5884884
0.06238389, 0.89581527
0.01037928, 0.06836333, 0.01477307
0.76595354, -0.14468825, -0.62639242
0.12790403, 0.74804473
3.379e-05, 0.08886404, 0.03606621
0.0, 0.9429304, 0.33295694
0.12368324, 0.67904323
0.01037928, 0.08886404, 0.03606621
0.84517962, 0.50392163, 0.1779229
0.14565912, 0.68525767
3.378e-05, 0.14750206, 0.01166099
0.0, 1.0, 0.0
0.29179829, 0.74234474
0.01037923, 0.09625357, 0.01659548
0.90020448, 0.31342509, 0.30219427
0.17898625, 0.75138243
0.01037927, 0.14750206, 0.01166099
0.69808036, 0.71599478, 0.0
0.27285004, 0.74234474
3.379e-05, 0.09625357, 0.03280421
0.0, 0.70708334, -0.70708334
0.19934326, 0.75567256
0.01037923, 0.09625357, 0.03280421
0.90450758, 0.30149236, -0.30149236
0.17898625, 0.78106944
0.01037923, 0.1303995, 0.03280421
0.90450758, -0.30149236, -0.30149236
0.24152592, 0.78106944
3.379e-05, 0.1303995, 0.01534975
0.0, -0.69408244, 0.71987063
0.22836408, 0.75546779
0.01037923, 0.1303995, 0.01534975
0.90874964, -0.28962067, 0.3003937
0.24152592, 0.74910086
3.379e-05, 0.09625357, 0.01659548
0.0, 0.71987063, 0.69408244
0.20055583, 0.75651987
3.379e-05, 0.1303995, 0.03280421
0.0, -0.70708334, -0.70708334
0.224742, 0.76116277
0.00749201, 0.17953172, 0.09109928
0.69032866, -0.63744009, 0.34211248
0.81497324, 0.91387783
0.007492, 0.19376422, 0.11336179
0.58217108, -0.20999786, 0.78545487
0.8471992, 0.96428581
0.00749201, 0.21449727, 0.02617096
0.729545, 0.6565752, -0.19141209
0.89414406, 0.76686367
0.00749201, 0.15892686, 0.04241337
0.69454026, -0.68019652, 0.23432112
0.76831853, 0.80364051
0.00749201, 0.21156433, 0.01064962
0.5877865, 0.51619005, -0.62288278
0.88750315, 0.73171943
0.00749201, 0.14996698, 0.01064964
0.56422621, -0.65825373, -0.4982757
0.74803108, 0.73171932
0.007492, 0.24353588, 0.08748271
0.57545704, 0.78417307, 0.23212378
0.95989484, 0.90568911
0.00749201, 0.17044172, 0.07054009
0.70397043, -0.65343183, 0.2781457
0.79439116, 0.86732659
0.007492, 0.23293915, 0.06879043
0.71391952, 0.61922055, -0.32679221
0.93590117, 0.86336502
0.007492, 0.22535579, 0.05330867
0.71559799, 0.63832515, -0.28354746
0.9187305, 0.82831037
0.02356888, 0.20764971, -0.01275514
0.57734919, 0.57734919, 0.57734919
0.64633441, 0.48735303
0.02356888, 0.20153862, -0.01886626
0.57734919, -0.57734919, -0.57734919
0.63368744, 0.5
0.02356888, 0.20764971, -0.01886626
0.57734919, 0.57734919, -0.57734919
0.64633441, 0.50000006
0.02356888, 0.20153862, -0.01275514
0.57734919, -0.57734919, 0.57734919
0.64633441, 0.52529395
0.01199356, 0.20153862, -0.01886626
0.0, -0.70708334, -0.70708334
0.67028952, 0.51264691
0.02356888, 0.20153862, -0.01886626
0.57734919, -0.57734919, -0.57734919
0.64633441, 0.51264697
0.01199356, 0.20764971, -0.01275514
0.0, 0.70708334, 0.70708334
0.67028958, 0.48735309
0.01199356, 0.20764971, -0.01886626
0.0, 0.70708334, -0.70708334
0.67028952, 0.5
0.02356888, 0.20153862, -0.01275514
0.57734919, -0.57734919, 0.57734919
0.64633441, 0.47470605
0.01199356, 0.20153862, -0.01275514
0.0, -0.70708334, 0.70708334
0.67028958, 0.47470611
-0.00695676, -0.10289681, 0.02481915
-0.89828181, 0.35322124, 0.26133001
0.43226933, 0.78412099
0.00701054, -0.02287664, 0.01068996
0.70708334, 0.12292856, 0.69631028
0.55816954, 0.76189084
-0.00695676, 0.03217484, 0.0009695
-0.89861751, -0.24246956, 0.36558121
0.64478534, 0.753418
0.00701054, -0.10289681, 0.02481915
0.89828181, 0.35322124, 0.26133001
0.4322693, 0.78412093
-0.00695676, -0.09693439, 0.07343577
-0.96139407, 0.10193183, -0.25550097
0.44165039, 0.86515957
0.00701054, -0.03181646, 0.01974287
0.65282142, -0.31278419, -0.68987089
0.5441041, 0.78431928
-0.00695676, 0.0340094, 0.00899582
-0.91180152, -0.34070864, -0.22916348
0.64767176, 0.77286713
0.00701054, 0.0340094, 0.00899582
0.91180152, -0.34070864, -0.22916348
0.64767164, 0.76604624
0.00701054, 0.03217484, 0.0009695
0.89861751, -0.24246956, 0.36558121
0.64478534, 0.74887073
-0.00695676, -0.03181646, 0.01974287
-0.65282142, -0.31278419, -0.68987089
0.5441041, 0.78977601
2.687e-05, 0.04529095, 0.01814953
0.0, 0.16675314, 0.98599201
0.6892578, 0.78615846
-0.00695676, 0.0340094, 0.00899582
-0.91180152, -0.34070864, -0.22916348
0.64891189, 0.23706436
2.687e-05, 0.04529097, -0.00980951
0.0, -0.15918455, -0.98724324
0.68005627, 0.71221164
-0.01192603, 0.25118208, -0.01702244
-0.99984741, 0.01684622, 0.0
0.45619524, 0.41466904
2.687e-05, -0.06373711, 0.00718579
0.0, -0.14706869, -0.98910487
0.49147576, 0.26005858
3.379e-05, 0.06972396, -0.0314334
0.0, -0.39744255, -0.91760004
0.1101751, 0.45719618
3.379e-05, 0.06972396, -0.0314334
0.0, -0.39744255, -0.91760004
0.12384698, 0.46618056
-0.00695676, -0.0321308, 0.0312433
-0.77837461, 0.2793054, 0.56221199
0.54484969, 0.20206112
2.687e-05, 0.04529097, -0.00980951
0.0, -0.15918455, -0.98724324
0.68312371, 0.28616494
-0.00695676, -0.03181646, 0.01974287
-0.65282142, -0.31278419, -0.68987089
0.54534423, 0.22015548
-0.00695676, -0.02287664, 0.01068996
-1.0, 0.0, 0.0
0.5594098, 0.23439884
3.377e-05, 0.32657197, -0.03633111
0.0, 0.70708334, -0.70708334
0.65157074, 0.42891848
3.377e-05, 0.32657197, -0.03633111
0.0, 0.70708334, -0.70708334
0.63490832, 0.44614279
-0.00211983, 0.37192568, -0.02016616
-0.38267159, 0.0, 0.92385632
0.77678955, 0.42392898
-0.0028527, 0.50680959, -0.00229063
-0.29709768, -0.63026828, 0.717246
0.9226445, 0.41800141
3.375e-05, 0.5326196, -0.00229063
0.0, 0.70708334, 0.70708334
0.96581483, 0.3885206
-0.00693476, 0.5326196, -0.01214556
-0.71727651, 0.63023776, -0.29709768
0.97225046, 0.59215719
3.376e-05, 0.38167074, -0.04887936
0.0, 0.70708334, -0.70708334
0.92804337, 0.47856915
3.376e-05, 0.37192568, -0.04887936
0.0, -0.70708334, -0.70708334
0.90270352, 0.47960544
3.376e-05, 0.37192568, -0.04887936
0.0, -0.70708334, -0.70708334
0.90700185, 0.48255539
-0.00737631, 0.20053294, -0.04028057
0.0, 0.10559404, -0.99438459
0.47934306, 0.51424593
3.379e-05, 0.06836333, 0.01477307
0.0, -0.22507401, -0.97433394
0.10592818, 0.25817108
3.378e-05, 0.14996698, 0.01064964
0.0, -0.79732656, -0.60353404
0.73093897, 0.7183401
0.01199355, 0.25118208, -0.01702244
0.99984741, 0.01684622, 0.0
0.45619524, 0.58533221
3.378e-05, 0.22011837, 0.00996812
0.0, -0.23017059, 0.9731437
0.40025264, 0.65665871
3.379e-05, 0.06972396, -0.0314334
0.0, -0.39744255, -0.91760004
0.12384701, 0.53382063
3.378e-05, 0.22011837, 0.00996812
0.0, -0.23017059, 0.9731437
0.42870045, 0.67502207
3.378e-05, 0.23016018, 0.01555658
0.0, -0.09042634, 0.99588001
0.46477386, 0.68686378
0.01199356, 0.25118205, -0.03633111
0.66716516, 0.34492019, -0.66020691
0.49624693, 0.57108283
3.376e-05, 0.37192568, -0.01578175
0.0, -1.0, 0.0
0.76262963, 0.65367955
0.00292021, 0.50680959, -0.00229063
0.29709768, -0.63026828, 0.717246
0.91494668, 0.3784281
3.375e-05, 0.5326196, -0.00229063
0.0, 0.70708334, 0.70708334
0.96581483, 0.61148071
0.00700226, 0.5326196, -0.01214556
0.71727651, 0.63023776, -0.29709768
0.99459481, 0.59215719
3.375e-05, 0.5326196, -0.01622761
0.0, 0.70708334, -0.70708334
0.9426831, 0.57954746
3.376e-05, 0.37192568, -0.04887936
0.0, -0.70708334, -0.70708334
0.9027034, 0.51918977
3.377e-05, 0.25118208, -0.03633111
0.0, 0.44718772, -0.89440596
0.45619518, 0.53200805
0.01037928, 0.08886404, 0.03606621
0.84517962, 0.50392163, 0.1779229
0.27284998, 0.89444213
3.379e-05, 0.06836333, 0.01477307
0.0, -0.22507401, -0.97433394
0.10592815, 0.74183035
0.02356888, 0.20153862, -0.01275514
0.57734919, -0.57734919, 0.57734919
0.63368744, 0.48735303
0.01199356, 0.20153862, -0.01275514
0.0, -0.70708334, 0.70708334
0.67028958, 0.52529395
-0.00695676, 0.03217484, 0.0009695
-0.89861751, -0.24246956, 0.36558121
0.64602554, 0.24969262
# Number of Faces:
445
# Face Data:
0, 1, 2
3, 4, 5
6, 7, 8
9, 10, 1
0, 11, 12
13, 12, 14
15, 9, 5
3, 9, 0
16, 7, 17
18, 17, 19
20, 21, 22
20, 23, 24
25, 18, 19
26, 6, 27
23, 21, 24
28, 22, 29
30, 8, 31
32, 33, 34
33, 35, 36
37, 38, 39
33, 40, 41
4, 42, 5
43, 38, 44
45, 44, 46
32, 47, 48
47, 35, 48
49, 50, 51
47, 52, 53
54, 55, 56
57, 58, 59
60, 61, 62
63, 54, 56
64, 62, 65
66, 67, 63
68, 65, 58
69, 66, 70
71, 72, 73
71, 74, 61
75, 76, 77
78, 79, 80
80, 79, 75
81, 82, 83
84, 77, 76
80, 77, 85
78, 85, 84
75, 79, 81
86, 87, 82
81, 79, 86
71, 88, 89
68, 90, 91
92, 93, 94
64, 88, 60
91, 95, 96
88, 97, 89
96, 98, 88
90, 99, 91
100, 101, 102
103, 104, 100
105, 103, 106
89, 107, 72
108, 109, 110
111, 112, 113
110, 112, 108
114, 111, 109
110, 111, 113
115, 116, 117
118, 116, 119
120, 121, 122
5, 115, 15
123, 124, 125
126, 127, 128
129, 130, 127
131, 132, 130
127, 132, 128
133, 131, 134
135, 136, 123
137, 138, 139
140, 138, 141
129, 142, 141
143, 142, 139
144, 139, 138
145, 141, 142
146, 147, 148
149, 150, 151
152, 153, 150
154, 155, 153
156, 147, 157
149, 154, 152
158, 159, 146
153, 160, 158
161, 148, 156
162, 146, 161
150, 158, 162
163, 156, 157
164, 161, 163
151, 162, 164
165, 166, 167
168, 169, 170
171, 172, 173
167, 174, 175
165, 176, 177
178, 179, 165
167, 180, 170
167, 170, 169
181, 172, 182
183, 184, 185
181, 182, 186
187, 188, 189
185, 190, 191
171, 192, 193
194, 195, 187
188, 196, 189
189, 194, 187
197, 198, 199
200, 201, 198
202, 203, 204
205, 200, 206
207, 168, 170
204, 208, 209
210, 204, 209
198, 211, 199
201, 212, 198
213, 214, 215
212, 216, 217
218, 219, 220
221, 222, 223
224, 225, 226
227, 219, 228
226, 229, 230
231, 228, 232
230, 233, 221
231, 234, 235
236, 237, 238
239, 237, 224
240, 241, 242
243, 244, 245
246, 241, 244
247, 248, 249
240, 250, 251
242, 246, 250
250, 243, 251
241, 249, 244
245, 248, 247
249, 248, 244
237, 252, 225
233, 253, 222
254, 255, 256
225, 257, 229
258, 259, 257
260, 252, 261
262, 257, 252
263, 253, 259
264, 100, 102
265, 103, 100
103, 266, 106
236, 260, 261
267, 268, 269
270, 271, 272
270, 267, 269
273, 274, 275
271, 267, 272
276, 277, 207
277, 278, 279
120, 280, 281
276, 170, 180
282, 283, 284
285, 286, 287
288, 289, 285
290, 291, 288
290, 285, 287
291, 292, 293
283, 294, 284
295, 291, 296
295, 297, 298
289, 299, 283
299, 300, 301
301, 302, 295
298, 303, 299
147, 304, 305
306, 149, 151
307, 308, 306
155, 309, 307
147, 310, 157
309, 149, 308
159, 311, 304
160, 307, 311
305, 312, 310
304, 313, 312
311, 306, 313
310, 163, 157
312, 164, 163
313, 151, 164
314, 315, 316
317, 318, 319
320, 316, 321
318, 316, 319
322, 320, 323
324, 325, 326
327, 328, 186
329, 330, 331
332, 330, 326
186, 333, 329
194, 331, 332
334, 190, 196
22, 25, 29
22, 21, 335
21, 26, 27
194, 192, 336
0, 9, 1
3, 337, 4
6, 338, 7
9, 339, 10
0, 2, 11
13, 0, 12
15, 340, 9
0, 13, 3
3, 5, 9
16, 8, 7
18, 16, 17
20, 24, 21
20, 28, 23
25, 341, 18
26, 338, 6
23, 342, 21
28, 20, 22
18, 341, 31
341, 343, 31
8, 16, 31
27, 6, 344
30, 344, 6
18, 31, 16
30, 6, 8
32, 48, 33
33, 48, 35
37, 44, 38
33, 36, 40
4, 116, 42
44, 36, 43
35, 43, 36
45, 36, 44
32, 345, 47
47, 53, 35
49, 55, 50
47, 346, 52
54, 50, 55
57, 68, 58
60, 71, 61
63, 67, 54
64, 60, 62
66, 347, 67
68, 64, 65
69, 347, 66
71, 89, 72
71, 73, 74
75, 83, 76
78, 87, 79
83, 75, 81
81, 86, 82
84, 85, 77
80, 75, 77
78, 80, 85
86, 79, 87
71, 60, 88
68, 57, 90
92, 348, 93
64, 96, 88
91, 99, 95
88, 98, 97
96, 95, 98
90, 349, 99
100, 104, 101
103, 350, 104
105, 350, 103
89, 97, 107
108, 351, 109
111, 352, 112
110, 113, 112
114, 353, 111
110, 109, 111
115, 42, 116
118, 117, 116
120, 354, 121
5, 42, 115
123, 136, 124
126, 129, 127
129, 131, 130
131, 355, 132
127, 130, 132
133, 355, 131
135, 137, 136
142, 136, 139
131, 129, 138
129, 141, 138
139, 136, 137
131, 138, 137
140, 144, 138
129, 136, 142
143, 145, 142
144, 143, 139
145, 140, 141
146, 159, 147
149, 152, 150
152, 154, 153
154, 356, 155
156, 148, 147
149, 356, 154
158, 160, 159
153, 155, 160
161, 146, 148
162, 158, 146
150, 153, 158
163, 161, 156
164, 162, 161
151, 150, 162
165, 177, 166
168, 357, 169
171, 182, 172
167, 166, 174
165, 179, 176
178, 358, 179
167, 359, 180
169, 178, 165
165, 167, 169
181, 183, 172
183, 181, 184
329, 190, 186
184, 181, 186
182, 171, 327
193, 325, 171
186, 190, 184
171, 325, 327
327, 186, 182
187, 195, 188
185, 184, 190
171, 173, 192
194, 336, 195
188, 334, 196
189, 196, 194
197, 200, 198
200, 209, 201
202, 360, 203
205, 209, 200
207, 277, 168
201, 209, 208
204, 203, 208
210, 361, 204
198, 212, 211
201, 362, 212
213, 218, 214
212, 362, 216
218, 213, 219
221, 233, 222
224, 237, 225
227, 220, 219
226, 225, 229
231, 227, 228
230, 229, 233
231, 232, 234
236, 261, 237
239, 238, 237
240, 363, 241
243, 246, 244
249, 241, 363
363, 247, 249
240, 242, 250
242, 241, 246
250, 246, 243
245, 244, 248
237, 261, 252
233, 259, 253
254, 364, 255
225, 252, 257
258, 263, 259
260, 262, 252
262, 258, 257
263, 365, 253
264, 265, 100
265, 366, 103
103, 366, 266
236, 367, 260
267, 273, 268
270, 368, 271
270, 272, 267
273, 271, 274
271, 273, 267
276, 369, 277
277, 369, 278
120, 122, 280
276, 207, 170
282, 370, 283
285, 289, 286
288, 291, 289
290, 371, 291
290, 288, 285
291, 371, 292
283, 296, 294
296, 283, 301
283, 299, 301
298, 289, 295
296, 301, 295
295, 289, 291
295, 302, 297
289, 298, 299
299, 303, 300
301, 300, 302
298, 297, 303
147, 159, 304
306, 308, 149
307, 309, 308
155, 356, 309
147, 305, 310
309, 356, 149
159, 160, 311
160, 155, 307
305, 304, 312
304, 311, 313
311, 307, 306
310, 312, 163
312, 313, 164
313, 306, 151
314, 372, 315
317, 373, 318
320, 314, 316
318, 321, 316
322, 314, 320
332, 326, 325
324, 327, 325
327, 324, 328
329, 333, 330
332, 331, 330
186, 328, 333
196, 190, 331
190, 329, 331
325, 193, 332
196, 331, 194
332, 193, 194
334, 191, 190
22, 341, 25
21, 27, 374
27, 344, 374
343, 341, 335
21, 374, 335
335, 341, 22
21, 342, 26
194, 193, 192
