# Project Zomboid Skinned Mesh
# File Version:
1.0
# Model Name:
Cube
# Vertex Stride Element Count:
3
# Vertex Stride Size (in bytes):
76
# Vertex Stride Data:
# (Int)    Offset
# (String) Type
0
VertexArray
12
NormalArray
24
TextureCoordArray
# Vertex Count:
311
# Vertex Buffer:
0.01140156, 0.39471155, 0.00086579
0.58055359, 0.59266943, 0.5582751
0.75270611, 0.86079186
0.0, 0.39471155, -0.01678756
0.0, 0.70708334, -0.70708334
0.75270611, 0.81989825
0.0, 0.39471155, 0.00086579
0.0, 0.72789699, 0.68565935
0.75270611, 0.87640357
0.01140156, 0.1149593, -0.01678756
0.67418438, -0.11310159, -0.72981966
0.35208735, 0.83551139
0.01140156, 0.39471155, -0.01678756
0.57734919, 0.57734919, -0.57734919
0.75270611, 0.83551139
0.0, 0.08222181, 0.01954786
0.0, 0.35032198, 0.93661308
0.30520555, 0.90532005
0.00705233, 0.15094794, -0.0212593
0.54911953, 0.80416274, -0.22745445
0.1770625, 0.55810645
0.00292117, 0.20431162, -0.02539048
0.22745445, -0.80416274, -0.54911953
0.25348186, 0.55219045
0.00705233, 0.20431162, -0.0212593
0.54911953, -0.80416274, -0.22745445
0.25348192, 0.55810645
0.01140156, 0.04086545, -0.00626049
0.66493726, 0.13779107, -0.73406172
0.24598123, 0.85058665
0.0, 0.05883189, 0.0010377
0.0, 0.03915525, -0.99920654
0.27171013, 0.84290588
0.01140156, 0.05883189, 0.0010377
0.79213846, 0.02389599, -0.60985136
0.27171013, 0.86103803
0.0, 0.06574653, 0.03223304
0.0, 0.78463089, 0.61992246
0.28161225, 0.91801137
0.01140156, 0.08222181, 0.01954786
0.7795648, 0.21939756, 0.58656573
0.30520555, 0.88754547
0.01140156, 0.01833752, 0.04146978
0.78518021, -0.01562548, 0.61903745
0.21372014, 0.91893876
0.01140156, -0.11496665, -0.0039706
0.57811213, -0.581164, -0.57267982
0.02282207, 0.85386592
0.01140156, 0.06574653, 0.03223304
0.7662282, 0.50416577, 0.39832759
0.28161225, 0.90571129
0.0, 0.05557063, 0.05485786
0.0, 0.39075899, 0.92046875
0.26703992, 0.95064104
0.0, -0.11496665, 0.08193039
0.0, -0.59562975, 0.80324715
0.02036129, 0.99998701
0.01140156, -0.11496665, 0.08193039
0.56340218, -0.49208045, 0.663625
0.02282207, 0.97688037
0.0, 0.1149593, -0.01678756
0.0, -0.15314189, -0.98818934
0.35208735, 0.8176018
0.0, 0.01833752, 0.04146978
0.0, -0.02523881, 0.99966431
0.21372014, 0.93880355
0.0, 0.04086545, -0.00626049
0.0, 0.18451491, -0.98281807
0.24598123, 0.83243328
0.01140156, 0.05557063, 0.05485786
0.58153021, 0.31788081, 0.74883264
0.26703992, 0.93811119
0.00820948, 0.15094794, -0.01493764
0.79998171, 0.59999388, 0.0
0.1770625, 0.56715938
0.00705233, 0.15094794, -0.01541696
0.62468338, 0.7808466, 0.0
0.1770625, 0.56647298
0.00262795, 0.28787661, -0.02468257
0.38245797, 0.03265481, -0.92336804
0.37315077, 0.55320415
0.0, 0.23122455, -0.02808215
0.0, 0.02993866, -0.99954224
0.29196787, 0.54405493
0.0, 0.28787661, -0.02468257
0.0, 0.02993866, -0.99954224
0.37332702, 0.54813281
0.00634444, 0.60486472, -0.02096609
0.71727651, 0.63023776, -0.29709768
0.82709372, 0.55852637
0.00262795, 0.60486472, -0.02468257
0.29709768, 0.63026828, -0.71727651
0.82701123, 0.55320415
0.00292117, 0.15094794, -0.02539048
0.22742394, 0.80416274, -0.54911953
0.17706244, 0.55219045
0.0, 0.15094794, -0.02654761
0.0, 0.70708334, -0.70708334
0.17706244, 0.54489321
0.0, 0.15094794, -0.02539045
0.0, 0.70708334, -0.70708334
0.17706244, 0.54780334
0.00634444, 0.28787661, -0.02096609
0.92336804, 0.03265481, -0.38245797
0.37315089, 0.55852637
0.0040361, 0.23122455, -0.02808215
0.38245797, 0.03216651, -0.92339855
0.29202259, 0.54833582
0.00634444, 0.60486472, -0.01571016
0.71727651, 0.63023776, 0.29709768
0.82709372, 0.56605306
0.0, 0.20431162, -0.02808215
0.0, -0.70708334, -0.70708334
0.25348186, 0.54405493
0.0040361, 0.20431162, -0.02808215
0.29709768, -0.63023776, -0.71727651
0.25348186, 0.54833582
0.00974402, 0.23122455, -0.01430202
0.99954224, 0.02972503, 0.0
0.29202259, 0.56806961
0.00634444, 0.28787661, -0.01571016
0.96761984, 0.0216071, 0.25144199
0.37315089, 0.56605306
0.00262795, 0.60486472, -0.01199369
0.29709768, 0.63023776, 0.71727651
0.82704484, 0.57137528
0.0, 0.60486472, -0.01199369
0.0, 0.70708334, 0.70708334
0.82696295, 0.57634401
0.00262795, 0.28787661, -0.01199369
0.38267159, 0.0, 0.92385632
0.37315089, 0.57137528
0.00705233, 0.20431162, -0.01541696
0.62468338, -0.7808466, 0.0
0.25348192, 0.56647298
0.00974402, 0.20431162, -0.02237424
0.71727651, -0.63023776, -0.29709768
0.25348192, 0.55650982
0.00974402, 0.20431162, -0.01430202
0.79998171, -0.59999388, 0.0
0.25348192, 0.56806961
0.00974402, 0.23122455, -0.02237424
0.92339855, 0.03216651, -0.38245797
0.29202265, 0.55650982
0.0, 0.60486472, -0.01199369
0.0, 0.70708334, 0.70708334
0.84328181, 0.57205197
0.00634444, 0.60486472, -0.01571016
0.71727651, 0.63023776, 0.29709768
0.83419627, 0.56672978
0.00634444, 0.60486472, -0.02096609
0.71727651, 0.63023776, -0.29709768
0.83419627, 0.55920309
0.0, 0.20431162, -0.02539045
0.0, -0.70708334, -0.70708334
0.25348186, 0.54780334
0.0, 0.60486472, -0.02468257
0.0, 0.70708334, -0.70708334
0.82695377, 0.54813281
0.00820948, 0.15094794, -0.02173862
0.71727651, 0.63023776, -0.29709768
0.1770625, 0.55741999
0.00820948, 0.11221637, -0.02173862
0.91518909, -0.13678396, -0.3790704
0.12159674, 0.55741999
0.00340048, 0.15094794, -0.02654763
0.29709768, 0.63023776, -0.71727651
0.17706244, 0.55053332
0.00820948, 0.11221637, -0.01493764
0.95367289, -0.18228705, 0.2392346
0.12159674, 0.56715938
0.00340048, 0.1122162, -0.02654763
0.3790704, -0.13678396, -0.91518909
0.12159674, 0.55053332
0.0, 0.11221637, -0.01012865
0.0, -0.26010925, 0.96554458
0.12159674, 0.57267359
0.00202674, 0.09990636, -0.01344513
0.26017028, -0.73329872, 0.62813199
0.10396825, 0.56959438
0.00340048, 0.11221637, -0.01012865
0.36735129, -0.2799463, 0.88692892
0.12159674, 0.57057813
0.004893, 0.09990636, -0.02036487
0.62813199, -0.73329872, -0.26017028
0.10396825, 0.5593873
0.004893, 0.09990636, -0.01631138
0.62813199, -0.73329872, 0.26017028
0.10396825, 0.56519207
0.00202674, 0.09990636, -0.02323113
0.26017028, -0.73329872, -0.62813199
0.10396825, 0.55457261
0.0, 0.1122162, -0.02654761
0.0, -0.13119908, -0.99133277
0.12159674, 0.54489321
0.0, 0.09990636, -0.02323113
0.0, -0.79375589, -0.60820335
0.10396825, 0.55238682
0.00796783, 0.22662376, -0.04605489
0.91595203, -0.13055818, -0.37940609
0.28543419, 0.49454498
0.00330038, 0.11380552, -0.05072234
0.37498093, 0.19928586, -0.90533161
0.12387268, 0.48786098
0.00330038, 0.22662376, -0.05072234
0.37940609, -0.13055818, -0.91595203
0.28543419, 0.48786098
0.00796783, 0.22662376, -0.03945411
0.91595203, -0.13055818, 0.37940609
0.28543419, 0.50399765
0.00796783, 0.11380552, -0.04605489
0.90533161, 0.19928586, -0.37498093
0.12387268, 0.49454498
0.00330038, 0.22662376, -0.03478665
0.37940609, -0.13055818, 0.91595203
0.28543419, 0.51068172
0.00796783, 0.11380552, -0.03945411
0.90533161, 0.19928586, 0.37498093
0.12387268, 0.50399765
0.0, 0.22662376, -0.03478665
0.0, -0.11728263, 0.99307227
0.28543419, 0.51530331
0.00330038, 0.11380552, -0.03478665
0.37498093, 0.19928586, 0.90533161
0.12387268, 0.51068172
0.01357917, 0.09870563, -0.03712981
0.90844446, 0.18192084, 0.37629321
0.10185821, 0.50732616
0.0, 0.25609928, -0.05778371
0.0, -0.11728263, -0.99307227
0.32671416, 0.46962476
0.0, 0.22662376, -0.05072234
0.0, -0.11728263, -0.99307227
0.28543419, 0.4831242
0.01502921, 0.27610695, -0.0489798
0.71727651, 0.63023776, -0.29709768
0.3562963, 0.49035639
0.01502921, 0.25609928, -0.03652919
0.91686755, -0.12280648, 0.37977234
0.32671416, 0.50818625
0.01502921, 0.25609928, -0.0489798
0.91686755, -0.12280648, -0.37977234
0.32671416, 0.49035639
0.00326697, 0.18709503, -0.04605489
0.38264108, 0.92388684, 0.0
0.22882675, 0.48087311
0.0, 0.18709488, -0.06312887
0.0, 0.70708334, -0.70711386
0.23422427, 0.45642233
0.0, 0.18709488, -0.04605489
0.0, 1.0, 0.0
0.23422427, 0.48087311
0.0, 0.25609928, -0.02772527
0.0, -0.11728263, 0.99307227
0.32671416, 0.5289439
0.0, 0.11380552, -0.05072234
0.0, 0.17694631, -0.98419142
0.12387268, 0.48321301
0.0, 0.27610695, -0.02772527
0.0, 0.70708334, 0.70708334
0.39363912, 0.52128211
0.01502921, 0.27610695, -0.03652919
0.71727651, 0.63023776, 0.29709768
0.41516164, 0.50867453
0.01502921, 0.27610695, -0.0489798
0.71727651, 0.63023776, -0.29709768
0.41516164, 0.49084467
0.00622529, 0.27610695, -0.02772527
0.29709768, 0.63023776, 0.71727651
0.3562963, 0.52079388
0.00622529, 0.25609928, -0.02772527
0.37977234, -0.12280648, 0.91686755
0.32671416, 0.52079388
0.0062253, 0.27610695, -0.05778371
0.29709768, 0.63023776, -0.71727651
0.3562963, 0.47774875
0.0062253, 0.25609928, -0.05778371
0.37977234, -0.12280648, -0.91686755
0.32671416, 0.47774875
0.01502921, 0.27610695, -0.03652919
0.71727651, 0.63023776, 0.29709768
0.3562963, 0.50818625
0.0, 0.27610695, -0.05778371
0.0, 0.70708334, -0.70708334
0.3562963, 0.46962476
0.01357917, 0.06757265, -0.04837918
0.71727651, -0.63023776, -0.29709768
0.05766498, 0.49121648
0.00562467, 0.09870563, -0.05633367
0.37629321, 0.18192084, -0.90844446
0.10185821, 0.47982526
0.01357917, 0.09870563, -0.04837918
0.90844446, 0.18192084, -0.37629321
0.10185821, 0.49121654
0.0, 0.09870563, -0.02917531
0.0, 0.17694631, 0.98419142
0.10185821, 0.5259335
0.0, 0.11380552, -0.03478665
0.0, 0.17694631, 0.98419142
0.12387268, 0.51543713
0.0, 0.09870563, -0.05633367
0.0, 0.17694631, -0.98419142
0.10185821, 0.47257012
0.00562467, 0.09870563, -0.02917531
0.37629321, 0.18192084, 0.90844446
0.10185821, 0.51871744
0.01357917, 0.06757265, -0.03712981
0.71727651, -0.63023776, 0.29709768
0.00722386, 0.50732616
0.0, 0.06757265, -0.05633367
0.0, -0.70708334, -0.70708334
0.02666994, 0.47982526
0.01357917, 0.06757265, -0.04837918
0.71727651, -0.63023776, -0.29709768
0.00722386, 0.49121648
0.00562467, 0.06757265, -0.05633367
0.29709768, -0.63023776, -0.71727651
0.05766498, 0.47982526
0.01357917, 0.06757265, -0.03712981
0.71727651, -0.63023776, 0.29709768
0.05766498, 0.50732616
0.0, 0.06757265, -0.02917531
0.0, -0.70708334, 0.70708334
0.05766498, 0.5259335
0.00562467, 0.06757265, -0.02917531
0.29709768, -0.63023776, 0.71727651
0.05766498, 0.51871744
0.00788716, 0.18247481, -0.04605489
0.92385632, 0.38267159, 0.0
0.22221039, 0.48087311
0.00326697, 0.18709503, -0.06312887
0.29706717, 0.71727651, -0.63023776
0.22882675, 0.45642233
0.00788716, 0.17594089, -0.04605489
0.92385632, -0.38267159, 0.0
0.21285348, 0.48087311
0.00788716, 0.18247481, -0.06312887
0.71727651, 0.29709768, -0.63023776
0.22221039, 0.45642233
0.00326697, 0.17132063, -0.04605489
0.38267159, -0.92385632, 0.0
0.20623712, 0.48087311
0.00788716, 0.17594089, -0.06312887
0.71727651, -0.29709768, -0.63023776
0.21285348, 0.45642233
0.0, 0.17132063, -0.04605489
0.0, -1.0, 0.0
0.19996776, 0.48087311
0.00326697, 0.17132063, -0.06312887
0.29709768, -0.71727651, -0.63023776
0.20623712, 0.45642233
0.00330038, 0.15017952, -0.03478665
0.70708334, 0.70708334, 0.0
0.1759619, 0.52101701
0.00330038, 0.1394815, -0.02654761
0.70708334, -0.70708334, 0.0
0.16064201, 0.53281569
0.00330038, 0.1394815, -0.03478665
0.70708334, -0.70708334, 0.0
0.16064201, 0.52101701
0.0, 0.17132063, -0.06312887
0.0, -0.70708334, -0.70708334
0.19996776, 0.45642233
0.00330038, 0.21774523, -0.03478665
0.70708334, 0.70708334, 0.0
0.27271956, 0.52101701
0.00330038, 0.20704736, -0.02808215
0.70708334, -0.70708334, 0.0
0.25739962, 0.53061819
0.00330038, 0.20704736, -0.03478665
0.70708334, -0.70708334, 0.0
0.25739962, 0.52101701
0.00493118, 0.09957719, 0.03563489
0.60267955, -0.55662709, 0.57173377
0.33005944, 0.94158876
0.0, 0.09574059, 0.01873965
0.0, -0.97515792, 0.22144231
0.3156158, 0.92009294
0.00493126, 0.09574059, 0.01873965
0.66725671, -0.72631001, 0.16492203
0.32456514, 0.91739398
0.00493117, 0.10336548, 0.03286646
0.85283977, 0.36127812, -0.37696463
0.33548453, 0.93762422
0.0, 0.10001922, 0.01848385
0.0, 0.97396773, -0.22659993
0.33563325, 0.91585344
0.0, 0.10336548, 0.03286646
0.0, 0.69191563, -0.72194588
0.34009555, 0.93288147
0.00493126, 0.13730608, 0.01625467
0.59221166, 0.75505847, 0.28122807
0.38408902, 0.91383535
0.0, 0.1279804, 0.04129095
0.0, 0.48713645, 0.87328714
0.37398762, 0.95692265
0.0049314, 0.1279804, 0.04129095
0.58623004, 0.39466536, 0.70748007
0.37073436, 0.94968855
0.0, 0.21774523, -0.02808215
0.0, 1.0, 0.0
0.27744585, 0.53061819
0.00330038, 0.21774523, -0.02808215
0.70708334, 0.70708334, 0.0
0.27271956, 0.53061819
0.0, 0.20704736, -0.03478665
0.0, -1.0, 0.0
0.25267327, 0.52101701
0.00493134, 0.12571006, 0.03707457
0.88348031, -0.22956023, -0.40827662
0.36748305, 0.94365048
0.0, 0.1394815, -0.03478665
0.0, -1.0, 0.0
0.15591572, 0.52101701
0.0, 0.15017952, -0.02654761
0.0, 1.0, 0.0
0.18068819, 0.53281569
0.00330038, 0.15017952, -0.02654761
0.70708334, 0.70708334, 0.0
0.1759619, 0.53281569
0.00493126, 0.13346505, 0.01648431
0.78502762, -0.57966858, -0.21832941
0.37858847, 0.91416419
0.0, 0.12571006, 0.03707457
0.0, -0.49009675, -0.87163913
0.36453077, 0.93866438
0.0, 0.13346505, 0.01648431
0.0, -0.93581957, -0.35245827
0.37268761, 0.91233599
0.0, 0.09957719, 0.03563489
0.0, -0.69759208, 0.71648306
0.32548904, 0.9469009
0.0105106, 0.12508638, -0.02374928
0.56956697, 0.62257761, -0.53660697
0.14002727, 0.5769293
0.01940373, 0.1161211, 0.0035068
0.76763207, -0.6407361, 0.01190222
0.12718873, 0.61596134
0.0105106, 0.1161211, -0.02374928
0.56956697, -0.62257761, -0.53660697
0.12718873, 0.5769293
0.01614874, 0.1161211, 0.01252385
-0.01300089, -0.54402298, 0.83895385
0.12718873, 0.62887421
0.00340048, 0.12508638, -0.02654763
-0.57292396, 0.54945523, -0.6081118
0.14002727, 0.57292196
0.00340048, 0.1161211, -0.02654763
-0.57292396, -0.54945523, -0.6081118
0.12718873, 0.57292196
0.01940373, 0.12508638, 0.0035068
0.76763207, 0.6407361, 0.01190222
0.14002727, 0.61596134
0.01614874, 0.12508638, 0.01252385
-0.01300089, 0.54402298, 0.83895385
0.14002727, 0.62887421
0.00330038, 0.18247481, -0.0348339
0.0, 0.38267159, 0.92385632
0.21287054, 0.48077154
0.02037438, 0.18709503, -0.03945411
0.63023776, 0.71727651, 0.29709768
0.20629686, 0.45647848
0.00330038, 0.18709503, -0.03945411
0.0, 0.92385632, 0.38267159
0.20629686, 0.48077154
0.00330038, 0.17594089, -0.0348339
0.0, -0.38267159, 0.92385632
0.22216707, 0.48077154
0.02037438, 0.18247481, -0.0348339
0.63023776, 0.29709768, 0.71727651
0.21287054, 0.45647848
0.00330038, 0.17132063, -0.03945411
0.0, -0.92385632, 0.38267159
0.22874074, 0.48077154
0.02037438, 0.17594089, -0.0348339
0.63023776, -0.29709768, 0.71727651
0.22216707, 0.45647848
0.02037438, 0.17132063, -0.03945411
0.63023776, -0.71727651, 0.29709768
0.22874074, 0.45647848
0.02037438, 0.17594089, -0.05060821
0.63023776, -0.29709768, -0.71727651
0.22216707, 0.45647848
0.02037438, 0.18709503, -0.04598805
0.63023776, 0.71727651, -0.29709768
0.20629686, 0.45647848
0.00330038, 0.18247481, -0.05060821
0.0, 0.38267159, -0.92385632
0.21287054, 0.48077154
0.00330038, 0.18709503, -0.04598805
0.0, 0.92385632, -0.38267159
0.20629686, 0.48077154
0.02037438, 0.18247481, -0.05060821
0.63023776, 0.29709768, -0.71727651
0.21287054, 0.45647848
0.00330038, 0.17594089, -0.05060821
0.0, -0.38267159, -0.92385632
0.22216707, 0.48077154
0.00330038, 0.17132063, -0.04598805
0.0, -0.92385632, -0.38267159
0.22874074, 0.48077154
-0.01140156, 0.39471155, 0.00086579
-0.58055359, 0.59266943, 0.5582751
0.75270611, 0.86079186
-0.01140156, 0.39471155, 0.00086579
-0.58055359, 0.59266943, 0.5582751
0.75270611, 0.13920885
-0.01140156, 0.1149593, -0.01678756
-0.67418438, -0.11310159, -0.72981966
0.35208735, 0.16448933
-0.01140156, 0.08222181, 0.01954786
-0.7795648, 0.21939756, 0.58656573
0.30520555, 0.11245525
0.0, 0.08222181, 0.01954786
0.0, 0.35032198, 0.93661308
0.30520555, 0.09468067
0.0, 0.39471155, 0.00086579
0.0, 0.72789699, 0.68565935
0.75270611, 0.12359715
-0.00292117, 0.20431162, -0.02539048
-0.22745445, -0.80416274, -0.54911953
0.25348186, 0.55219045
-0.00705233, 0.15094794, -0.0212593
-0.54911953, 0.80416274, -0.22745445
0.1770625, 0.55810645
-0.00705233, 0.20431162, -0.0212593
-0.54911953, -0.80416274, -0.22745445
0.25348192, 0.55810645
0.0, 0.05883189, 0.0010377
0.0, 0.03915525, -0.99920654
0.27171013, 0.15709484
-0.01140156, 0.04086545, -0.00626049
-0.66493726, 0.13779107, -0.73406172
0.24598123, 0.14941406
-0.01140156, 0.05883189, 0.0010377
-0.79213846, 0.02389599, -0.60985136
0.27171013, 0.13896269
0.0, 0.06574653, 0.03223304
0.0, 0.78463089, 0.61992246
0.28161225, 0.08198935
-0.01140156, 0.06574653, 0.03223304
-0.7662282, 0.50416577, 0.39832759
0.28161225, 0.09428942
-0.01140156, -0.11496665, -0.0039706
-0.57811213, -0.581164, -0.57267982
0.02282207, 0.14613479
-0.01140156, -0.11496665, 0.08193039
-0.56340218, -0.49208045, 0.663625
0.02282207, 0.02312034
-0.01140156, 0.01833752, 0.04146978
-0.78518021, -0.01562548, 0.61903745
0.21372014, 0.08106196
-0.01140156, 0.05557063, 0.05485786
-0.58153021, 0.31788081, 0.74883264
0.26703992, 0.06188953
0.0, 0.05557063, 0.05485786
0.0, 0.39075899, 0.92046875
0.26703992, 0.04935968
0.0, -0.11496665, 0.08193039
0.0, -0.59562975, 0.80324715
0.02036129, 1.371e-05
0.0, 0.1149593, -0.01678756
0.0, -0.15314189, -0.98818934
0.35208735, 0.18239892
-0.01140156, 0.39471155, -0.01678756
-0.57734919, 0.57734919, -0.57734919
0.75270611, 0.16448933
0.0, 0.39471155, -0.01678756
0.0, 0.70708334, -0.70708334
0.75270611, 0.18010247
0.0, 0.01833752, 0.04146978
0.0, -0.02523881, 0.99966431
0.21372014, 0.06119716
0.0, 0.04086545, -0.00626049
0.0, 0.18451491, -0.98281807
0.24598123, 0.16756743
-0.00820948, 0.15094794, -0.01493764
-0.79998171, 0.59999388, 0.0
0.1770625, 0.56715938
-0.00705233, 0.15094794, -0.01541696
-0.62468338, 0.7808466, 0.0
0.1770625, 0.56647298
-0.00262795, 0.28787661, -0.02468257
-0.38245797, 0.03265481, -0.92336804
0.37315077, 0.55320415
-0.0040361, 0.23122455, -0.02808215
-0.38245797, 0.03216651, -0.92339855
0.29202259, 0.54833582
-0.00634444, 0.60486472, -0.02096609
-0.71727651, 0.63023776, -0.29709768
0.82709372, 0.55852637
-0.00262795, 0.60486472, -0.02468257
-0.29709768, 0.63023776, -0.71727651
0.82701123, 0.55320415
-0.00292117, 0.15094794, -0.02539048
-0.22742394, 0.80416274, -0.54911953
0.17706244, 0.55219045
-0.00340048, 0.15094794, -0.02654763
-0.29709768, 0.63023776, -0.71727651
0.17706244, 0.55053332
-0.00634444, 0.28787661, -0.02096609
-0.92336804, 0.03265481, -0.38245797
0.37315089, 0.55852637
-0.00974402, 0.23122455, -0.02237424
-0.92339855, 0.03216651, -0.38245797
0.29202265, 0.55650982
-0.00634444, 0.60486472, -0.01571016
-0.71727651, 0.63023776, 0.29709768
0.82709372, 0.56605306
-0.0040361, 0.20431162, -0.02808215
-0.29709768, -0.63023776, -0.71727651
0.25348186, 0.54833582
-0.00974402, 0.23122455, -0.01430202
-0.99954224, 0.02972503, 0.0
0.29202259, 0.56806961
-0.00634444, 0.28787661, -0.01571016
-0.96761984, 0.0216071, 0.25144199
0.37315089, 0.56605306
-0.00262795, 0.60486472, -0.01199369
-0.29709768, 0.63023776, 0.71727651
0.82704484, 0.57137528
-0.00262795, 0.28787661, -0.01199369
-0.38267159, 0.0, 0.92385632
0.37315089, 0.57137528
-0.00974402, 0.20431162, -0.02237424
-0.71727651, -0.63023776, -0.29709768
0.25348192, 0.55650982
-0.00705233, 0.20431162, -0.01541696
-0.62468338, -0.7808466, 0.0
0.25348192, 0.56647298
-0.00974402, 0.20431162, -0.01430202
-0.79998171, -0.59999388, 0.0
0.25348192, 0.56806961
-0.00634444, 0.60486472, -0.02096609
-0.71727651, 0.63023776, -0.29709768
0.83419627, 0.55920309
0.0, 0.60486472, -0.02468257
0.0, 0.70708334, -0.70708334
0.84328181, 0.5538809
-0.00820948, 0.15094794, -0.02173862
-0.71727651, 0.63023776, -0.29709768
0.1770625, 0.55741999
-0.00820948, 0.11221637, -0.02173862
-0.91518909, -0.13678396, -0.3790704
0.12159674, 0.55741999
-0.00820948, 0.11221637, -0.01493764
-0.95367289, -0.18228705, 0.2392346
0.12159674, 0.56715938
-0.00340048, 0.1122162, -0.02654763
-0.3790704, -0.13678396, -0.91518909
0.12159674, 0.55053332
-0.00202674, 0.09990636, -0.01344513
-0.26017028, -0.73329872, 0.62813199
0.10396825, 0.56959438
0.0, 0.09990636, -0.01344513
0.0, -0.79375589, 0.60820335
0.10396825, 0.57057813
-0.00340048, 0.11221637, -0.01012865
-0.36735129, -0.2799463, 0.88692892
0.12159674, 0.57057813
-0.004893, 0.09990636, -0.02036487
-0.62813199, -0.73329872, -0.26017028
0.10396825, 0.5593873
-0.004893, 0.09990636, -0.01631138
-0.62813199, -0.73329872, 0.26017028
0.10396825, 0.56519207
-0.00202674, 0.09990636, -0.02323113
-0.26017028, -0.73329872, -0.62813199
0.10396825, 0.55457261
-0.00330038, 0.11380552, -0.05072234
-0.37498093, 0.19928586, -0.90533161
0.12387268, 0.48786098
-0.00796783, 0.22662376, -0.04605489
-0.91595203, -0.13055818, -0.37940609
0.28543419, 0.49454498
-0.00330038, 0.22662376, -0.05072234
-0.37940609, -0.13055818, -0.91595203
0.28543419, 0.48786098
-0.00796783, 0.11380552, -0.04605489
-0.90533161, 0.19928586, -0.37498093
0.12387268, 0.49454498
-0.00796783, 0.22662376, -0.03945411
-0.91595203, -0.13055818, 0.37940609
0.28543419, 0.50399765
-0.00796783, 0.11380552, -0.03945411
-0.90533161, 0.19928586, 0.37498093
0.12387268, 0.50399765
-0.00330038, 0.22662376, -0.03478665
-0.37940609, -0.13055818, 0.91595203
0.28543419, 0.51068172
-0.00330038, 0.11380552, -0.03478665
-0.37498093, 0.19928586, 0.90533161
0.12387268, 0.51068172
-0.01357917, 0.09870563, -0.03712981
-0.90844446, 0.18192084, 0.37629321
0.10185821, 0.50732616
-0.01502921, 0.25609928, -0.03652919
-0.91686755, -0.12280648, 0.37977234
0.32671416, 0.50818625
-0.01502921, 0.27610695, -0.0489798
-0.71727651, 0.63023776, -0.29709768
0.3562963, 0.49035639
-0.01502921, 0.25609928, -0.0489798
-0.91686755, -0.12280648, -0.37977234
0.32671416, 0.49035639
-0.0062253, 0.25609928, -0.05778371
-0.37977234, -0.12280648, -0.91686755
0.32671416, 0.47774875
-0.00326697, 0.18709503, -0.04605489
-0.38264108, 0.92388684, 0.0
0.22882675, 0.48087311
-0.00622529, 0.25609928, -0.02772527
-0.37977234, -0.12280648, 0.91686755
0.32671416, 0.52079388
-0.01502921, 0.27610695, -0.0489798
-0.71727651, 0.63023776, -0.29709768
0.3721166, 0.49084467
0.0, 0.27610695, -0.05778371
0.0, 0.70708334, -0.70708334
0.39363912, 0.47823709
-0.00622529, 0.27610695, -0.02772527
-0.29709768, 0.63023776, 0.71727651
0.3562963, 0.52079388
-0.0062253, 0.27610695, -0.05778371
-0.29709768, 0.63023776, -0.71727651
0.3562963, 0.47774875
-0.01502921, 0.27610695, -0.03652919
-0.71727651, 0.63023776, 0.29709768
0.3562963, 0.50818625
-0.00562467, 0.09870563, -0.05633367
-0.37629321, 0.18192084, -0.90844446
0.10185821, 0.47982526
-0.01357917, 0.06757265, -0.04837918
-0.71727651, -0.63023776, -0.29709768
0.05766498, 0.49121648
-0.01357917, 0.09870563, -0.04837918
-0.90844446, 0.18192084, -0.37629321
0.10185821, 0.49121654
-0.00562467, 0.09870563, -0.02917531
-0.37629321, 0.18192084, 0.90844446
0.10185821, 0.51871744
0.0, 0.06757265, -0.02917531
0.0, -0.70708334, 0.70708334
0.02666994, 0.51871741
-0.01357917, 0.06757265, -0.03712981
-0.71727651, -0.63023776, 0.29709768
0.04611601, 0.50732616
-0.00562467, 0.06757265, -0.05633367
-0.29709768, -0.63023776, -0.71727651
0.05766498, 0.47982526
-0.01357917, 0.06757265, -0.03712981
-0.71727651, -0.63023776, 0.29709768
0.05766498, 0.50732616
-0.00562467, 0.06757265, -0.02917531
-0.29709768, -0.63023776, 0.71727651
0.05766498, 0.51871744
-0.00326697, 0.18709503, -0.06312887
-0.29706717, 0.71727651, -0.63023776
0.22882675, 0.45642233
-0.00788716, 0.18247481, -0.04605489
-0.92385632, 0.38267159, 0.0
0.22221039, 0.48087311
-0.00788716, 0.18247481, -0.06312887
-0.71727651, 0.29709768, -0.63023776
0.22221039, 0.45642233
-0.00788716, 0.17594089, -0.04605489
-0.92385632, -0.38267159, 0.0
0.21285348, 0.48087311
-0.00788716, 0.17594089, -0.06312887
-0.71727651, -0.29709768, -0.63023776
0.21285348, 0.45642233
-0.00326697, 0.17132063, -0.04605489
-0.38267159, -0.92385632, 0.0
0.20623712, 0.48087311
-0.00326697, 0.17132063, -0.06312887
-0.29709768, -0.71727651, -0.63023776
0.20623712, 0.45642233
-0.00330038, 0.1394815, -0.02654761
-0.70708334, -0.70708334, 0.0
0.16064201, 0.53281569
-0.00330038, 0.15017952, -0.03478665
-0.70708334, 0.70708334, 0.0
0.1759619, 0.52101701
-0.00330038, 0.1394815, -0.03478665
-0.70708334, -0.70708334, 0.0
0.16064201, 0.52101701
-0.00330038, 0.20704736, -0.02808215
-0.70708334, -0.70708334, 0.0
0.25739962, 0.53061819
-0.00330038, 0.21774523, -0.03478665
-0.70708334, 0.70708334, 0.0
0.27271956, 0.52101701
-0.00330038, 0.20704736, -0.03478665
-0.70708334, -0.70708334, 0.0
0.25739962, 0.52101701
0.0, 0.09574059, 0.01873965
0.0, -0.97515792, 0.22144231
0.3156158, 0.07990777
-0.00493118, 0.09957719, 0.03563489
-0.60267955, -0.55662709, 0.57173377
0.33005944, 0.05841196
-0.00493126, 0.09574059, 0.01873965
-0.66725671, -0.72631001, 0.16492203
0.32456514, 0.08260673
-0.00493117, 0.10336548, 0.03286646
-0.85283977, 0.36127812, -0.37696463
0.33548453, 0.0623765
0.0, 0.10001922, 0.01848385
0.0, 0.97396773, -0.22659993
0.33563325, 0.08414727
-0.00493126, 0.10001922, 0.01848385
-0.74221015, 0.65269935, -0.15182959
0.33069238, 0.08297312
0.0, 0.1279804, 0.04129095
0.0, 0.48713645, 0.87328714
0.37398762, 0.04307806
-0.00493126, 0.13730608, 0.01625467
-0.59221166, 0.75505847, 0.28122807
0.38408902, 0.08616537
-0.0049314, 0.1279804, 0.04129095
-0.58623004, 0.39466536, 0.70748007
0.37073436, 0.05031216
-0.00330038, 0.21774523, -0.02808215
-0.70708334, 0.70708334, 0.0
0.27271956, 0.53061819
-0.00330038, 0.15017952, -0.02654761
-0.70708334, 0.70708334, 0.0
0.1759619, 0.53281569
-0.00493126, 0.13346505, 0.01648431
-0.78502762, -0.57966858, -0.21832941
0.37858847, 0.08583653
0.0, 0.12571006, 0.03707457
0.0, -0.49009675, -0.87163913
0.36453077, 0.06133634
-0.00493134, 0.12571006, 0.03707457
-0.88348031, -0.22956023, -0.40827662
0.36748305, 0.05635023
0.0, -0.11496665, -0.0039706
0.0, -0.71227151, -0.70186466
0.02036129, 0.83798397
0.0, 0.28787661, -0.01199369
0.0, 0.0, 1.0
0.37306911, 0.57634401
0.00262795, 0.60486472, -0.02468257
0.29709768, 0.63026828, -0.71727651
0.83951849, 0.5538809
0.00262795, 0.60486472, -0.01199369
0.29709768, 0.63023776, 0.71727651
0.83951837, 0.57205197
0.0062253, 0.27610695, -0.05778371
0.29709768, 0.63023776, -0.71727651
0.40255406, 0.47823709
0.00622529, 0.27610695, -0.02772527
0.29709768, 0.63023776, 0.71727651
0.40255401, 0.52128211
0.0, 0.27610695, -0.02772527
0.0, 0.70708334, 0.70708334
0.3562963, 0.5289439
0.00562467, 0.06757265, -0.05633367
0.29709768, -0.63023776, -0.71727651
0.01861512, 0.47982526
0.00562467, 0.06757265, -0.02917531
0.29709768, -0.63023776, 0.71727651
0.01861512, 0.51871741
0.0, 0.06757265, -0.05633367
0.0, -0.70708334, -0.70708334
0.05766498, 0.47257012
0.00493126, 0.10001922, 0.01848385
0.74221015, 0.65269935, -0.15182959
0.33069238, 0.91702759
0.0, 0.13730608, 0.01625467
0.0, 0.93707085, 0.34904018
0.3914471, 0.91705793
0.0, 0.21774523, -0.03478665
0.0, 1.0, 0.0
0.27744585, 0.52101701
0.0, 0.20704736, -0.02808215
0.0, -1.0, 0.0
0.25267327, 0.53061819
0.0, 0.1394815, -0.02654761
0.0, -1.0, 0.0
0.15591569, 0.53281569
0.0, 0.15017952, -0.03478665
0.0, 1.0, 0.0
0.18068819, 0.52101701
0.02037438, 0.17132063, -0.04598805
0.63023776, -0.71727651, -0.29709768
0.22874074, 0.45647848
-0.01140156, 0.39471155, -0.01678756
-0.57734919, 0.57734919, -0.57734919
0.75270611, 0.83551139
0.0, -0.11496665, -0.0039706
0.0, -0.71227151, -0.70186466
0.02036129, 0.16201675
-0.00262795, 0.60486472, -0.02468257
-0.29709768, 0.63023776, -0.71727651
0.83951849, 0.5538809
-0.00634444, 0.60486472, -0.01571016
-0.71727651, 0.63023776, 0.29709768
0.83419627, 0.56672978
-0.00262795, 0.60486472, -0.01199369
-0.29709768, 0.63023776, 0.71727651
0.83951837, 0.57205197
-0.0062253, 0.27610695, -0.05778371
-0.29709768, 0.63023776, -0.71727651
0.38472417, 0.47823709
-0.01502921, 0.27610695, -0.03652919
-0.71727651, 0.63023776, 0.29709768
0.3721166, 0.50867453
-0.00622529, 0.27610695, -0.02772527
-0.29709768, 0.63023776, 0.71727651
0.38472423, 0.52128211
-0.01357917, 0.06757265, -0.04837918
-0.71727651, -0.63023776, -0.29709768
0.04611601, 0.49121648
-0.00562467, 0.06757265, -0.05633367
-0.29709768, -0.63023776, -0.71727651
0.03472476, 0.47982526
-0.00562467, 0.06757265, -0.02917531
-0.29709768, -0.63023776, 0.71727651
0.03472476, 0.51871741
0.0, 0.09957719, 0.03563489
0.0, -0.69759208, 0.71648306
0.32548904, 0.05309981
0.0, 0.10336548, 0.03286646
0.0, 0.69191563, -0.72194588
0.34009555, 0.06711924
0.0, 0.13730608, 0.01625467
0.0, 0.93707085, 0.34904018
0.3914471, 0.08294278
0.0, 0.13346505, 0.01648431
0.0, -0.93581957, -0.35245827
0.37268761, 0.08766472
# Number of Faces:
428
# Face Data:
0, 1, 2
0, 3, 4
5, 0, 2
6, 7, 8
9, 10, 11
12, 13, 5
13, 11, 3
14, 15, 9
16, 9, 11
17, 16, 12
18, 15, 19
4, 20, 1
18, 14, 21
15, 22, 9
21, 23, 17
24, 6, 25
26, 27, 28
29, 26, 30
31, 32, 33
34, 35, 26
36, 34, 29
7, 37, 38
39, 34, 40
41, 40, 36
38, 27, 35
42, 43, 41
44, 45, 46
46, 47, 39
45, 35, 47
45, 7, 38
48, 49, 50
31, 51, 7
25, 8, 44
30, 28, 52
53, 31, 6
54, 55, 53
56, 53, 24
57, 32, 55
58, 59, 60
59, 56, 60
61, 57, 54
62, 54, 56
63, 64, 57
20, 11, 10
62, 65, 61
66, 67, 68
69, 70, 66
71, 72, 69
73, 74, 71
75, 70, 72
76, 68, 77
78, 79, 80
68, 80, 66
80, 69, 66
81, 82, 83
71, 84, 73
68, 85, 77
79, 71, 69
86, 87, 88
89, 84, 90
91, 80, 92
93, 90, 79
94, 92, 76
95, 96, 97
98, 74, 99
67, 100, 85
70, 96, 67
101, 72, 74
102, 103, 104
105, 100, 96
106, 97, 75
107, 101, 98
108, 75, 101
109, 110, 81
111, 112, 109
113, 114, 111
115, 116, 113
117, 118, 119
112, 120, 82
121, 122, 123
124, 125, 126
127, 128, 129
130, 131, 132
121, 133, 134
122, 135, 123
136, 132, 127
118, 137, 119
117, 138, 139
140, 141, 142
124, 131, 143
127, 141, 136
144, 145, 146
147, 148, 149
150, 147, 145
146, 148, 144
150, 148, 151
145, 149, 146
152, 153, 154
155, 156, 152
157, 158, 155
159, 160, 156
161, 162, 163
164, 165, 162
160, 166, 165
166, 159, 157
153, 163, 154
1, 167, 2
168, 169, 170
168, 171, 172
173, 174, 175
176, 177, 178
170, 179, 171
170, 178, 180
181, 182, 183
180, 177, 184
180, 185, 179
181, 186, 182
187, 188, 189
183, 186, 190
191, 181, 177
184, 190, 185
174, 192, 193
194, 27, 195
194, 196, 197
198, 32, 199
200, 195, 201
200, 202, 196
37, 173, 203
200, 204, 205
205, 206, 202
27, 203, 195
207, 42, 206
208, 209, 210
201, 210, 204
195, 208, 201
208, 173, 175
211, 48, 212
51, 198, 173
175, 193, 209
28, 197, 52
198, 213, 174
199, 214, 213
213, 215, 192
32, 216, 199
58, 217, 218
215, 217, 219
216, 220, 214
214, 221, 215
64, 222, 216
178, 187, 176
65, 218, 221
223, 224, 225
226, 227, 224
228, 229, 227
230, 73, 229
226, 231, 228
225, 76, 77
232, 233, 234
224, 235, 225
227, 234, 224
82, 236, 83
229, 84, 237
85, 225, 77
229, 232, 227
238, 86, 239
84, 240, 237
234, 241, 235
237, 242, 232
235, 94, 76
243, 244, 245
230, 98, 99
223, 100, 243
223, 245, 226
228, 246, 230
103, 247, 248
100, 249, 243
245, 250, 231
246, 107, 98
231, 251, 246
252, 253, 236
254, 255, 253
256, 257, 255
258, 115, 257
259, 260, 261
120, 256, 254
262, 263, 264
265, 266, 267
268, 269, 270
271, 272, 273
133, 263, 274
135, 262, 264
266, 273, 268
137, 259, 261
138, 260, 275
276, 277, 278
266, 271, 273
277, 268, 278
0, 4, 1
0, 13, 3
5, 13, 0
6, 31, 7
9, 22, 10
12, 16, 13
13, 16, 11
9, 23, 14
14, 19, 15
16, 23, 9
17, 23, 16
18, 279, 15
4, 3, 20
18, 19, 14
15, 279, 22
21, 14, 23
24, 53, 6
26, 35, 27
29, 34, 26
31, 55, 32
34, 47, 35
36, 40, 34
7, 51, 37
39, 47, 34
41, 43, 40
38, 37, 27
42, 280, 43
44, 8, 45
46, 45, 47
45, 38, 35
45, 8, 7
50, 281, 212
212, 48, 50
282, 49, 48
31, 33, 51
25, 6, 8
30, 26, 28
53, 55, 31
54, 57, 55
56, 54, 53
57, 64, 32
58, 218, 59
59, 62, 56
61, 63, 57
62, 61, 54
63, 65, 64
20, 3, 11
63, 61, 65
62, 59, 218
218, 65, 62
66, 70, 67
69, 72, 70
71, 74, 72
73, 99, 74
75, 97, 70
76, 92, 68
78, 93, 79
68, 92, 80
80, 79, 69
81, 110, 82
71, 90, 84
68, 67, 85
79, 90, 71
88, 283, 239
239, 86, 88
284, 87, 86
89, 285, 84
91, 78, 80
93, 89, 90
94, 91, 92
95, 105, 96
98, 101, 74
67, 96, 100
70, 97, 96
101, 75, 72
286, 104, 103
102, 287, 247
247, 103, 102
105, 288, 100
106, 95, 97
107, 108, 101
108, 106, 75
109, 112, 110
111, 114, 112
113, 116, 114
115, 120, 116
117, 139, 118
82, 110, 112
112, 114, 120
116, 120, 114
121, 134, 122
124, 143, 125
127, 289, 128
130, 290, 131
121, 291, 133
122, 292, 135
124, 126, 127
126, 289, 127
140, 130, 136
124, 127, 132
136, 130, 132
118, 293, 137
117, 294, 138
140, 136, 141
124, 132, 131
127, 129, 141
144, 150, 145
147, 151, 148
150, 151, 147
146, 149, 148
150, 144, 148
145, 147, 149
152, 156, 153
155, 158, 156
157, 159, 158
161, 153, 156
156, 158, 159
159, 295, 160
160, 164, 161
161, 156, 160
161, 164, 162
164, 160, 165
160, 295, 166
166, 295, 159
153, 161, 163
1, 296, 167
168, 188, 169
168, 170, 171
173, 198, 174
176, 191, 177
170, 180, 179
170, 169, 178
183, 184, 177
177, 181, 183
180, 178, 177
180, 184, 185
181, 297, 186
187, 169, 188
183, 182, 186
191, 297, 181
184, 183, 190
174, 213, 192
194, 28, 27
194, 200, 196
198, 33, 32
200, 194, 195
200, 205, 202
37, 51, 173
200, 201, 204
205, 207, 206
27, 37, 203
207, 280, 42
208, 175, 209
201, 208, 210
195, 203, 208
208, 203, 173
212, 298, 211
211, 299, 48
300, 48, 299
51, 33, 198
175, 174, 193
28, 194, 197
198, 199, 213
199, 216, 214
213, 214, 215
32, 64, 216
58, 219, 217
215, 221, 217
216, 222, 220
214, 220, 221
64, 65, 222
178, 169, 187
221, 220, 65
222, 65, 220
218, 217, 221
223, 226, 224
226, 228, 227
228, 230, 229
230, 99, 73
226, 245, 231
225, 235, 76
232, 242, 233
224, 234, 235
227, 232, 234
82, 252, 236
229, 73, 84
85, 223, 225
229, 237, 232
239, 301, 238
238, 302, 86
303, 86, 302
84, 285, 240
234, 233, 241
237, 240, 242
235, 241, 94
243, 249, 244
230, 246, 98
223, 85, 100
223, 243, 245
228, 231, 246
248, 304, 103
305, 103, 304
247, 306, 248
100, 288, 249
245, 244, 250
246, 251, 107
231, 250, 251
252, 254, 253
254, 256, 255
256, 258, 257
258, 120, 115
259, 275, 260
254, 252, 82
82, 120, 254
258, 256, 120
262, 274, 263
265, 307, 266
268, 308, 269
271, 309, 272
133, 291, 263
135, 292, 262
270, 267, 268
273, 272, 278
272, 276, 278
268, 267, 266
273, 278, 268
137, 293, 259
138, 294, 260
276, 310, 277
266, 307, 271
277, 308, 268
