# Project Zomboid Skinned Mesh
# File Version:
1.0
# Model Name:
Cube.010
# Vertex Stride Element Count:
3
# Vertex Stride Size (in bytes):
76
# Vertex Stride Data:
# (Int)    Offset
# (String) Type
0
VertexArray
12
NormalArray
24
TextureCoordArray
# Vertex Count:
267
# Vertex Buffer:
-0.00703419, 0.1095704, -0.0125154
-0.85711235, 0.32410657, 0.40031129
0.52666998, 0.49742937
-3e-08, 0.12483709, -0.0138329
0.0, 0.73686939, 0.6760155
0.59217423, 0.48416126
-0.00703419, 0.12483709, -0.0138329
-0.58198798, 0.59920043, 0.54972988
0.57757461, 0.49742937
-0.00703419, 0.05589088, 0.00663777
-0.76461071, 0.62327951, 0.16379283
0.21163332, 0.86662638
-3e-08, 0.06198877, -0.00461497
0.0, 0.58320874, 0.81231117
0.26194036, 0.82541868
-0.00703425, 0.06198877, -0.00461497
-0.81963563, 0.33408612, 0.4653157
0.24385233, 0.80717099
-0.0070342, 0.10667007, -0.05583801
-0.70705283, 0.0, -0.70711386
0.56576884, 0.64448646
-3e-08, 0.07910806, -0.05583801
0.0, -0.50614947, -0.86242259
0.41270229, 0.66792688
-0.00703419, 0.07910806, -0.05583801
-0.60896635, -0.40144047, -0.68404186
0.41368517, 0.64448658
-0.00703419, 0.05537821, 0.03611449
-0.57826471, 0.57182533, 0.58186591
0.19626072, 0.95271965
-3e-08, 0.05589088, 0.00663777
0.0, 0.96713156, 0.25415814
0.24157096, 0.87711518
-0.0070342, 0.06638108, -0.03305124
-0.81923884, -0.32908109, -0.46955779
0.37437934, 0.58189818
-3e-08, 0.04851584, -0.03014718
0.0, -0.16043581, -0.98702961
0.28619209, 0.5962052
-0.00703422, 0.04851584, -0.03014718
-0.45548874, -0.14282662, -0.87868893
0.29094797, 0.57635313
-3e-08, 0.12483709, -0.02729599
0.0, 0.96374398, 0.26670125
0.61048275, 0.53624511
-0.00703419, 0.12483709, -0.02729599
-0.77230138, 0.61220127, 0.16943876
0.57757461, 0.5446488
-0.00703419, 0.10560534, 0.00050813
-0.63423568, 0.60869169, 0.47663808
0.51430345, 0.44674563
-3e-08, 0.1095704, -0.0125154
0.0, 0.62929165, 0.77712333
0.54867578, 0.47648501
-0.0070342, 0.06109631, -0.02072987
-0.99996948, 0.0, 0.0
0.23913692, 0.7220256
-0.00703419, 0.04592668, -0.02017494
-0.74626911, -0.60774559, -0.27146214
0.15898603, 0.72495762
-3e-08, 0.06638108, -0.03305124
0.0, -0.57390058, -0.81890315
0.35859156, 0.61359158
-3e-08, 0.06937549, -0.00589177
0.0, 0.1703238, 0.9853816
0.28795096, 0.81738326
-0.00703426, 0.06937549, -0.00589177
-0.61745048, 0.13397625, 0.77510911
0.28288111, 0.80042481
-3e-08, 0.04851584, -0.03014718
0.0, -0.96789455, -0.2512894
0.1487457, 0.6647622
-3e-08, 0.04592668, -0.02017494
0.0, -0.91305274, -0.40781885
0.13327801, 0.71254754
-3e-08, 0.12776975, -0.03218851
0.0, 0.96374398, 0.26670125
0.61687553, 0.55844903
-0.0070342, 0.12776975, -0.03218851
-0.65169227, 0.73097932, 0.20227668
0.58665174, 0.5617674
-0.00703426, 0.06937549, -0.00589177
-0.89458907, -0.39085054, 0.21655935
0.39961296, 0.45037985
-3e-08, 0.07477348, 0.0038508
0.0, -0.8300119, 0.55769527
0.38465244, 0.41310453
-0.00703426, 0.07477348, 0.0038508
-0.68834496, -0.60206914, 0.40455335
0.40616593, 0.43502188
-3e-08, 0.03305802, -0.00079336
0.0, -0.90444654, -0.42655721
0.0616176, 0.81435615
-0.00703419, 0.03305802, -0.00079336
-0.67589343, -0.66655475, -0.31437117
0.09099274, 0.82736285
-3e-08, 0.12776975, -0.05450749
0.0, 0.89709157, -0.44175541
0.60476398, 0.66159496
-0.0070342, 0.12776975, -0.05450749
-0.61986142, 0.70393991, -0.34665975
0.58665168, 0.63981792
-0.00703419, 0.07769195, 0.00747981
-0.624897, -0.35209206, 0.69676811
0.41640204, 0.42229378
-3e-08, 0.07769195, 0.00747981
0.0, -0.45100254, 0.89251381
0.40377864, 0.39752865
-0.00703419, 0.0928373, 0.00812087
-0.64803004, 0.18668172, 0.7383343
0.46952173, 0.42004532
-3e-08, 0.0928373, 0.00812087
0.0, 0.24512467, 0.96948147
0.47592899, 0.38963729
-3e-08, 0.12603983, -0.05583801
0.0, 0.32197028, -0.94674522
0.5728969, 0.67084059
-0.0070342, 0.12603983, -0.05583801
-0.64128542, 0.24704733, -0.72640157
0.57043719, 0.63981792
-3e-08, 0.10560534, 0.00050813
0.0, 0.7873165, 0.61653495
0.53327316, 0.42880428
-3e-08, 0.10667007, -0.05583801
0.0, 0.0, -0.99996948
0.55761534, 0.66792688
-3e-08, 0.02183295, 0.03611449
0.0, -0.80339974, 0.59538561
0.01588345, 0.98635888
-0.00703419, 0.02183296, 0.03611449
-0.56337166, -0.66377759, 0.49189734
0.05701122, 0.95271958
-3e-08, 0.05537821, 0.03611449
0.0, 0.70091861, 0.71321756
0.21650161, 0.98635888
-0.0070342, 0.07909891, 0.00526608
-0.85009307, 0.30622274, -0.42835781
0.42133668, 0.430058
-0.01449422, 0.08399594, -0.04397365
-0.68623918, -0.60997343, -0.3961913
0.1561705, 0.4229691
-0.0144942, 0.11341742, -0.02723719
-0.86602372, 0.0, 0.49998474
0.25797477, 0.46509242
-0.01449422, 0.11341742, -0.04397365
-0.86602372, 0.0, -0.49998474
0.25797477, 0.42296916
-0.0144942, 0.08399594, -0.02723719
-0.68623918, -0.60997343, 0.3961913
0.15617043, 0.46509242
-3e-08, 0.11341742, -0.01886899
0.0, 0.0, 1.0
0.25797477, 0.50721586
-0.0144942, 0.11341742, -0.02723719
0.0, 1.0, 0.0
0.27176854, 0.41084468
0.00724707, 0.11341742, -0.02305309
0.0, 1.0, 0.0
0.33324096, 0.46408129
-0.00724714, 0.11341742, -0.04815777
0.0, 1.0, 0.0
0.33324093, 0.35760796
-0.00724714, 0.08399594, -0.04815777
-0.49998474, 0.0, -0.86602372
0.1561705, 0.39864898
-0.00724714, 0.11341742, -0.04815777
-0.49998474, 0.0, -0.86602372
0.25797477, 0.3986491
-3e-08, 0.07542612, -0.00386028
0.0, 0.99786371, -0.06488235
0.42862883, 0.46299881
-0.00703421, 0.07542612, -0.00386028
-0.78460038, 0.61867124, -0.0402234
0.40845495, 0.46206713
-0.00703422, 0.08487817, -0.01477946
-0.77410197, 0.17340617, 0.60878325
0.44083628, 0.50344482
-3e-08, 0.07698127, -0.00988238
0.0, 0.80553603, 0.59251684
0.43057972, 0.47593069
-3e-08, 0.08487817, -0.01477946
0.0, 0.27396467, 0.96172976
0.44746599, 0.48433316
-0.00703414, 0.09567919, -0.01477946
-0.76818138, -0.16080202, 0.61967832
0.47871903, 0.50344488
-3e-08, 0.10326701, -0.01055397
0.0, -0.85125279, 0.52470475
0.48877761, 0.47801852
-0.00703414, 0.10326701, -0.01055397
-0.83510852, -0.46821496, 0.28861356
0.51033789, 0.48939472
-0.00703417, 0.10367335, -0.00089976
-0.8404187, -0.47849971, -0.25428021
0.50752735, 0.45168352
-3e-08, 0.0924991, 0.0059784
0.0, -0.24674214, -0.96905422
0.46483803, 0.44570112
-0.0070342, 0.0924991, 0.0059784
-0.78066349, -0.15417951, -0.60557878
0.46833557, 0.42755961
-0.00703424, 0.07698127, -0.00988239
-0.80120242, 0.48194832, 0.35459456
0.41313925, 0.48626924
-3e-08, 0.09567919, -0.01477946
0.0, -0.25131992, 0.96789455
0.47094086, 0.48470396
-3e-08, 0.10367335, -0.00089976
0.0, -0.88302255, -0.46928313
0.48792124, 0.46025258
-3e-08, 0.07909891, 0.00526608
0.0, 0.58156073, -0.81350136
0.43759075, 0.44708109
-0.00341184, 0.07331214, -0.05281503
-0.59822381, -0.18655965, -0.77929014
0.11107526, 0.56461048
-3e-08, 0.07873987, -0.05068632
0.0, 0.36509293, -0.93093663
0.1343212, 0.56096146
-3e-08, 0.07331214, -0.05281503
0.0, 0.36509293, -0.93093663
0.11541449, 0.5535464
-0.00341184, 0.06500885, -0.04325254
-0.83446759, -0.51039153, 0.20764793
0.08215183, 0.59792
-3e-08, 0.05733242, -0.04941629
0.0, -0.88576925, -0.46409497
0.04344539, 0.57067361
-3e-08, 0.06500885, -0.04325254
0.0, -0.92626727, 0.37684256
0.06797452, 0.59652933
-0.00341184, 0.06302236, -0.02697757
-0.28473771, -0.9515366, -0.11612293
0.05731574, 0.61708808
-3e-08, 0.06302236, -0.02697757
0.0, -0.99261451, -0.12115848
0.05184268, 0.61097705
-0.00341184, 0.06781632, -0.04480767
-1.0, 0.0, 0.0
0.09193122, 0.59250301
-0.00341184, 0.06758103, -0.04637253
-0.84975737, -0.14441359, -0.50694299
0.09111169, 0.58705196
-0.00341184, 0.07147695, -0.03965788
-1.0, 0.0, 0.0
0.10468256, 0.61044157
-0.00341184, 0.07873987, -0.05068632
-0.65514082, 0.27582628, -0.70332956
0.12998196, 0.57202554
-0.00703458, 0.11520527, -0.05081525
-1.0, 0.0, -3.052e-05
0.5451169, 0.62952039
-3e-08, 0.20575315, -0.03949872
0.0, 0.0, 1.0
0.3017526, 0.34470391
-0.00276374, 0.12776975, -0.03949872
-0.38267159, 0.0, 0.92385632
0.03483135, 0.33667254
-3e-08, 0.12776975, -0.03949872
0.0, 0.0, 1.0
0.03483146, 0.34470391
-0.00276374, 0.20575315, -0.03949872
-0.38267159, 0.0, 0.92385632
0.3017526, 0.33667254
-0.0066722, 0.12776975, -0.0434072
-0.92385632, 0.0, 0.38267159
0.03483135, 0.32533121
-0.0066722, 0.20575315, -0.0434072
-0.92385632, 0.0, 0.38267159
0.3017526, 0.32533121
-0.00667222, 0.12776975, -0.04893458
-0.92385632, 0.0, -0.38267159
0.03483135, 0.30929166
-0.00276374, 0.20575315, -0.05284304
-0.81249428, 0.47593614, -0.33652762
0.3017526, 0.29794997
-0.00276374, 0.12776975, -0.05284304
-0.81249428, -0.47593614, -0.33652762
0.03483135, 0.29794997
-3e-08, 0.17313004, -0.03949872
0.0, 0.39686269, 0.91784418
0.18166684, 0.35741031
-0.0027785, 0.15622416, -0.03218851
-0.66493726, 0.15155491, 0.73131502
0.1602155, 0.36948609
-3e-08, 0.15622416, -0.03218851
0.0, 0.2026429, 0.97924739
0.16380042, 0.37797701
-3e-08, 0.12776975, -0.03218851
0.0, 0.0, 1.0
0.03490368, 0.37797701
-0.00276374, 0.12776975, -0.03949872
-0.99996948, 0.0, -0.00201422
0.03483135, 0.35096347
-0.0027785, 0.12776975, -0.03218851
-0.70781577, 0.0, 0.70638144
0.03483135, 0.36948609
-0.00276374, 0.12776975, -0.05450749
-0.57734919, -0.57734919, -0.57734919
0.03483135, 0.29794997
-3e-08, 0.08399594, -0.01886899
0.0, -0.60997343, 0.7923826
0.1561705, 0.50721586
0.00724707, 0.11341742, -0.02305309
0.49998474, 0.0, 0.86602372
0.25797477, 0.53153583
0.00724707, 0.08399594, -0.02305309
0.0, -1.0, 0.0
0.12706359, 0.50936213
-3e-08, 0.12483709, -0.0138329
0.0, 0.73686939, 0.6760155
0.59218305, 0.85056514
0.00703445, 0.1095704, -0.0125154
0.85711235, 0.32410657, 0.40031129
0.52666992, 0.83729637
0.00703445, 0.12483709, -0.0138329
0.58198798, 0.59920043, 0.54972988
0.57757455, 0.83729643
0.00703445, 0.05589088, 0.00663777
0.76461071, 0.62327951, 0.16379283
0.21163321, 0.86662635
0.00703452, 0.06198877, -0.00461497
0.81963563, 0.33408612, 0.4653157
0.24385227, 0.80717094
0.00703446, 0.10667007, -0.05583801
0.70714438, 0.0, -0.70705283
0.56576884, 0.69023931
0.00703445, 0.07910806, -0.05583801
0.60896635, -0.40144047, -0.68404186
0.41368517, 0.69023919
0.00703445, 0.05537821, 0.03611449
0.57826471, 0.57182533, 0.58186591
0.19626065, 0.95271962
-3e-08, 0.04851584, -0.03014718
0.0, -0.16043581, -0.98702961
0.28621629, 0.73847067
0.00703446, 0.06638108, -0.03305124
0.81929988, -0.32902005, -0.46952727
0.37437931, 0.75282761
0.00703447, 0.04851584, -0.03014719
0.45548874, -0.14282662, -0.87868893
0.29094797, 0.75837258
-3e-08, 0.12483709, -0.02729599
0.0, 0.96374398, 0.26670125
0.61048782, 0.79844612
0.00703445, 0.12483709, -0.02729599
0.77230138, 0.61220127, 0.16943876
0.57757455, 0.79007693
-3e-08, 0.10560534, 0.00050813
0.0, 0.7873165, 0.61653495
0.53327268, 0.90592187
0.00703445, 0.10560534, 0.00050813
0.63423568, 0.60869169, 0.47663808
0.51430339, 0.88798013
0.00703445, 0.04592668, -0.02017494
0.74626911, -0.60774559, -0.27146214
0.15898596, 0.72495756
0.00703446, 0.06109631, -0.02072987
1.0, 0.0, 0.0
0.23913686, 0.72202557
-3e-08, 0.06638108, -0.03305124
0.0, -0.57390058, -0.81890315
0.35878, 0.72114146
0.00703452, 0.06937549, -0.00589177
0.61745048, 0.13397625, 0.77510911
0.28288105, 0.80042478
-3e-08, 0.04851584, -0.03014718
0.0, -0.96789455, -0.2512894
0.1488184, 0.66473508
0.00703447, 0.04851584, -0.03014719
0.60133672, -0.77333903, -0.20078127
0.17266618, 0.67226776
-3e-08, 0.12776975, -0.03218851
0.0, 0.96374398, 0.26670125
0.61683756, 0.77621083
0.00703446, 0.12776975, -0.03218851
0.65169227, 0.73097932, 0.20227668
0.58665174, 0.77295829
-3e-08, 0.07477348, 0.0038508
0.0, -0.8300119, 0.55769527
0.38465247, 0.92162129
0.00703452, 0.06937549, -0.00589177
0.89458907, -0.39085054, 0.21655935
0.39961296, 0.88434592
0.00703452, 0.07477348, 0.0038508
0.68834496, -0.60206914, 0.40455335
0.40616593, 0.89970392
0.00703445, 0.03305802, -0.00079336
0.67589343, -0.66655475, -0.31437117
0.09099271, 0.82736282
-3e-08, 0.12776975, -0.05450749
0.0, 0.89712209, -0.44175541
0.60442358, 0.67330346
0.00703446, 0.12776975, -0.05450749
0.61989194, 0.70393991, -0.34662923
0.58665168, 0.69490778
0.00703445, 0.07769195, 0.00747981
0.624897, -0.35209206, 0.69676811
0.41640204, 0.91243204
0.00703445, 0.0928373, 0.00812087
0.64803004, 0.18668172, 0.7383343
0.46952173, 0.91468048
-3e-08, 0.07769195, 0.00747981
0.0, -0.45100254, 0.89251381
0.40377864, 0.9371971
-3e-08, 0.12603983, -0.05583801
0.0, 0.32197028, -0.94674522
0.57272357, 0.66459671
0.00703446, 0.12603983, -0.05583801
0.64131594, 0.24701682, -0.72640157
0.57043713, 0.69490778
-3e-08, 0.0928373, 0.00812087
0.0, 0.24512467, 0.96948147
0.4759289, 0.94508835
0.00703445, 0.02183296, 0.03611449
0.56337166, -0.66377759, 0.49189734
0.05701113, 0.95271953
0.00703443, 0.10367335, -0.00089976
0.8404187, -0.47849971, -0.25428021
0.50752735, 0.88304222
0.01449415, 0.11341742, -0.04397364
0.86602372, 0.0, -0.49998474
0.25797477, 0.46509242
-3e-08, 0.08399594, -0.05234188
0.0, -0.60997343, -0.7923826
0.1561705, 0.42296922
-3e-08, 0.11341742, -0.05234188
0.0, 0.0, -1.0
0.25797477, 0.42296922
0.01449414, 0.11341742, -0.0272372
0.86602372, 0.0, 0.49998474
0.25797477, 0.50721586
0.01449415, 0.08399594, -0.04397364
0.68623918, -0.60997343, -0.3961913
0.15617043, 0.46509242
0.00724707, 0.11341742, -0.02305309
0.0, 1.0, 0.0
0.33330822, 0.46371394
0.01449414, 0.11341742, -0.0272372
0.0, 1.0, 0.0
0.30250472, 0.46408129
0.01449415, 0.11341742, -0.04397364
0.0, 1.0, 0.0
0.27176854, 0.41084468
-3e-08, 0.07542612, -0.00386028
0.0, 0.99786371, -0.06488235
0.42862883, 0.87172689
0.00703446, 0.07909891, 0.00526608
0.85009307, 0.30622274, -0.42835781
0.42133665, 0.90466774
0.00703448, 0.07542612, -0.00386028
0.78460038, 0.61867124, -0.0402234
0.40845492, 0.8726586
0.00703447, 0.08487817, -0.01477946
0.77437663, 0.17334513, 0.60847807
0.44083628, 0.83128089
-3e-08, 0.07698127, -0.00988238
0.0, 0.80553603, 0.59251684
0.43057972, 0.85879503
0.0070345, 0.07698127, -0.00988239
0.80126345, 0.48197883, 0.35447249
0.41313925, 0.8484565
-3e-08, 0.10326701, -0.01055397
0.0, -0.85125279, 0.52470475
0.48877761, 0.8567072
0.0070344, 0.09567919, -0.01477946
0.76830345, -0.16089359, 0.61949521
0.47871903, 0.83128093
0.0070344, 0.10326701, -0.01055397
0.83510852, -0.46821496, 0.28861356
0.51033789, 0.84533094
-3e-08, 0.0924991, 0.0059784
0.0, -0.24674214, -0.96905422
0.46483803, 0.88902462
0.00703446, 0.0924991, 0.0059784
0.78066349, -0.15417951, -0.60557878
0.46833557, 0.90716609
-3e-08, 0.08487817, -0.01477946
0.0, 0.27396467, 0.96172976
0.44746599, 0.85039255
-3e-08, 0.10367335, -0.00089976
0.0, -0.88302255, -0.46928313
0.48792124, 0.87447317
0.00341177, 0.07873987, -0.05068632
0.65514082, 0.27582628, -0.70332956
0.12998196, 0.5720256
0.00341177, 0.07331214, -0.05281503
0.59822381, -0.18655965, -0.77929014
0.11107525, 0.56461048
0.00341177, 0.06500885, -0.04325254
0.83446759, -0.51039153, 0.20764793
0.08215183, 0.59792
0.00341177, 0.06302236, -0.02697757
0.28473771, -0.9515366, -0.11612293
0.05731574, 0.61708808
0.00341177, 0.06781632, -0.04480767
0.99996948, 0.0, 0.0
0.09193122, 0.59250301
0.00341177, 0.06758103, -0.04637253
0.84975737, -0.14441359, -0.50694299
0.09111169, 0.58705202
0.00341177, 0.07147695, -0.03965788
1.0, 0.0, 0.0
0.10468256, 0.6104416
0.0070339, 0.08213338, -0.05081525
1.0, 3.052e-05, 6.104e-05
0.42492712, 0.70520532
0.00276367, 0.12776975, -0.03949872
0.38267159, 0.0, 0.92385632
0.03483135, 0.33667231
-3e-08, 0.12776975, -0.03949872
0.0, 0.0, 1.0
0.03485727, 0.34470391
0.00667214, 0.12776975, -0.0434072
0.92385632, 0.0, 0.38267159
0.03483135, 0.32533103
0.00276367, 0.20575315, -0.03949872
0.38267159, 0.0, 0.92385632
0.3017526, 0.33667231
0.00667214, 0.12776975, -0.04893458
0.92385632, 0.0, -0.38267159
0.03483135, 0.30929166
0.00667214, 0.20575315, -0.0434072
0.92385632, 0.0, 0.38267159
0.3017526, 0.32533103
0.00276367, 0.12776975, -0.05284304
0.81249428, -0.47593614, -0.33652762
0.03483135, 0.29794979
0.00667214, 0.20575315, -0.04893458
0.92385632, 0.0, -0.38267159
0.3017526, 0.30929166
0.00276367, 0.17313004, -0.03949872
0.25144199, 0.3843196, 0.88827175
0.17389099, 0.35096347
0.00277921, 0.15622416, -0.03218851
0.66496778, 0.15158543, 0.7312845
0.1602155, 0.36948591
0.00276367, 0.12776975, -0.03949872
0.99996948, 0.0, -0.00210578
0.03483135, 0.35096347
-0.00276374, 0.12776975, -0.05284304
-0.81249428, -0.47593614, -0.33652762
0.0, 1.0
-3e-08, 0.12776975, -0.05450749
0.0, -0.70708334, -0.70708334
0.0, 1.0
-3e-08, 0.12776975, -0.05284304
0.0, -1.0, 0.0
0.0, 1.0
0.01449415, 0.08399594, -0.02723721
0.68623918, -0.60997343, 0.3961913
0.1561705, 0.50721589
-0.00724714, 0.08399594, -0.04815777
0.0, -1.0, 0.0
0.12706359, 0.41977036
0.00341177, 0.05733242, -0.04941629
0.53941464, -0.74584186, -0.39075899
0.05541208, 0.57644945
-3e-08, 0.06758103, -0.04637253
0.0, -0.27396467, -0.96172976
0.08584928, 0.57005098
-0.00341184, 0.05733242, -0.04941629
-0.53941464, -0.74584186, -0.39075899
0.05541208, 0.57644945
-3e-08, 0.07331214, -0.05281503
0.0, -0.74712366, -0.66463208
0.10608978, 0.55686814
0.00558719, 0.09837776, -0.05583801
0.09457686, 0.14801477, -0.98443556
0.36022481, 0.65035972
-0.00558639, 0.07524732, -0.05931635
-0.56990266, -0.53608811, -0.6227302
0.30365765, 0.6844826
-0.00558639, 0.09837776, -0.05583801
-0.09457686, 0.14801477, -0.98443556
0.36022487, 0.68448251
0.00558719, 0.07524732, -0.05931635
0.56990266, -0.53608811, -0.6227302
0.30365765, 0.65035972
-0.00558639, 0.07524732, -0.05583801
0.0, -0.99996948, 0.0
0.26609221, 0.6844826
0.00558719, 0.07524732, -0.05583801
1.0, 0.0, 0.0
0.31730765, 0.61536205
-0.00558639, 0.07524732, -0.05583801
-1.0, 0.0, 0.0
0.31730777, 0.71948028
-0.0070366, 0.08213338, -0.02004443
-1.0, 0.0, 0.00015259
0.42492715, 0.52902278
0.00703491, 0.11520527, -0.02004443
1.0, 0.0, 0.0
0.5451169, 0.80570306
-0.00703458, 0.11520527, -0.02004443
0.0, 0.0, 1.0
0.5394882, 0.80357157
0.00703289, 0.08213338, -0.02004443
0.0, 0.0, 1.0
0.4305273, 0.75504275
0.00703491, 0.11520527, -0.02004443
0.0, 0.0, 1.0
0.43062794, 0.80360016
-0.00703458, 0.11520527, -0.02004443
0.0, 0.99996948, 0.0
0.4965753, 0.62718889
0.0070339, 0.11520527, -0.05081525
0.0, 1.0, 0.0
0.54346818, 0.53429759
-0.00703458, 0.11520527, -0.05081525
0.0, 1.0, 0.0
0.4965753, 0.53429756
0.0070339, 0.11520527, -0.05081525
0.0, 0.0, -1.0
0.54019457, 0.70610863
-0.00703358, 0.08213338, -0.05081525
0.0, 0.0, -1.0
0.42910147, 0.75299817
-0.00703458, 0.11520527, -0.05081525
0.0, 0.0, -1.0
0.54019457, 0.75300154
-0.00703358, 0.08213338, -0.05081525
0.0, -1.0, 0.0
0.4261862, 0.62610883
0.00703289, 0.08213338, -0.02004443
0.0, -1.0, 0.0
0.47307578, 0.53321916
-0.0070366, 0.08213338, -0.02004443
0.0, -1.0, 0.0
0.42617953, 0.53321743
-3e-08, 0.20575315, -0.03949872
0.0, 1.0, 0.0
0.32737628, 0.33635259
-3e-08, 0.20575315, -0.05284304
0.0, 0.99996948, 0.0
0.32737628, 0.2976644
-0.0066722, 0.20575315, -0.04893458
0.0, 1.0, 0.0
0.30803224, 0.30899572
-4e-08, 0.19825064, -0.06083757
3.052e-05, -0.07898191, -0.99685657
0.28019238, 0.23651475
-0.00176974, 0.20123608, -0.05450749
-0.74233222, 0.63704336, -0.20752586
0.30231106, 0.27091151
-4e-08, 0.20123608, -0.06083757
3.052e-05, 0.54176456, -0.84051025
0.29558951, 0.23651469
-3e-08, 0.20123608, -0.05450749
0.0, 1.0, 0.0
0.30231106, 0.27091163
-0.00176974, 0.18682143, -0.05450749
-0.30655843, -0.42439041, -0.85198522
0.18937153, 0.27091151
-3e-08, 0.18682143, -0.05450749
0.0, -0.48448133, -0.87478256
0.18937153, 0.27091151
0.00667214, 0.20575315, -0.04893458
0.0, 1.0, 0.0
0.34672031, 0.30899572
0.00667214, 0.20575315, -0.0434072
0.0, 1.0, 0.0
0.34672031, 0.32502103
0.00176903, 0.20123608, -0.05450749
0.74233222, 0.63707387, -0.20746483
0.30231106, 0.27091163
0.00176903, 0.18682143, -0.05450749
0.30655843, -0.42442092, -0.85198522
0.18937153, 0.27091151
-0.00703422, 0.04851584, -0.03014718
-0.60133672, -0.77333903, -0.20078127
0.1726663, 0.67226785
-3e-08, 0.06937549, -0.00589177
0.0, -0.87469101, 0.48463392
0.37205616, 0.43124366
-0.01449422, 0.11341742, -0.04397365
0.0, 1.0, 0.0
0.30250472, 0.35760796
-3e-08, 0.11341742, -0.01886899
0.0, 1.0, 0.0
0.30250472, 0.46408129
-0.0070342, 0.06109631, -0.02072987
-1.0, -3.052e-05, 0.0
0.36975265, 0.52015439
-0.00703458, 0.11520527, -0.02004443
-1.0, 0.0, 3.052e-05
0.5451169, 0.52902269
-0.00703358, 0.08213338, -0.05081525
-1.0, 0.0, 6.104e-05
0.42492712, 0.62952039
-0.0066722, 0.20575315, -0.04893458
-0.92385632, 0.0, -0.38267159
0.3017526, 0.30929166
-0.00276374, 0.17313004, -0.03949872
-0.25144199, 0.3843196, 0.88827175
0.17389099, 0.35096347
0.00276367, 0.12776975, -0.05450749
0.57734919, -0.57734919, -0.57734919
0.0, 1.0
0.00276367, 0.12776975, -0.05284304
0.81249428, -0.47593614, -0.33652762
0.0, 1.0
0.00724707, 0.08399594, -0.02305309
0.49998474, 0.0, 0.86602372
0.1561705, 0.53153589
-3e-08, 0.1095704, -0.0125154
0.0, 0.62929165, 0.77712333
0.54867703, 0.85824244
-3e-08, 0.06937549, -0.00589177
0.0, -0.87469101, 0.48463392
0.37205613, 0.90348217
-3e-08, 0.11341742, -0.05234188
0.0, 1.0, 0.0
0.30250472, 0.35760796
-3e-08, 0.07909891, 0.00526608
0.0, 0.58156073, -0.81350136
0.43759078, 0.88764465
-3e-08, 0.09567919, -0.01477946
0.0, -0.25131992, 0.96789455
0.47094089, 0.85002176
0.00703446, 0.06109631, -0.02072987
1.0, 3.052e-05, 0.0
0.36975265, 0.81457135
0.0070339, 0.11520527, -0.05081525
1.0, 0.0, 6.104e-05
0.5451169, 0.70520544
0.00703289, 0.08213338, -0.02004443
1.0, 0.0, -9.156e-05
0.42492715, 0.80570294
0.00276367, 0.20575315, -0.05284304
0.81249428, 0.47593614, -0.33652762
0.3017526, 0.29794979
0.00277921, 0.12776975, -0.03218851
0.70784628, 0.0, 0.70635092
0.03483135, 0.36948597
-3e-08, 0.20575315, -0.05284304
0.0, 1.0, 0.0
0.31584206, 0.2876848
-0.00276374, 0.20575315, -0.05450749
-0.57734919, 0.57734919, -0.57734919
0.30429882, 0.28073293
-0.00276374, 0.20575315, -0.05284304
-0.81249428, 0.47593614, -0.33652762
0.30429882, 0.2876848
0.00558719, 0.07524732, -0.05583801
0.0, -1.0, 0.0
0.26609221, 0.65035975
-0.0070366, 0.08213338, -0.02004443
0.0, 0.0, 1.0
0.53958809, 0.75498888
0.00703491, 0.11520527, -0.02004443
0.0, 1.0, 0.0
0.54347152, 0.62718889
0.0070339, 0.08213338, -0.05081525
0.0, 0.0, -1.0
0.42910147, 0.70610863
0.0070339, 0.08213338, -0.05081525
0.0, -1.0, 0.0
0.47307578, 0.62611049
-0.0066722, 0.20575315, -0.0434072
0.0, 1.0, 0.0
0.30803224, 0.32502103
-0.00276374, 0.20575315, -0.03949872
0.0, 1.0, 0.0
0.3193638, 0.33635259
-0.00276374, 0.20575315, -0.05284304
0.0, 1.0, 0.0
0.3193638, 0.2976644
0.00276367, 0.20575315, -0.03949872
0.0, 1.0, 0.0
0.33538887, 0.33635259
0.00276367, 0.20575315, -0.05284304
0.0, 1.0, 0.0
0.33538887, 0.2976644
-0.00276374, 0.20575315, -0.05450749
-0.57734919, 0.57734919, -0.57734919
0.3017526, 0.29794997
-3e-08, 0.12776975, -0.05450749
0.0, -0.70708334, -0.70708334
0.03485975, 0.28963959
0.00276367, 0.20575315, -0.05450749
0.57734919, 0.57734919, -0.57734919
0.3017526, 0.29794979
0.00276367, 0.12776975, -0.05450749
0.57734919, -0.57734919, -0.57734919
0.03483135, 0.29794979
-3e-08, 0.20575315, -0.05450749
0.0, 0.70708334, -0.70708334
0.3017526, 0.28963959
0.00276367, 0.20575315, -0.05284304
0.81249428, 0.47593614, -0.33652762
0.32738522, 0.2876848
-3e-08, 0.20575315, -0.05450749
0.0, 0.70708334, -0.70708334
0.31584206, 0.28073293
-0.00276374, 0.12776975, -0.05450749
-0.57734919, -0.57734919, -0.57734919
0.0, 1.0
0.00276367, 0.20575315, -0.05450749
0.57734919, 0.57734919, -0.57734919
0.32738522, 0.28073293
# Number of Faces:
326
# Face Data:
0, 1, 2
3, 4, 5
6, 7, 8
9, 10, 3
11, 12, 13
2, 14, 15
16, 17, 0
18, 19, 5
8, 20, 11
5, 21, 22
19, 23, 24
15, 25, 26
27, 28, 29
19, 30, 31
26, 32, 33
34, 28, 35
36, 35, 37
33, 38, 39
36, 40, 16
39, 41, 6
31, 42, 43
43, 44, 9
45, 34, 36
46, 47, 48
49, 50, 47
51, 52, 53
54, 48, 55
45, 56, 57
58, 59, 60
61, 62, 63
64, 65, 66
57, 59, 67
61, 60, 68
63, 69, 64
66, 70, 45
71, 72, 73
74, 75, 76
77, 76, 78
79, 71, 80
81, 82, 79
83, 6, 8
84, 85, 86
87, 88, 85
89, 90, 88
90, 91, 92
93, 94, 95
94, 96, 95
94, 97, 98
91, 99, 92
100, 101, 50
102, 100, 49
103, 104, 105
4, 106, 107
7, 108, 109
10, 110, 106
111, 112, 113
114, 105, 115
104, 116, 117
118, 119, 107
120, 109, 112
21, 107, 121
118, 122, 123
124, 115, 125
126, 127, 128
30, 118, 129
130, 125, 131
132, 126, 128
133, 134, 132
135, 131, 136
117, 137, 133
41, 136, 108
42, 129, 138
110, 42, 138
117, 133, 139
140, 141, 142
143, 144, 140
145, 146, 147
142, 54, 55
148, 149, 150
151, 152, 153
154, 155, 156
157, 139, 158
152, 150, 153
155, 159, 151
160, 156, 139
149, 157, 158
73, 161, 162
75, 163, 76
76, 164, 78
162, 165, 166
165, 167, 163
109, 168, 112
169, 84, 170
171, 172, 169
173, 174, 171
175, 176, 173
95, 177, 93
96, 178, 95
178, 179, 177
180, 181, 182
101, 183, 143
144, 102, 184
166, 163, 185
186, 185, 75
74, 80, 187
187, 186, 75
188, 166, 186
80, 188, 186
189, 190, 191
192, 193, 190
192, 189, 194
191, 190, 195
67, 58, 196
197, 104, 155
198, 199, 200
201, 202, 203
204, 205, 206
207, 208, 209
210, 211, 212
213, 214, 215
214, 216, 215
217, 213, 218
219, 210, 220
221, 213, 215
221, 215, 216
222, 218, 213
0, 17, 1
3, 10, 4
6, 41, 7
9, 44, 10
11, 20, 12
2, 1, 14
16, 40, 17
43, 9, 31
5, 22, 18
9, 3, 31
19, 3, 5
18, 223, 19
3, 19, 31
8, 7, 20
5, 4, 21
19, 223, 23
15, 14, 25
27, 224, 28
19, 24, 30
26, 25, 32
34, 29, 28
36, 34, 35
33, 32, 38
36, 37, 40
39, 38, 41
31, 30, 42
43, 42, 44
16, 0, 63
16, 63, 64
57, 29, 45
45, 29, 34
36, 16, 64
66, 45, 36
36, 64, 66
46, 49, 47
49, 100, 50
53, 225, 51
51, 226, 52
54, 46, 48
45, 70, 56
58, 67, 59
61, 68, 62
64, 69, 65
57, 56, 59
61, 58, 60
63, 62, 69
66, 65, 70
71, 82, 72
74, 187, 75
77, 74, 76
79, 82, 71
79, 74, 81
77, 81, 74
11, 13, 227
227, 196, 11
83, 228, 26
11, 196, 229
228, 15, 26
8, 11, 229
83, 26, 39
8, 229, 83
39, 6, 83
26, 33, 39
84, 87, 85
87, 89, 88
89, 230, 90
90, 230, 91
93, 231, 94
94, 98, 96
94, 231, 97
182, 232, 233
100, 234, 101
49, 46, 184
184, 102, 49
103, 235, 104
4, 10, 106
7, 41, 108
10, 44, 110
111, 120, 112
114, 103, 105
104, 235, 116
106, 110, 129
138, 129, 110
118, 123, 119
119, 121, 107
107, 106, 118
129, 118, 106
120, 7, 109
21, 4, 107
118, 24, 122
124, 114, 115
126, 236, 127
30, 24, 118
130, 124, 125
132, 134, 126
133, 137, 134
135, 130, 131
117, 116, 137
41, 135, 136
42, 30, 129
110, 44, 42
156, 104, 117
132, 128, 149
128, 150, 149
139, 156, 117
132, 149, 133
158, 139, 133
133, 149, 158
140, 144, 141
143, 183, 144
147, 237, 53
53, 145, 147
142, 141, 54
148, 238, 149
151, 159, 152
154, 239, 155
157, 160, 139
152, 148, 150
155, 239, 159
160, 154, 156
149, 238, 157
73, 72, 161
75, 185, 163
76, 163, 164
162, 161, 165
164, 163, 167
165, 161, 167
240, 113, 112
109, 108, 241
136, 131, 241
168, 242, 112
136, 241, 108
240, 112, 242
109, 241, 168
169, 172, 84
171, 174, 172
173, 176, 174
175, 243, 176
95, 178, 177
96, 244, 178
178, 244, 179
245, 246, 247
101, 234, 183
184, 141, 144
144, 183, 102
166, 165, 163
186, 166, 185
74, 79, 80
187, 80, 186
188, 162, 166
80, 71, 188
189, 192, 190
192, 248, 193
2, 15, 228
228, 196, 61
27, 29, 57
2, 228, 0
61, 63, 0
0, 228, 61
227, 27, 57
227, 57, 67
61, 196, 58
227, 67, 196
127, 240, 150
197, 241, 125
150, 128, 127
153, 150, 240
241, 131, 125
115, 105, 197
197, 125, 115
153, 240, 242
151, 153, 242
197, 105, 104
151, 242, 155
104, 156, 155
155, 242, 197
198, 249, 199
201, 250, 202
204, 251, 205
207, 252, 208
212, 253, 210
254, 210, 253
211, 255, 212
213, 217, 214
256, 220, 210
219, 257, 211
211, 210, 219
221, 222, 213
258, 259, 99
259, 260, 261
258, 262, 259
259, 262, 260
175, 260, 243
263, 264, 245
91, 258, 99
180, 265, 181
182, 181, 232
245, 264, 246
175, 261, 260
263, 266, 264
