# Project Zomboid Skinned Mesh
# File Version:
1.0
# Model Name:
Cube
# Vertex Stride Element Count:
3
# Vertex Stride Size (in bytes):
76
# Vertex Stride Data:
# (Int)    Offset
# (String) Type
0
VertexArray
12
NormalArray
24
TextureCoordArray
# Vertex Count:
214
# Vertex Buffer:
0.01088202, 0.09602711, 0.01569611
0.67195654, -0.17413862, 0.71980959
0.50572777, 0.75739837
0.01088199, 0.11382256, -0.02238166
0.67802972, -0.09891049, -0.72832423
0.54356456, 0.67643684
0.01088202, 0.11382256, 0.01569611
0.70708334, 0.0, 0.70708334
0.54356456, 0.75739837
0.0, 0.21651645, -0.02238166
0.0, 0.70708334, -0.70708334
0.78486609, 0.67643684
0.01088202, 0.21651646, 0.01569611
0.57734919, 0.57734919, 0.57734919
0.76061618, 0.75739837
0.01088205, 0.21651644, -0.02238166
0.57734919, 0.57734919, -0.57734919
0.76061618, 0.67643684
0.0, 0.09602711, 0.01569611
0.0, -0.53486741, 0.84490496
0.50467014, 0.7807266
0.01088199, 0.08215334, -0.01361813
0.64574116, -0.5834834, -0.49244666
0.47382131, 0.69680241
0.0, 0.11382256, -0.02238166
0.0, -0.13455611, -0.99087495
0.53736413, 0.65119132
0.0, 0.11382256, 0.01569611
0.0, 0.0, 1.0
0.54356456, 0.78292403
0.0, 0.21651648, 0.01569611
0.0, 0.70708334, 0.70708334
0.76061618, 0.78292403
0.0, 0.21651645, -0.02238166
0.0, 0.70708334, -0.70708334
0.76061618, 0.65047181
0.0068398, 0.12414882, 0.03091599
0.85790581, -0.28907132, -0.4247261
0.56552052, 0.7897591
0.0, 0.12665644, 0.02455727
0.0, -0.99734491, 0.07263406
0.55975211, 0.77562761
0.0068398, 0.12665644, 0.02455727
0.8188116, -0.57252723, 0.04168829
0.57085228, 0.77623908
0.0068398, 0.10256503, 0.03422968
0.59730828, -0.46327096, 0.65465254
0.51962864, 0.79680473
0.0, 0.09602711, 0.01569611
0.0, -0.43284401, 0.90145576
0.48745158, 0.76615334
0.0068398, 0.09602711, 0.01569611
0.61702323, -0.74208808, 0.26178777
0.50572777, 0.75739837
0.0068398, 0.10381887, 0.02213917
0.84078491, 0.52397227, 0.13592944
0.52229464, 0.77109767
0.0, 0.10632441, 0.03091599
0.0, 0.60228276, -0.79827267
0.53508532, 0.78223316
0.0068398, 0.10632441, 0.03091599
0.87041843, 0.29648733, -0.39295632
0.5276221, 0.7897591
0.0068398, 0.15342411, 0.01569611
0.3689993, 0.54280221, 0.75441754
0.59084678, 0.75739837
0.0, 0.12766466, 0.03422969
0.0, 0.30680257, 0.95175022
0.58010101, 0.80898708
0.0068398, 0.12766466, 0.03422969
0.64412367, 0.23465683, 0.72801906
0.5729959, 0.79680473
0.0068398, 0.11026702, 0.01569611
0.44700462, 0.63225198, 0.63274026
0.5360049, 0.75739837
0.0, 0.10381887, 0.02213917
0.0, 0.96792507, 0.25113681
0.53383613, 0.77463551
0.0, 0.12414882, 0.03091599
0.0, -0.56263924, -0.82668537
0.55852175, 0.78133909
0.0, 0.12157056, 0.01569611
0.0, -0.867275, 0.49778742
0.55231452, 0.76202124
0.0068398, 0.12157056, 0.01569611
0.55561996, -0.72109133, 0.41386151
0.56003869, 0.75739837
0.0, 0.10256503, 0.03422968
0.0, -0.57762384, 0.81627858
0.51293099, 0.81073025
0.01088199, 0.08215334, -0.01361813
0.64574116, -0.5834834, -0.49244666
0.43654138, 0.70039555
0.0, 0.04172645, 0.00937483
0.0, 0.7244789, -0.68929106
0.35299283, 0.72237447
0.0, 0.08215334, -0.01361813
0.0, -0.76418346, -0.64497817
0.42259556, 0.67255342
0.01088202, 0.06256316, 0.02739588
0.79641104, 0.38929412, 0.46275216
0.39729631, 0.78586769
0.01088199, 0.04172645, 0.00937483
0.96163821, 0.1986755, -0.18903165
0.35299283, 0.74755117
0.01088202, 0.04518066, 0.05859524
0.58876306, 0.29865414, 0.75109106
0.36033735, 0.85220429
0.0, 0.0162097, 0.0494583
0.0, 0.342143, 0.93963438
0.31103632, 0.86478119
0.01088202, 0.0162097, 0.0494583
0.46513259, 0.30286568, 0.83178198
0.29873908, 0.83277716
0.0, 0.04518066, 0.05859524
0.0, 0.36948758, 0.92919707
0.36893085, 0.87164107
0.01088202, 0.09602711, 0.01569611
0.67195654, -0.17413862, 0.71980959
0.46844783, 0.76099151
0.0, 0.06256316, 0.02739588
0.0, 0.64375746, 0.7651906
0.41228688, 0.80504301
0.00763495, 0.43391475, -0.01748067
0.71727651, 0.63023776, -0.29709768
0.47532383, 0.15471274
0.0031625, 0.21651645, -0.0219531
0.71205789, 0.0, -0.70207828
0.01557669, 0.14126444
0.0031625, 0.43391475, -0.0219531
0.54911953, 0.80416274, -0.22745445
0.47532377, 0.14126265
0.00763495, 0.43391475, -0.01115566
0.71727651, 0.63023776, 0.29709768
0.47532383, 0.16816109
0.00763495, 0.21651645, -0.01748067
0.92385632, 0.0, -0.38267159
0.01557669, 0.15471274
0.0031625, 0.43391475, -0.00668323
0.29709768, 0.63023776, 0.71727651
0.47532383, 0.18161118
0.00763495, 0.21651645, -0.01115566
0.92385632, 0.0, 0.38267159
0.01557669, 0.16816109
0.0, 0.43391475, -0.00668323
0.0, 0.70708334, 0.70708334
0.47532386, 0.18919677
0.0031625, 0.21651645, -0.00668323
0.38267159, 0.0, 0.92385632
0.01557664, 0.18160945
0.0, 0.43391475, -0.00668323
0.0, 0.70708334, 0.70708334
0.70464128, 0.08688021
0.00763495, 0.43391475, -0.01115566
0.71727651, 0.63023776, 0.29709768
0.6895296, 0.07802796
0.0, 0.43391475, -0.0219531
0.0, 1.0, 0.0
0.70464128, 0.05665684
0.00763495, 0.42067575, 0.00177378
0.71727651, 0.63023776, -0.29709768
0.45620322, 0.24585193
0.0031625, 0.21651645, -0.00269866
0.38267159, 0.0, -0.92385632
0.01557669, 0.23004812
0.0031625, 0.42067575, -0.00269866
0.29709768, 0.63023776, -0.71727651
0.45620322, 0.23004812
0.00763495, 0.42067575, 0.00809882
0.71727651, 0.63023776, 0.29709768
0.45620322, 0.25930023
0.00763495, 0.21651645, 0.00177384
0.92385632, 0.0, -0.38267159
0.01557669, 0.24585193
0.0031625, 0.42067575, 0.01257125
0.29709768, 0.63023776, 0.71727651
0.45620322, 0.27527016
0.00763495, 0.21651645, 0.00809882
0.92385632, 0.0, 0.38267159
0.01557669, 0.25930023
0.0, 0.42067575, 0.01257125
0.0, 0.70708334, 0.70708334
0.45620322, 0.28263938
0.0031625, 0.21651645, 0.01257125
0.38267159, 0.0, 0.92385632
0.01557669, 0.27526933
0.0, 0.21651645, -0.00269866
0.0, 0.0, -1.0
0.01557669, 0.22181988
0.0, 0.42067575, -0.00269866
0.0, 0.70708334, -0.70708334
0.45620322, 0.22181988
0.00981115, 0.40878135, -0.01354584
0.1808832, 0.55418563, -0.81246376
0.87302887, 0.84561186
0.01262738, 0.28876132, -0.00434804
0.98394728, 0.0, -0.17828913
0.60924, 0.86582746
0.00981131, 0.28876132, -0.013546
0.21543016, -0.05713065, -0.97482222
0.60924, 0.84561147
0.0126272, 0.40878135, -0.00434795
0.7199927, 0.68156987, -0.13046663
0.87302887, 0.86582761
0.01354371, 0.28876132, 0.0105463
0.9351787, 0.0, 0.35410628
0.60924, 0.89856339
0.01354349, 0.40878135, 0.0105462
0.72981966, 0.62526321, 0.2763451
0.87302881, 0.89856315
0.00560998, 0.28876132, 0.01848001
0.38267159, 0.0, 0.92385632
0.60924, 0.91600069
0.0, 0.40878135, 0.01847981
0.0, 0.70708334, 0.70708334
0.88821542, 0.93363744
0.0056099, 0.40878135, 0.01847981
0.29709768, 0.63023776, 0.71727651
0.87302887, 0.91600028
0.0, 0.40878135, -0.00269849
0.0, 0.91601306, -0.40110478
0.88821542, 0.81546076
0.0, 0.28876132, -0.00269866
0.0, 0.0, -1.0
0.60924, 0.81546076
-0.0068398, 0.12766466, 0.03422969
-0.64412367, 0.23465683, 0.72801906
0.5729959, 0.50413898
-0.0068398, 0.12665644, 0.02455727
-0.8188116, -0.57252723, 0.04168829
0.57085228, 0.52470461
-0.0068398, 0.12414882, 0.03091599
-0.85790581, -0.28907132, -0.4247261
0.56552052, 0.5111846
0.00560998, 0.26494572, 0.01848001
0.38267159, 0.0, 0.92385632
0.55689615, 0.91600069
0.0135437, 0.24823165, 0.0105463
0.72981966, -0.62526321, 0.2763451
0.52016073, 0.89856339
0.01354371, 0.26494572, 0.0105463
0.9351787, 0.0, 0.35410628
0.55689615, 0.89856339
0.01262738, 0.26494572, -0.00434804
0.68672752, -0.12292856, -0.7163915
0.55689615, 0.86582746
0.0, 0.24823165, 0.01848001
0.0, -0.70708334, 0.70708334
0.50597566, 0.93361528
0.0, 0.26494572, 0.01848001
0.0, 0.0, 1.0
0.55689615, 0.93361528
0.0, 0.26494572, -0.00269868
0.0, -0.14191107, -0.98986787
0.55689615, 0.85276012
0.01262738, 0.24823165, -0.00434804
0.52113408, -0.57380903, -0.63176364
0.52016073, 0.86582746
0.0, 0.24823165, -0.00269866
0.0, -0.73744929, -0.67537463
0.50597566, 0.85708238
0.01088201, 0.03029475, 0.02733268
1.0, 0.0, 0.0
0.32868654, 0.78573337
-0.01262738, 0.28876132, -0.00434804
-0.98394728, 0.0, -0.17828913
0.60924, 0.86582746
-0.00981131, 0.28876132, -0.013546
-0.21543016, -0.05713065, -0.97482222
0.60924, 0.84561147
-0.01262738, 0.26494572, -0.00434804
-0.68672752, -0.12292856, -0.7163915
0.55689615, 0.86582746
0.0, 0.28876132, 0.01848001
0.0, 0.0, 1.0
0.6092509, 0.93363744
0.0, 0.0162097, 0.0494583
0.0, 0.342143, 0.93963438
0.46925113, 0.93198425
0.01088199, 0.04172645, 0.00937483
0.96163821, 0.1986755, -0.18903165
0.44759139, 0.83740729
0.0, 0.04172645, 0.00937483
0.0, 0.7244789, -0.68929106
0.46925113, 0.83740726
-0.01088199, 0.11382256, -0.02238166
-0.67802972, -0.09891049, -0.72832423
0.54356456, 0.62450686
-0.01088202, 0.09602711, 0.01569611
-0.67195654, -0.17413862, 0.71980959
0.50572777, 0.54354534
-0.01088202, 0.11382256, 0.01569611
-0.70708334, 0.0, 0.70708334
0.54356456, 0.54354534
-0.01088202, 0.21651646, 0.01569611
-0.57734919, 0.57734919, 0.57734919
0.76061618, 0.54354534
0.0, 0.21651645, -0.02238166
0.0, 0.70708334, -0.70708334
0.78486609, 0.62450686
-0.01088205, 0.21651644, -0.02238166
-0.57734919, 0.57734919, -0.57734919
0.76061618, 0.62450686
-0.01088199, 0.08215334, -0.01361813
-0.64574116, -0.5834834, -0.49244666
0.47382131, 0.6051859
0.0, 0.09602711, 0.01569611
0.0, -0.53486741, 0.84490496
0.50467014, 0.52021709
0.0, 0.11382256, -0.02238166
0.0, -0.13455611, -0.99087495
0.53736413, 0.64975241
0.0, 0.11382256, 0.01569611
0.0, 0.0, 1.0
0.54356456, 0.51801971
0.0, 0.21651648, 0.01569611
0.0, 0.70708334, 0.70708334
0.76061618, 0.51801971
0.0, 0.12665644, 0.02455727
0.0, -0.99734491, 0.07263406
0.55975211, 0.52531609
0.0, 0.09602711, 0.01569611
0.0, -0.43284401, 0.90145576
0.48745158, 0.53479037
-0.0068398, 0.10256503, 0.03422968
-0.59730828, -0.46327096, 0.65465254
0.51962864, 0.50413898
-0.0068398, 0.09602711, 0.01569611
-0.61702323, -0.74208808, 0.26178777
0.50572777, 0.54354534
0.0, 0.10632441, 0.03091599
0.0, 0.60228276, -0.79827267
0.53508532, 0.51871052
-0.0068398, 0.10381887, 0.02213917
-0.84078491, 0.52397227, 0.13592944
0.52229464, 0.52984604
-0.0068398, 0.10632441, 0.03091599
-0.87041843, 0.29648733, -0.39295632
0.5276221, 0.5111846
0.0, 0.12766466, 0.03422969
0.0, 0.30680257, 0.95175022
0.58010101, 0.49195659
-0.0068398, 0.15342411, 0.01569611
-0.3689993, 0.54280221, 0.75441754
0.59084678, 0.54354534
0.0, 0.10381887, 0.02213917
0.0, 0.96792507, 0.25113681
0.53383613, 0.52630821
-0.0068398, 0.11026702, 0.01569611
-0.44700462, 0.63225198, 0.63274026
0.5360049, 0.54354534
0.0, 0.12414882, 0.03091599
0.0, -0.56263924, -0.82668537
0.55852175, 0.51960465
0.0, 0.12157056, 0.01569611
0.0, -0.867275, 0.49778742
0.55231452, 0.53892246
-0.0068398, 0.12157056, 0.01569611
-0.55561996, -0.72109133, 0.41386151
0.56003869, 0.54354534
0.0, 0.10256503, 0.03422968
0.0, -0.57762384, 0.81627858
0.51293099, 0.49021351
0.0, 0.08215334, -0.01361813
0.0, -0.76418346, -0.64497817
0.42259556, 0.62839028
-0.01088199, 0.04172645, 0.00937483
-0.96163821, 0.1986755, -0.18903165
0.35299283, 0.55339256
-0.01088199, 0.08215334, -0.01361813
-0.64574116, -0.5834834, -0.49244666
0.43654138, 0.60159275
-0.01088202, 0.06256316, 0.02739588
-0.79641104, 0.38929412, 0.46275216
0.39729631, 0.51507601
-0.01088202, 0.09602711, 0.01569611
-0.67195654, -0.17413862, 0.71980959
0.46844783, 0.53995219
0.0, 0.0162097, 0.0494583
0.0, 0.342143, 0.93963438
0.31103632, 0.43616247
-0.01088202, 0.04518066, 0.05859524
-0.58876306, 0.29865414, 0.75109106
0.36033735, 0.44873941
-0.01088202, 0.0162097, 0.0494583
-0.46513259, 0.30286568, 0.83178198
0.29873908, 0.46816647
0.0, 0.04518066, 0.05859524
0.0, 0.36948758, 0.92919707
0.36893088, 0.42930269
0.0, 0.06256316, 0.02739588
0.0, 0.64375746, 0.7651906
0.41228685, 0.49590075
-0.0031625, 0.21651645, -0.0219531
-0.71205789, 0.0, -0.70207828
0.01557669, 0.14126265
-0.00763495, 0.43391475, -0.01748067
-0.71727651, 0.63023776, -0.29709768
0.47532383, 0.15471274
-0.0031625, 0.43391475, -0.0219531
-0.54911953, 0.80416274, -0.22745445
0.47532389, 0.14126444
-0.00763495, 0.21651645, -0.01748067
-0.92385632, 0.0, -0.38267159
0.01557669, 0.15471274
-0.00763495, 0.43391475, -0.01115566
-0.71727651, 0.63023776, 0.29709768
0.47532383, 0.16816109
-0.00763495, 0.21651645, -0.01115566
-0.92385632, 0.0, 0.38267159
0.01557669, 0.16816109
-0.0031625, 0.43391475, -0.00668323
-0.29709768, 0.63023776, 0.71727651
0.47532383, 0.18160939
-0.0031625, 0.21651645, -0.00668323
-0.38267159, 0.0, 0.92385632
0.01557674, 0.18161118
-0.0031625, 0.21651645, -0.00269866
-0.38267159, 0.0, -0.92385632
0.01557669, 0.23004735
-0.00763495, 0.42067575, 0.00177378
-0.71727651, 0.63023776, -0.29709768
0.45620322, 0.24585193
-0.0031625, 0.42067575, -0.00269866
-0.29709768, 0.63023776, -0.71727651
0.45620322, 0.23004866
-0.00763495, 0.21651645, 0.00177384
-0.92385632, 0.0, -0.38267159
0.01557669, 0.24585193
-0.00763495, 0.42067575, 0.00809882
-0.71727651, 0.63023776, 0.29709768
0.45620322, 0.25930023
-0.00763495, 0.21651645, 0.00809882
-0.92385632, 0.0, 0.38267159
0.01557669, 0.25930023
-0.0031625, 0.42067575, 0.01257125
-0.29709768, 0.63023776, 0.71727651
0.45620322, 0.27526957
-0.0031625, 0.21651645, 0.01257125
-0.38267159, 0.0, 0.92385632
0.01557669, 0.27527016
-0.00981115, 0.40878135, -0.01354584
-0.1808832, 0.55418563, -0.81246376
0.87302887, 0.84561186
-0.0126272, 0.40878135, -0.00434795
-0.7199927, 0.68156987, -0.13046663
0.87302887, 0.86582761
-0.01354349, 0.40878135, 0.0105462
-0.72981966, 0.62526321, 0.2763451
0.87302881, 0.89856315
-0.00560998, 0.28876132, 0.01848001
-0.38267159, 0.0, 0.92385632
0.60924, 0.91600069
-0.0056099, 0.40878135, 0.01847981
-0.29709768, 0.63023776, 0.71727651
0.87302887, 0.91600028
-0.00560998, 0.24823165, 0.01848001
-0.29709768, -0.63023776, 0.71727651
0.52016073, 0.91600069
-0.0135437, 0.24823165, 0.0105463
-0.72981966, -0.62526321, 0.2763451
0.52016073, 0.89856339
-0.00560998, 0.26494572, 0.01848001
-0.38267159, 0.0, 0.92385632
0.55689615, 0.91600069
-0.01354371, 0.26494572, 0.0105463
-0.9351787, 0.0, 0.35410628
0.55689615, 0.89856339
-0.01262738, 0.24823165, -0.00434804
-0.52113408, -0.57380903, -0.63176364
0.52016073, 0.86582746
-0.01088201, 0.03029475, 0.02733268
-1.0, 0.0, 0.0
0.32868654, 0.51521036
0.0, 0.28876132, 0.01848001
0.0, 0.0, 1.0
0.60924, 0.93361528
-0.01354371, 0.28876132, 0.0105463
-0.9351787, 0.0, 0.35410628
0.60924, 0.89856339
-0.01088199, 0.04172645, 0.00937483
-0.96163821, 0.1986755, -0.18903165
0.49091086, 0.83740729
-0.01088202, 0.0162097, 0.0494583
-0.46513259, 0.30286568, 0.83178198
0.49091098, 0.93198425
0.00766935, 0.27757606, -0.00183851
0.99996948, 0.0, -0.00778222
0.71303546, 0.95922494
0.00763495, 0.21651645, -0.00625861
0.99996948, 0.0, -0.00778222
0.58320951, 0.96862304
0.00763495, 0.28363171, -0.00625861
0.99996948, 0.0, -0.00778222
0.7259109, 0.96862304
-0.00763495, 0.41270301, 0.00177378
-0.70708334, 0.70708334, 0.0
0.42664063, 0.21730685
-0.00763495, 0.40377709, -0.01115566
-0.70708334, -0.70708334, 0.0
0.40766203, 0.189816
-0.00763495, 0.40377709, 0.00177378
-0.70708334, -0.70708334, 0.0
0.40766203, 0.21730685
0.00763495, 0.41270301, 0.00177378
0.70708334, 0.70708334, 0.0
0.42664063, 0.21730685
-0.00763495, 0.41270301, -0.01115566
-0.70708334, 0.70708334, 0.0
0.42664063, 0.189816
0.00763495, 0.40377709, 0.00177378
0.70708334, -0.70708334, 0.0
0.40766203, 0.21730685
0.00763495, 0.41270301, -0.01115566
0.70708334, 0.70708334, 0.0
0.42664063, 0.189816
0.00763495, 0.40377709, -0.01115566
0.70708334, -0.70708334, 0.0
0.40766203, 0.189816
0.0031625, 0.43391475, -0.02538377
0.70351267, -0.01120029, -0.71056247
0.47532377, 0.13065016
0.0, 0.21651645, -0.0219531
0.0, -0.01577807, -0.99984741
0.01559083, 0.12306458
0.0, 0.43391475, -0.02538377
0.0, -0.01577807, -0.99984741
0.47532368, 0.12306458
-0.0031625, 0.43391475, -0.02538377
-0.70351267, -0.01120029, -0.71056247
0.47532389, 0.13065195
0.0031625, 0.43391475, -0.02538377
0.0, 1.0, 0.0
0.69838184, 0.05247843
0.0031625, 0.43391475, -0.0219531
0.54911953, 0.80416274, -0.22745445
0.69838184, 0.05665684
0.0, 0.43391475, -0.02538377
0.0, 1.0, 0.0
0.70464128, 0.05247843
-0.0031625, 0.43391475, -0.0219531
-0.54911953, 0.80416274, -0.22745445
0.71090072, 0.05665684
0.00560998, 0.24823165, 0.01848001
0.29709768, -0.63023776, 0.71727651
0.52016073, 0.91600069
-0.00763495, 0.21651645, -0.00625861
-0.99996948, 0.0, -0.00778222
0.58320951, 0.96862304
-0.00766935, 0.21651645, -0.00183851
-0.99996948, 0.0, -0.00778222
0.58320951, 0.95922494
-0.00766935, 0.27757606, -0.00183851
-0.99996948, 0.0, -0.00778222
0.71303546, 0.95922494
0.0, 0.21651648, 0.01569611
0.0, 0.70708334, 0.70708334
0.78486609, 0.75739837
0.0, 0.08215334, -0.01361813
0.0, -0.76418346, -0.64497817
0.47025663, 0.71240053
0.0, 0.08215334, -0.01361813
0.0, -0.76418346, -0.64497817
0.46551049, 0.66502598
0.0, 0.11382256, -0.02238166
0.0, -0.13455611, -0.99087495
0.54356456, 0.65047181
0.0, 0.15342411, 0.01569611
0.0, 0.5840022, 0.81173134
0.60533726, 0.76588191
0.0, 0.11026702, 0.01569611
0.0, 0.70680869, 0.707358
0.54349864, 0.76464856
0.0, 0.09602711, 0.01569611
0.0, -0.43284401, 0.90145576
0.47596946, 0.7805399
0.0, 0.21651645, -0.00668323
0.0, 0.0, 1.0
0.01556243, 0.1891951
0.00763495, 0.43391475, -0.01748067
0.71727651, 0.63023776, -0.29709768
0.6895296, 0.06550896
-0.00763495, 0.43391475, -0.01748067
-0.71727651, 0.63023776, -0.29709768
0.71975297, 0.06550896
-0.00763495, 0.43391475, -0.01115566
-0.71727651, 0.63023776, 0.29709768
0.71975297, 0.07802796
-0.0031625, 0.43391475, -0.00668323
-0.29709768, 0.63023776, 0.71727651
0.71090072, 0.08688021
0.0031625, 0.43391475, -0.00668323
0.29709768, 0.63023776, 0.71727651
0.69838184, 0.08688021
0.0, 0.21651645, 0.01257125
0.0, 0.0, 1.0
0.01557669, 0.28263861
0.01088202, 0.0162097, 0.0494583
0.46513259, 0.30286568, 0.83178198
0.44759139, 0.93198425
0.0, 0.21651648, 0.01569611
0.0, 0.70708334, 0.70708334
0.78486609, 0.54354534
0.0, 0.08215334, -0.01361813
0.0, -0.76418346, -0.64497817
0.47025663, 0.58854321
0.0, 0.08215334, -0.01361813
0.0, -0.76418346, -0.64497817
0.46551043, 0.63591775
0.0, 0.15342411, 0.01569611
0.0, 0.5840022, 0.81173134
0.60533726, 0.53506181
0.0, 0.11026702, 0.01569611
0.0, 0.70680869, 0.707358
0.54349864, 0.53629515
0.0, 0.04172645, 0.00937483
0.0, 0.7244789, -0.68929106
0.35299283, 0.5785692
0.0, 0.09602711, 0.01569611
0.0, -0.43284401, 0.90145576
0.47596946, 0.52040377
0.00771608, 0.28363171, 0.00416583
0.99996948, 0.0, -0.00778222
0.7259109, 0.94645846
0.00766935, 0.21651645, -0.00183851
0.99996948, 0.0, -0.00778222
0.58320951, 0.95922494
0.0031625, 0.21651645, -0.0219531
0.0, -0.01577807, -0.99984741
0.01557669, 0.13065022
-0.0031625, 0.21651645, -0.0219531
0.0, -0.01577807, -0.99984741
0.01557669, 0.13065016
-0.0031625, 0.43391475, -0.02538377
0.0, 1.0, 0.0
0.71090072, 0.05247843
-0.00771608, 0.28363171, 0.00416583
-0.99996948, 0.0, -0.00778222
0.7259109, 0.94645846
-0.00763495, 0.28363171, -0.00625861
-0.99996948, 0.0, -0.00778222
0.7259109, 0.96862304
# Number of Faces:
254
# Face Data:
0, 1, 2
3, 4, 5
6, 7, 0
7, 8, 1
9, 0, 2
10, 2, 4
1, 11, 5
2, 5, 4
12, 13, 14
15, 16, 17
18, 19, 20
21, 22, 23
24, 25, 18
20, 26, 12
14, 27, 28
23, 29, 15
17, 18, 15
30, 31, 32
30, 33, 34
35, 36, 37
33, 38, 35
39, 40, 33
41, 42, 43
44, 45, 41
46, 47, 44
48, 49, 46
50, 51, 52
53, 54, 55
56, 57, 53
58, 59, 56
60, 61, 58
60, 56, 53
55, 62, 63
64, 65, 66
67, 68, 65
69, 70, 68
71, 70, 72
73, 69, 67
64, 74, 73
75, 76, 77
78, 79, 80
79, 81, 80
82, 78, 83
84, 85, 86
87, 35, 37
87, 33, 35
88, 89, 90
74, 84, 89
83, 70, 91
92, 93, 94
95, 96, 97
98, 99, 100
101, 102, 96
103, 101, 95
96, 104, 97
97, 105, 98
11, 95, 100
100, 97, 98
106, 77, 76
107, 108, 109
110, 111, 112
113, 114, 75
115, 116, 111
117, 112, 77
118, 76, 119
120, 75, 108
108, 112, 111
121, 122, 123
123, 124, 125
126, 127, 128
129, 124, 127
130, 125, 124
131, 132, 133
134, 135, 132
136, 137, 135
138, 48, 137
139, 140, 141
142, 143, 140
144, 145, 143
146, 60, 145
140, 60, 63
62, 141, 63
147, 88, 148
88, 149, 148
149, 150, 151
150, 71, 151
149, 151, 73
74, 147, 73
152, 153, 86
84, 90, 89
154, 153, 152
90, 153, 155
154, 82, 83
84, 156, 90
157, 128, 127
157, 124, 122
150, 83, 158
150, 155, 154
88, 155, 159
92, 160, 161
162, 163, 164
165, 166, 167
168, 169, 165
170, 171, 168
167, 172, 170
173, 174, 175
174, 176, 175
133, 176, 131
177, 52, 178
179, 180, 52
173, 43, 42
80, 65, 68
70, 80, 68
66, 84, 74
65, 81, 66
181, 86, 79
14, 21, 23
81, 84, 66
182, 183, 184
0, 7, 1
3, 185, 4
6, 186, 7
7, 187, 8
9, 6, 0
10, 9, 2
1, 188, 11
2, 1, 5
12, 26, 13
15, 29, 16
18, 25, 19
21, 189, 22
24, 190, 25
20, 19, 26
14, 13, 27
23, 22, 29
17, 24, 18
18, 20, 15
30, 34, 31
30, 39, 33
35, 38, 36
33, 40, 38
39, 191, 40
41, 45, 42
44, 47, 45
46, 49, 47
48, 192, 49
178, 52, 193
180, 194, 52
195, 196, 50
50, 197, 51
51, 193, 52
52, 194, 195
195, 50, 52
53, 57, 54
56, 59, 57
58, 61, 59
60, 198, 61
53, 55, 63
63, 60, 53
58, 56, 60
55, 54, 62
64, 67, 65
67, 69, 68
69, 72, 70
71, 91, 70
67, 64, 73
73, 71, 72
72, 69, 73
64, 66, 74
112, 108, 75
114, 119, 76
77, 112, 75
114, 76, 75
78, 181, 79
79, 85, 81
82, 181, 78
84, 81, 85
87, 34, 33
83, 78, 70
92, 199, 93
95, 101, 96
98, 200, 99
101, 201, 102
103, 202, 101
96, 102, 104
97, 104, 105
11, 188, 95
100, 95, 97
106, 117, 77
107, 120, 108
110, 115, 111
113, 203, 114
115, 204, 116
117, 110, 112
118, 106, 76
120, 113, 75
109, 108, 111
111, 116, 109
121, 205, 122
123, 122, 124
126, 129, 127
129, 130, 124
130, 206, 125
131, 134, 132
134, 136, 135
136, 138, 137
138, 192, 48
139, 142, 140
142, 144, 143
144, 146, 145
146, 198, 60
63, 141, 140
140, 143, 60
145, 60, 143
62, 139, 141
147, 89, 88
88, 159, 149
149, 159, 150
150, 158, 71
73, 147, 148
148, 149, 73
151, 71, 73
74, 89, 147
156, 86, 153
82, 152, 86
154, 155, 153
90, 156, 153
154, 152, 82
84, 86, 156
157, 127, 124
150, 154, 83
150, 159, 155
88, 90, 155
92, 94, 160
164, 207, 162
162, 208, 163
165, 169, 166
168, 171, 169
170, 172, 171
167, 166, 172
173, 209, 174
174, 210, 176
177, 179, 52
179, 211, 180
80, 81, 65
70, 78, 80
85, 79, 86
181, 82, 86
15, 20, 23
14, 28, 21
23, 20, 12
12, 14, 23
184, 212, 213
213, 182, 184
