# Project Zomboid Skinned Mesh
# File Version:
1.0
# Model Name:
Cube
# Vertex Stride Element Count:
3
# Vertex Stride Size (in bytes):
76
# Vertex Stride Data:
# (Int)    Offset
# (String) Type
0
VertexArray
12
NormalArray
24
TextureCoordArray
# Vertex Count:
165
# Vertex Buffer:
-0.0, 0.12892321, -0.01957648
0.0, 0.49177527, 0.87069309
0.4846018, 0.77355352
0.00834857, 0.12983254, -0.02108489
0.85583055, 0.44294566, 0.26703694
0.48772621, 0.7453914
-0.0, 0.12983254, -0.02108489
0.0, 0.85641038, 0.5162816
0.48772621, 0.76896098
0.00834857, 0.07314064, -0.01957648
0.86730552, 0.29490036, 0.40098271
0.292927, 0.75057444
0.00834857, 0.11544336, -0.03076081
1.0, 0.0, 0.0
0.4382835, 0.71214387
0.00834857, 0.12892321, -0.01957648
0.61134678, 0.38917202, 0.6890164
0.4846018, 0.75057444
-0.0, 0.02347327, 0.04571692
0.0, -0.47367778, 0.88067263
0.09475145, 0.99999651
0.00834857, 0.05275646, 0.04571692
0.59492785, 0.47618032, 0.64751124
0.22288477, 0.97492936
-0.0, 0.05275646, 0.04571692
0.0, 0.59242529, 0.80559707
0.23957986, 0.99999651
0.00359886, 0.0662656, 0.00244528
0.6281625, 0.0, 0.77803886
0.42384067, 0.82624355
-0.0, 0.09797211, 0.00244528
0.0, 0.38267159, 0.92385632
0.5387668, 0.8380073
-0.0, 0.0662656, 0.00244528
0.0, 0.0, 1.0
0.42399713, 0.84087303
-0.0, 0.03049069, -0.02614535
0.0, -0.65523237, -0.75539416
0.12025845, 0.72800305
0.00834857, 0.03393619, -0.03434479
0.78164005, -0.57499921, -0.24161504
0.15821639, 0.69982895
0.00834857, 0.03049069, -0.02614535
0.82146674, -0.37360761, -0.43073824
0.14637727, 0.72800305
-0.0, 0.0183658, 0.0379858
0.0, -0.99011201, 0.14007996
0.07110098, 0.95800713
0.00834857, 0.03462039, -0.01405835
0.86260569, -0.48121586, 0.15579699
0.1605673, 0.76953527
0.00834857, 0.0183658, 0.0379858
0.62208927, -0.77520066, 0.109653
0.10471481, 0.94836441
-0.0, 0.03462039, -0.01405835
0.0, -0.95135349, 0.3080233
0.12778698, 0.76953527
0.00834857, 0.02157149, -0.02381059
0.54997408, -0.81966615, -0.1601001
0.11572993, 0.7360256
-0.0, 0.02157149, -0.02381059
0.0, -0.98144472, -0.19168676
0.08749333, 0.7360256
-0.0, 0.07314064, -0.01957648
0.0, 0.59242529, 0.80559707
0.31233692, 0.77355352
0.00834857, 0.11544336, -0.03434479
1.0, 0.0, 0.0
0.4382835, 0.62541953
0.00834857, 0.03393619, -0.03434479
0.65037996, -0.74028748, -0.17004913
0.15821636, 0.62541953
0.00834857, 0.05456917, -0.04548768
0.80312508, 0.22580644, -0.55131686
0.22911339, 0.58713135
0.00544476, 0.03837373, -0.048811
0.70708334, -0.70708334, 0.0
0.8392024, 0.14861518
0.00544476, 0.04226039, -0.05314181
0.57734919, 0.57734919, -0.57734919
0.85255736, 0.13373393
0.00544476, 0.04226039, -0.048811
0.70708334, 0.70708334, 0.0
0.85255742, 0.14861518
0.00359886, 0.10466951, -0.00425218
0.63023776, 0.71727651, 0.29709768
0.55580086, 0.80323038
0.00359887, 0.09797211, 0.00244528
0.63023776, 0.29709768, 0.71727651
0.53278756, 0.82624355
0.00359884, 0.10177296, -0.00505344
0.80416274, -0.54911953, -0.22745445
0.54584783, 0.80047712
-0.0, 0.09645374, 0.00026584
0.0, -0.38267159, -0.92385632
0.52380949, 0.80977067
-0.0, 0.10177296, -0.00505344
0.0, -0.92385632, -0.38267159
0.53617626, 0.7967504
0.00244143, 0.03601989, -0.04152007
0.71404159, 0.20664082, -0.66887414
0.77201015, 0.10576063
0.00244143, 0.03223591, -0.02775799
0.35239723, -0.88738668, 0.29718924
0.75900793, 0.15304846
0.00244143, 0.03003187, -0.03433893
0.77068394, -0.53062534, 0.35273293
0.75143474, 0.13043565
0.00359884, 0.07792369, 0.00026584
0.80303353, 0.22562334, -0.551561
0.4638992, 0.8187547
0.00359887, 0.09645374, 0.00026584
0.80416274, -0.22745445, -0.54911953
0.52757025, 0.8187547
-0.0, 0.05119257, -0.048811
0.0, 0.37897885, -0.92538226
0.21751098, 0.54924712
0.00834857, 0.05119257, -0.048811
0.63090914, 0.29404584, -0.71794796
0.21751095, 0.57571223
0.00359883, 0.10177296, -0.0143448
0.82827234, -0.49583423, 0.2608417
0.54584783, 0.76855108
-0.0, 0.09416135, -0.01957648
0.0, -0.56642354, 0.82409132
0.51460391, 0.75793263
0.00359886, 0.09416135, -0.01957648
0.35795161, -0.52888578, 0.7694937
0.51969343, 0.75057444
0.00359886, 0.10466957, -0.01957648
0.70708334, 0.70708334, 0.0
0.55580086, 0.75057444
-0.0, 0.10466951, -0.00425218
0.0, 0.92385632, 0.38267159
0.56717891, 0.80860224
-0.0, 0.06952311, -0.00798904
0.0, 0.7008881, -0.71324807
0.44195393, 0.78307524
-0.0, 0.07792369, 0.00026584
0.0, 0.37861264, -0.92553484
0.46862599, 0.80713418
-0.0, 0.10177296, -0.0143448
0.0, -0.88497573, 0.46559039
0.53569049, 0.77341595
-0.0, 0.05456917, -0.04548768
0.0, 0.37897885, -0.92538226
0.2291134, 0.55860028
0.00834857, 0.16239029, -0.04548768
0.57734919, 0.57734919, -0.57734919
0.59959829, 0.58713135
0.00834857, 0.02347327, 0.04571692
0.61439866, -0.37372968, 0.69481492
0.12226465, 0.97492936
-0.0, 0.03393619, -0.03434479
0.0, -0.9746086, -0.22388378
0.15821636, 0.60425678
0.00834857, 0.03725951, -0.048811
0.59013641, -0.50288397, -0.63148898
0.16963559, 0.57571223
-0.0, 0.03725951, -0.048811
0.0, -0.6229133, -0.7822504
0.16963559, 0.54924712
-0.0, 0.16239029, -0.04548768
0.0, 0.70708334, -0.70708334
0.69500673, 0.58576417
0.00834857, 0.16239029, -0.02108489
0.57734919, 0.57734919, 0.57734919
0.66632015, 0.66961479
0.00834857, 0.16239029, -0.04548768
0.57734919, 0.57734919, -0.57734919
0.66632015, 0.58576417
-0.0, 0.16239029, -0.02108489
0.0, 0.70708334, 0.70708334
0.59959829, 0.6996685
0.00834857, 0.12983254, -0.02108489
0.70708334, 0.0, 0.70708334
0.48772621, 0.67098197
0.00834857, 0.16239029, -0.02108489
0.57734919, 0.57734919, 0.57734919
0.59959829, 0.67098197
0.00131206, 0.15630668, -0.04894537
0.63438827, -0.27799311, -0.72127444
0.92627525, 0.11545742
0.00131206, 0.16176632, -0.04548768
0.70708334, 0.70708334, 0.0
0.94503516, 0.12733835
0.00131206, 0.15248755, -0.04548768
0.42417675, -0.60777611, -0.67131567
0.91315252, 0.12733835
-0.0, 0.02469614, -0.03902458
0.0, -0.97882015, 0.20459609
0.72355801, 0.11602503
0.00244143, 0.02469614, -0.03902458
0.59367657, -0.78765219, 0.16464736
0.73310053, 0.11433536
0.00544476, 0.03837373, -0.05314181
0.57734919, -0.57734919, -0.57734919
0.8392024, 0.13373393
-0.0, 0.04226039, -0.05314181
0.0, 0.70708334, -0.70708334
0.85255742, 0.11364752
-0.0, 0.02714881, -0.04426093
0.0, -0.40458387, -0.91448712
0.73524886, 0.08745974
0.00244143, 0.02714881, -0.04426093
0.58494824, -0.32813501, -0.74169135
0.74152815, 0.09634274
-0.0, 0.03003187, -0.03433893
0.0, -0.83275855, 0.55357522
0.7436474, 0.13537759
-0.0, 0.03601989, -0.04152007
0.0, 0.29517502, -0.95541245
0.77511239, 0.09390146
-0.0, 0.15630668, -0.04894537
0.0, -0.35963011, -0.93307292
0.92627525, 0.11069614
-0.0, 0.04226039, -0.048811
0.0, 1.0, 0.0
0.85690945, 0.12912065
-0.0, 0.03837373, -0.05314181
0.0, -0.70708334, -0.70708334
0.8392024, 0.11364752
0.00131206, 0.16176632, -0.04894537
0.57734919, 0.57734919, -0.57734919
0.9450351, 0.11545748
-0.0, 0.16176632, -0.04548768
0.0, 1.0, 0.0
0.94854927, 0.12671798
-0.0, 0.16176632, -0.04894537
0.0, 0.70708334, -0.70708334
0.94503516, 0.11087519
-0.00834857, 0.12983254, -0.02108489
-0.85583055, 0.44294566, 0.26703694
0.48772621, 0.25461078
-0.0, 0.12892321, -0.01957648
0.0, 0.49177527, 0.87069309
0.4846018, 0.22644866
-0.0, 0.12983254, -0.02108489
0.0, 0.85641038, 0.5162816
0.48772621, 0.23104119
-0.00834857, 0.03393619, -0.03434479
-0.78164005, -0.57499921, -0.24161504
0.15821639, 0.30017328
-0.00834857, 0.03049069, -0.02614535
-0.82146674, -0.37360761, -0.43073824
0.14637727, 0.27199912
-0.00834857, 0.03462039, -0.01405835
-0.86260569, -0.48121586, 0.15579699
0.1605673, 0.23046696
-0.00834857, 0.05275646, 0.04571692
-0.59492785, 0.47618032, 0.64751124
0.22288477, 0.02507281
-0.0, 0.02347327, 0.04571692
0.0, -0.47367778, 0.88067263
0.09475145, 5.72e-06
-0.0, 0.05275646, 0.04571692
0.0, 0.59242529, 0.80559707
0.23957986, 5.72e-06
-0.00359886, 0.0662656, 0.00244528
-0.6281625, 0.0, 0.77803886
0.42384067, 0.17375863
-0.0, 0.09797211, 0.00244528
0.0, 0.38267159, 0.92385632
0.5387668, 0.16199493
-0.00359887, 0.09797211, 0.00244528
-0.63023776, 0.29709768, 0.71727651
0.53278756, 0.17375863
-0.0, 0.03049069, -0.02614535
0.0, -0.65523237, -0.75539416
0.12025845, 0.27199912
-0.0, 0.0183658, 0.0379858
0.0, -0.99011201, 0.14007996
0.07110098, 0.04199505
-0.00834857, 0.0183658, 0.0379858
-0.62208927, -0.77520066, 0.109653
0.10471481, 0.05163777
-0.00834857, 0.02157149, -0.02381059
-0.54997408, -0.81966615, -0.1601001
0.11572993, 0.26397657
-0.0, 0.03462039, -0.01405835
0.0, -0.95135349, 0.3080233
0.12778698, 0.23046696
-0.0, 0.02157149, -0.02381059
0.0, -0.98144472, -0.19168676
0.08749333, 0.26397657
-0.00834857, 0.07314064, -0.01957648
-0.86730552, 0.29490036, 0.40098271
0.292927, 0.2494278
-0.0, 0.07314064, -0.01957648
0.0, 0.59242529, 0.80559707
0.31233692, 0.22644866
-0.00834857, 0.16239029, -0.04548768
-0.57734919, 0.57734919, -0.57734919
0.59959829, 0.41287088
-0.00834857, 0.11544336, -0.03434479
-1.0, 0.0, 0.0
0.4382835, 0.37458265
-0.00834857, 0.12983254, -0.03076081
-1.0, 0.0, 0.0
0.48772621, 0.36226773
-0.00544476, 0.04226039, -0.05314181
-0.57734919, 0.57734919, -0.57734919
0.85255736, 0.13373393
-0.00544476, 0.03837373, -0.048811
-0.70708334, -0.70708334, 0.0
0.8392024, 0.14861518
-0.00544476, 0.04226039, -0.048811
-0.70708334, 0.70708334, 0.0
0.85255742, 0.14861518
-0.00359887, 0.09645374, 0.00026584
-0.80416274, -0.22745445, -0.54911953
0.52757025, 0.18124747
-0.00359884, 0.10177296, -0.00505344
-0.80416274, -0.54911953, -0.22745445
0.54584783, 0.19952512
-0.0, 0.09645374, 0.00026584
0.0, -0.38267159, -0.92385632
0.52380949, 0.19023156
-0.00244143, 0.03003187, -0.03433893
-0.77068394, -0.53062534, 0.35273293
0.75143474, 0.13043565
-0.00244143, 0.03601989, -0.04152007
-0.71404159, 0.20664082, -0.66887414
0.77201015, 0.10576063
-0.00244143, 0.02714881, -0.04426093
-0.58494824, -0.32813501, -0.74169135
0.74152815, 0.09634274
-0.00359886, 0.10466951, -0.00425218
-0.63023776, 0.71727651, 0.29709768
0.55580086, 0.19677186
-0.00359884, 0.07792369, 0.00026584
-0.80303353, 0.22562334, -0.551561
0.4638992, 0.18124747
-0.00834857, 0.05456917, -0.04548768
-0.80312508, 0.22580644, -0.55131686
0.22911339, 0.41287088
-0.0, 0.05119257, -0.048811
0.0, 0.37897885, -0.92538226
0.21751098, 0.45075512
-0.00834857, 0.05119257, -0.048811
-0.63090914, 0.29404584, -0.71794796
0.21751095, 0.42428994
-0.0, 0.09416135, -0.01957648
0.0, -0.56642354, 0.82409132
0.51460391, 0.2420696
-0.00359883, 0.10177296, -0.0143448
-0.82827234, -0.49583423, 0.2608417
0.54584783, 0.23145115
-0.00359886, 0.09416135, -0.01957648
-0.35795161, -0.52888578, 0.7694937
0.51969343, 0.2494278
-0.0, 0.10466951, -0.00425218
0.0, 0.92385632, 0.38267159
0.56717891, 0.19139993
-0.00359886, 0.10466957, -0.01957648
-0.70708334, 0.70708334, 0.0
0.55580086, 0.2494278
-0.0, 0.06952311, -0.00798904
0.0, 0.7008881, -0.71324807
0.44195393, 0.21692693
-0.00359886, 0.06952311, -0.00798904
-0.57246619, 0.57466352, -0.58479565
0.43503395, 0.20961213
-0.0, 0.10177296, -0.00505344
0.0, -0.92385632, -0.38267159
0.53617626, 0.20325184
-0.0, 0.05456917, -0.04548768
0.0, 0.37897885, -0.92538226
0.2291134, 0.44140196
-0.00834857, 0.02347327, 0.04571692
-0.61439866, -0.37372968, 0.69481492
0.12226465, 0.02507281
-0.00834857, 0.03725951, -0.048811
-0.59013641, -0.50288397, -0.63148898
0.16963559, 0.42428994
-0.0, 0.03393619, -0.03434479
0.0, -0.9746086, -0.22388378
0.15821636, 0.3957454
-0.00834857, 0.03393619, -0.03434479
-0.65037996, -0.74028748, -0.17004913
0.15821636, 0.37458265
-0.0, 0.03725951, -0.048811
0.0, -0.6229133, -0.7822504
0.16963559, 0.45075512
-0.00834857, 0.16239029, -0.02108489
-0.57734919, 0.57734919, 0.57734919
0.72369331, 0.66961479
-0.00834857, 0.16239029, -0.04548768
-0.57734919, 0.57734919, -0.57734919
0.72369331, 0.58576417
-0.00834857, 0.12983254, -0.02108489
-0.70708334, 0.0, 0.70708334
0.48772621, 0.32902026
-0.0, 0.16239029, -0.02108489
0.0, 0.70708334, 0.70708334
0.59959829, 0.30033374
-0.00834857, 0.16239029, -0.02108489
-0.57734919, 0.57734919, 0.57734919
0.59959829, 0.32902026
-0.00131206, 0.15630668, -0.04894537
-0.63438827, -0.27799311, -0.72127444
0.92627525, 0.11545742
-0.00131206, 0.16176632, -0.04548768
-0.70708334, 0.70708334, 0.0
0.94503516, 0.12733835
-0.00131206, 0.16176632, -0.04894537
-0.57734919, 0.57734919, -0.57734919
0.9450351, 0.11545748
-0.00244143, 0.02469614, -0.03902458
-0.59367657, -0.78765219, 0.16464736
0.73310053, 0.11433536
-0.00544476, 0.03837373, -0.05314181
-0.57734919, -0.57734919, -0.57734919
0.8392024, 0.13373393
-0.00244143, 0.03223591, -0.02775799
-0.35239723, -0.88738668, 0.29718924
0.75900793, 0.15304846
-0.00131206, 0.15248755, -0.04548768
-0.42417675, -0.60777611, -0.67131567
0.91315252, 0.12733835
0.00834857, 0.12983254, -0.03076081
1.0, 0.0, 0.0
0.48772621, 0.71214387
0.00834857, 0.11544336, -0.03434479
1.0, 0.0, 0.0
0.4382835, 0.69982895
-0.0, 0.03393619, -0.03434479
0.0, -0.92190313, -0.38737145
0.13553318, 0.69982895
0.00834857, 0.12983254, -0.03076081
1.0, 0.0, 0.0
0.48772621, 0.63773444
0.00834857, 0.11544336, -0.03076081
1.0, 0.0, 0.0
0.4382835, 0.63773444
0.00359886, 0.06952311, -0.00798904
0.57246619, 0.57466352, -0.58479565
0.43503395, 0.7903901
-0.0, 0.10466957, -0.01957648
0.0, 1.0, 0.0
0.56931096, 0.75107512
-0.0, 0.16239029, -0.04548768
0.0, 0.70708334, -0.70708334
0.59959829, 0.55860028
-0.0, 0.16239029, -0.02108489
0.0, 0.70708334, 0.70708334
0.69500673, 0.66961479
-0.0, 0.12983254, -0.02108489
0.0, 0.0, 1.0
0.48772621, 0.6996685
-0.0, 0.03223591, -0.02775799
0.0, -0.94821006, 0.31754509
0.75178468, 0.15591091
-0.0, 0.15248755, -0.04548768
0.0, -0.67113256, -0.74129462
0.91315258, 0.12360567
-0.0, 0.03837373, -0.048811
0.0, -1.0, 0.0
0.83571082, 0.12912065
-0.00834857, 0.12892321, -0.01957648
-0.61134678, 0.38917202, 0.6890164
0.4846018, 0.2494278
-0.00834857, 0.11544336, -0.03076081
-1.0, 0.0, 0.0
0.4382835, 0.28785837
-0.00834857, 0.12983254, -0.03076081
-1.0, 0.0, 0.0
0.48772621, 0.28785837
-0.00834857, 0.11544336, -0.03434479
-1.0, 0.0, 0.0
0.4382835, 0.30017328
-0.0, 0.0662656, 0.00244528
0.0, 0.0, 1.0
0.42399713, 0.15912914
-0.0, 0.03393619, -0.03434479
0.0, -0.92190313, -0.38737145
0.13553318, 0.30017328
-0.00834857, 0.11544336, -0.03076081
-1.0, 0.0, 0.0
0.4382835, 0.36226773
-0.0, 0.07792369, 0.00026584
0.0, 0.37861264, -0.92553484
0.46862599, 0.19286799
-0.0, 0.10177296, -0.0143448
0.0, -0.88497573, 0.46559039
0.53569049, 0.22658622
-0.0, 0.10466957, -0.01957648
0.0, 1.0, 0.0
0.56931096, 0.24892712
-0.0, 0.16239029, -0.04548768
0.0, 0.70708334, -0.70708334
0.59959829, 0.44140196
-0.0, 0.12983254, -0.02108489
0.0, 0.0, 1.0
0.48772621, 0.30033374
# Number of Faces:
200
# Face Data:
0, 1, 2
3, 4, 5
6, 7, 8
9, 10, 11
12, 13, 14
15, 16, 17
18, 19, 16
20, 14, 19
8, 3, 21
3, 0, 21
22, 23, 24
25, 26, 27
28, 29, 30
30, 31, 32
33, 34, 35
28, 10, 29
36, 31, 37
38, 24, 39
40, 41, 42
43, 44, 28
36, 45, 46
40, 32, 47
48, 49, 24
6, 17, 50
51, 52, 23
53, 39, 52
54, 55, 56
57, 58, 59
60, 61, 62
35, 63, 64
65, 66, 26
64, 67, 68
34, 69, 35
68, 70, 33
62, 71, 60
26, 72, 27
25, 73, 65
74, 75, 61
60, 76, 74
77, 78, 79
80, 81, 82
83, 84, 85
86, 87, 88
80, 89, 81
82, 90, 91
92, 93, 82
81, 94, 92
95, 85, 96
78, 95, 96
97, 98, 99
100, 101, 102
103, 88, 104
104, 105, 103
106, 107, 108
87, 109, 88
105, 110, 103
111, 112, 113
114, 115, 116
117, 118, 109
110, 119, 120
115, 121, 104
97, 122, 111
91, 84, 123
124, 125, 126
113, 127, 124
128, 54, 129
130, 131, 132
133, 134, 135
63, 106, 136
66, 137, 100
67, 136, 108
69, 138, 106
70, 108, 107
71, 139, 133
72, 100, 102
73, 101, 137
75, 135, 134
76, 133, 135
0, 5, 1
3, 7, 16
50, 17, 7
16, 19, 14
14, 13, 16
4, 140, 1
13, 141, 3
7, 17, 16
16, 13, 3
4, 1, 5
3, 141, 4
6, 50, 7
9, 29, 10
12, 142, 13
15, 18, 16
18, 20, 19
20, 12, 14
8, 7, 3
3, 5, 0
49, 59, 143
143, 144, 22
59, 58, 143
52, 39, 23
49, 143, 22
23, 39, 24
24, 49, 22
25, 65, 26
40, 42, 43
9, 145, 36
9, 36, 29
40, 43, 28
30, 40, 28
29, 36, 37
37, 30, 29
30, 37, 31
35, 64, 68
68, 33, 35
28, 44, 10
36, 46, 31
38, 48, 24
40, 47, 41
43, 146, 44
36, 145, 45
40, 30, 32
48, 147, 49
6, 15, 17
51, 53, 52
53, 38, 39
54, 148, 55
57, 149, 58
60, 74, 61
35, 69, 63
65, 73, 66
64, 63, 67
34, 150, 69
68, 67, 70
62, 151, 71
26, 66, 72
25, 152, 73
74, 76, 75
60, 71, 76
77, 153, 78
95, 153, 154
77, 155, 154
154, 156, 95
81, 92, 82
156, 80, 95
153, 77, 154
123, 83, 91
82, 91, 83
80, 82, 95
82, 83, 95
83, 123, 84
86, 157, 87
80, 158, 89
82, 93, 90
92, 94, 93
81, 89, 94
95, 83, 85
78, 153, 95
111, 113, 126
98, 159, 99
99, 130, 132
113, 124, 126
111, 126, 98
99, 132, 97
97, 111, 98
100, 137, 101
118, 116, 115
118, 115, 109
110, 120, 86
103, 110, 88
109, 115, 104
110, 86, 88
109, 104, 88
104, 121, 105
108, 136, 106
106, 138, 107
87, 117, 109
105, 160, 110
111, 122, 112
114, 161, 115
117, 162, 118
110, 160, 119
115, 161, 121
97, 163, 122
91, 90, 84
124, 127, 125
113, 112, 127
128, 148, 54
130, 164, 131
133, 139, 134
63, 69, 106
66, 73, 137
67, 63, 136
69, 150, 138
70, 67, 108
71, 151, 139
72, 66, 100
73, 152, 101
75, 76, 135
76, 71, 133
