# Project Zomboid Skinned Mesh
# File Version:
1.0
# Model Name:
Cube
# Vertex Stride Element Count:
3
# Vertex Stride Size (in bytes):
76
# Vertex Stride Data:
# (Int)    Offset
# (String) Type
0
VertexArray
12
NormalArray
24
TextureCoordArray
# Vertex Count:
312
# Vertex Buffer:
0.0, 0.06528276, 0.07687389
0.0, -0.9215064, 0.38831753
0.36859521, 0.96466881
0.01030761, 0.09000009, 0.02340398
0.8786279, -0.46308786, 0.11621448
0.43078351, 0.86305439
0.01030761, 0.06528276, 0.07687389
0.57261878, -0.7554552, 0.31833857
0.38789126, 0.95584118
0.00864328, -0.01443116, 0.02175436
0.91433454, -0.27384257, 0.29825738
0.24956299, 0.81354654
0.00864328, -0.08560637, 0.02784093
0.75728631, 0.19037446, 0.62468338
0.12605214, 0.82410854
0.00864328, -0.11464661, -0.03114244
0.70708334, 0.0, -0.70708334
0.07565829, 0.72175419
0.00864328, -0.11464661, 0.03032432
1.0, 0.0, 0.0
0.07565829, 0.82841796
0.00864328, -0.1281371, -0.03114244
0.57356489, -0.60005492, -0.55757314
0.05452245, 0.72175419
0.0, 0.14281008, -0.03114244
0.0, 0.0, -0.99996948
0.52236474, 0.706617
0.00864328, 0.14281008, -0.03114244
0.70708334, 0.0, -0.70708334
0.522425, 0.72175419
0.0, 0.02187848, -0.05283724
0.0, -0.70708334, -0.70708334
0.29641545, 0.66488463
0.00657933, 0.05424389, -0.05283724
0.90450758, -0.30149236, -0.30149236
0.36873552, 0.66488463
0.00657933, 0.02187848, -0.05283724
0.57734919, -0.57734919, -0.57734919
0.3125715, 0.66488463
0.0, 0.03136203, 0.01783834
0.0, 0.73659474, 0.67629015
0.34069112, 0.81934744
0.00864328, 0.14281008, 0.00830783
0.7255165, 0.05862606, 0.68565935
0.522425, 0.79021257
0.0, 0.14281008, 0.00830783
0.0, 0.08517716, 0.99633777
0.522425, 0.80434513
0.00864328, -0.01443116, 0.03997069
0.57298499, -0.55424666, 0.60368663
0.24956302, 0.84515738
0.0, -0.01443116, 0.02175436
0.0, -0.67629015, 0.73659474
0.23615974, 0.82602066
0.0, -0.01443116, 0.03997069
0.0, -0.67629015, 0.73659474
0.24195224, 0.85889709
0.00864328, 0.03136203, 0.03605467
0.58195746, 0.59901732, 0.54997408
0.32902837, 0.83836186
0.0, 0.03136203, 0.03605467
0.0, 0.73659474, 0.67629015
0.33601126, 0.84811026
0.00864328, 0.24630743, -0.02387524
0.87527084, 0.29404584, -0.38392285
0.71629757, 0.73436511
0.01471854, 0.16319469, 0.01542087
0.69057286, -0.25141147, 0.67812127
0.57207125, 0.80255592
0.00864328, 0.14281008, -0.02387524
0.68694115, -0.72475356, -0.0527665
0.53669757, 0.73436511
0.00864328, 0.03136203, 0.01783834
0.89437544, 0.32947782, 0.30249947
0.32902837, 0.80675101
0.0, 0.14281008, 0.0088867
0.0, -0.70708334, 0.70708334
0.53669757, 0.80491579
0.01370834, 0.14281008, 0.0088867
0.62392038, -0.56968904, 0.53489792
0.53669757, 0.79121709
0.00864328, 0.29012468, -0.02387524
0.5274514, 0.58583331, -0.61525315
0.79233384, 0.73436505
0.0, 0.24630743, -0.02387524
0.0, 0.70708334, -0.70708334
0.71629751, 0.71976709
0.0, 0.29012468, -0.02387524
0.0, 0.70708334, -0.70708334
0.79233384, 0.72067332
0.00864328, 0.24630743, -0.0353255
0.57734919, 0.57734919, -0.57734919
0.71629751, 0.2855109
0.0, 0.24630743, -0.02387524
0.0, 0.70708334, -0.70708334
0.71629751, 0.28023911
0.00864328, 0.24630743, -0.02387524
0.87527084, 0.29404584, -0.38392285
0.71629757, 0.26564109
0.00864328, 0.14281008, -0.0353255
0.57734919, -0.57734919, -0.57734919
0.53669757, 0.71449524
0.0, 0.14281008, -0.02387524
0.0, -1.0, 0.0
0.53669757, 0.73436511
0.0, 0.14281008, -0.0353255
0.0, -0.70708334, -0.70708334
0.53669757, 0.69776368
0.00864328, 0.24630743, -0.0353255
0.57734919, 0.57734919, -0.57734919
0.71629751, 0.71449524
0.01030761, 0.12253407, 0.00707288
0.57734919, 0.57734919, -0.57734919
0.48723999, 0.83471489
0.01030761, 0.11316568, 0.03523656
0.82403028, 0.40238655, 0.39878535
0.47098294, 0.8835876
0.0, 0.15521419, 0.0088867
0.0, -0.33634448, 0.94170964
0.55822265, 0.80491579
0.01370837, 0.15521419, 0.0088867
0.83367413, -0.23258156, 0.50083923
0.55822265, 0.79121709
0.0, 0.16319469, 0.01542087
0.0, -0.31589708, 0.94875944
0.57207125, 0.83800256
0.01386928, 0.29012468, 0.00992763
0.62486649, 0.58180487, 0.52058476
0.79233384, 0.79302341
0.0, 0.29012468, 0.00992763
0.0, 0.72222054, 0.69164097
0.79233384, 0.81186634
0.0, 0.12253407, 0.00707288
0.0, 0.99996948, 0.0
0.50986552, 0.83721828
0.01030761, 0.12253407, 0.03211376
0.59617907, 0.65129548, 0.4694052
0.48723993, 0.87816852
0.0, 0.11316568, 0.03523656
0.0, 0.71025729, 0.7039094
0.49119589, 0.89710474
0.01030761, 0.09616378, 0.08780367
0.5759148, 0.36210212, 0.73290199
0.44147936, 0.97480774
0.00385989, 0.15641481, 0.02307275
0.90206611, -0.42817467, 0.05401776
0.57493967, 0.13612497
0.00385989, 0.15942675, 0.02257076
0.57783747, 0.80999178, -0.0999176
0.58016634, 0.13699615
0.00385989, 0.14662594, 0.03913653
0.5998413, 0.24893948, 0.76036865
0.55795294, 0.10824943
0.0, 0.12253407, 0.03211376
0.0, 0.81121248, 0.5847041
0.5016377, 0.88511288
0.0, 0.09616378, 0.08780367
0.0, 0.44294566, 0.89651173
0.44853333, 1.00000322
0.0, 0.08010158, 0.01594122
0.0, -0.8949858, 0.44608906
0.40097281, 0.85336328
0.01030761, 0.08010158, 0.00707288
0.57734919, -0.57734919, -0.57734919
0.41360661, 0.83471489
0.01030761, 0.08010158, 0.01594122
0.619129, -0.70281076, 0.35029146
0.41360655, 0.85010415
0.0, 0.15942675, 0.02257076
0.0, 0.99246192, -0.12244026
0.58762962, 0.13686097
0.0, 0.14612398, 0.03662657
0.0, -0.32328257, -0.94628739
0.55552518, 0.11796129
0.00385989, 0.14612398, 0.03662657
0.856502, -0.1668447, -0.4883877
0.55708188, 0.11260498
0.0, 0.14662594, 0.03913653
0.0, 0.31113622, 0.95034641
0.56016004, 0.10196674
0.00385989, 0.1221956, 0.03210863
0.76241338, -0.17886898, 0.62181461
0.51555884, 0.12044501
0.0, 0.14127132, 0.00826395
0.0, 0.61891538, -0.78542435
0.55492747, 0.16905642
0.0038599, 0.14127132, 0.00826395
0.84179205, 0.3340556, -0.42393261
0.54866111, 0.1618228
0.0, 0.1221956, 0.03018432
0.0, 0.25995666, -0.96560562
0.51705331, 0.12881601
0.00385989, 0.1221956, 0.03018432
0.63982058, 0.19977416, -0.74205756
0.51555884, 0.1237843
0.0, 0.15641481, 0.02307275
0.0, -0.99212623, 0.12518692
0.56910998, 0.13512945
0.00385989, 0.13784105, 0.00834762
0.4044618, -0.56813258, 0.71663564
0.54270852, 0.16167772
0.0, 0.09000009, 0.02340398
0.0, -0.96990877, 0.24341562
0.40987429, 0.86817122
0.00864328, 0.08010158, 0.00707288
0.0, 0.0, -0.99996948
0.41360658, 0.83182681
0.00474534, 0.35250387, -0.01509732
0.54911953, -0.80416274, -0.22745445
0.39218333, 0.49761325
0.00196558, 0.29012468, -0.01787707
0.38267159, 0.0, -0.92385632
0.28393602, 0.48995858
0.00196558, 0.35250387, -0.01787707
0.22745445, -0.80416274, -0.54911953
0.39218333, 0.48976141
0.00474534, 0.35250387, -0.01116615
0.54911953, -0.80416274, 0.22745445
0.39218333, 0.50443503
0.00474534, 0.29012468, -0.01509732
0.92385632, 0.0, -0.38267159
0.28393602, 0.49691856
0.00196558, 0.35250387, -0.0083864
0.22745445, -0.80416274, 0.54911953
0.39218333, 0.51275545
0.00474534, 0.29012468, -0.01116615
0.92385632, 0.0, 0.38267159
0.28393602, 0.50513849
0.0, 0.35250387, -0.0083864
0.0, -0.70708334, 0.70708334
0.39218339, 0.51653636
0.00196558, 0.29012468, -0.0083864
0.38267159, 0.0, 0.92385632
0.28393602, 0.51184139
0.0, 0.35250387, -0.00606624
0.0, -0.70708334, 0.70708334
0.39218336, 0.51846185
0.0, 0.29012468, -0.01787707
0.0, 0.0, -1.0
0.28393602, 0.48628443
0.0, 0.35250387, -0.01787707
0.0, -0.70708334, -0.70708334
0.39218336, 0.486431
0.0070655, 0.35250387, -0.01020511
0.71727651, -0.63023776, 0.29709768
0.39218333, 0.50610277
0.0, 0.35250387, -0.02019723
0.0, -0.70708334, -0.70708334
0.39218339, 0.48460376
0.0070655, 0.35250387, -0.01605835
0.71727651, -0.63023776, -0.29709768
0.39218333, 0.49594551
0.00292662, 0.35250387, -0.02019723
0.29709768, -0.63023776, -0.71727651
0.39218333, 0.48831266
0.0, 0.38184068, -0.02019723
0.0, 0.70708334, -0.70708334
0.44309163, 0.48445076
0.0070655, 0.38184068, -0.01020511
0.71727651, 0.63023776, 0.29709768
0.44309163, 0.50610274
0.00292662, 0.35250387, -0.00606624
0.29709768, -0.63023776, 0.71727651
0.39218336, 0.51424989
0.00292662, 0.38184068, -0.02019723
0.29709768, 0.63023776, -0.71727651
0.44309163, 0.48886162
0.00292662, 0.38184068, -0.00606624
0.29709768, 0.63026828, 0.717246
0.44309163, 0.51459971
0.0070655, 0.38184068, -0.01605835
0.71727651, 0.63023776, -0.29709768
0.44309163, 0.49594557
0.0, 0.38184068, -0.00606624
0.0, 0.70708334, 0.70708334
0.46556467, 0.51328492
0.0070655, 0.38184068, -0.01020511
0.71727651, 0.63023776, 0.29709768
0.45330387, 0.50610274
0.0070655, 0.38184068, -0.01605835
0.71727651, 0.63023776, -0.29709768
0.45330387, 0.49594557
0.00657933, 0.08175157, -0.05283724
0.90450758, 0.30149236, -0.30149236
0.41646978, 0.66488463
0.00657933, 0.10877733, -0.03114244
0.70708334, 0.70708334, 0.0
0.46336779, 0.70253175
0.0, 0.10877733, -0.05283724
0.0, 0.70708334, -0.70708334
0.47664392, 0.66488463
0.00657933, 0.10877733, -0.05283724
0.57734919, 0.57734919, -0.57734919
0.46336779, 0.66488463
0.0, 0.02187848, -0.03114244
0.0, -0.99996948, 0.0
0.29641545, 0.70067316
0.00657933, 0.02187848, -0.03114244
0.70708334, -0.70708334, 0.0
0.3125715, 0.70253175
0.0, 0.08175157, -0.05283724
0.0, 0.70708334, -0.70708334
0.42437062, 0.65400541
0.0, 0.01967083, -0.056444
0.0, -0.70708334, 0.70708334
0.53622967, 0.51691076
0.0, 0.01967083, -0.0817305
0.0, -0.70708334, -0.70708334
0.53622973, 0.47303081
0.01264326, 0.01967083, -0.07432425
0.71727651, -0.63023776, -0.29709768
0.51428974, 0.48588294
0.01264325, 0.10803014, -0.06385025
0.70696127, 0.5309, 0.46720785
0.46207115, 0.62159055
0.01264326, 0.01967083, -0.07432425
0.71727651, -0.63023776, -0.29709768
0.30874053, 0.60341489
0.01264326, 0.11299974, -0.07432425
0.74694049, 0.65828425, -0.09317301
0.47069493, 0.60341489
0.00523701, 0.10451607, -0.05644399
0.2900174, 0.45097202, 0.84408092
0.45597315, 0.63976622
0.01264325, 0.01967083, -0.06385025
0.71727651, -0.63023776, 0.29709768
0.30874053, 0.62159055
0.00523701, 0.01967083, -0.0817305
0.29709768, -0.63023776, -0.71727651
0.30874053, 0.58523917
0.00523701, 0.11651376, -0.0817305
0.32724997, 0.77300334, -0.54341257
0.4767929, 0.58523929
0.0, 0.01967083, -0.0817305
0.0, -0.70708334, -0.70708334
0.30874053, 0.57615137
0.0, 0.11651379, -0.0817305
0.0, 0.84517962, -0.53447068
0.4767929, 0.57615155
0.0, 0.10803014, -0.06385025
0.0, 0.90343946, 0.42866299
0.76811624, 0.51064894
0.00523701, 0.10451607, -0.05644399
0.2900174, 0.45097202, 0.84408092
0.77720195, 0.52487579
0.01264325, 0.10803014, -0.06385025
0.70696127, 0.5309, 0.46720785
0.79005623, 0.51065233
0.0, 0.11299974, -0.07432425
0.0, 0.90343946, 0.42866299
0.76811951, 0.49053121
0.01264326, 0.11299974, -0.07432425
0.74694049, 0.65828425, -0.09317301
0.79005939, 0.49053466
0.00523701, 0.11651376, -0.0817305
0.32724997, 0.77300334, -0.54341257
0.77720946, 0.47630727
0.0, -0.12230796, 0.04819332
0.0, -0.4755089, 0.87969601
0.0639053, 0.87522119
0.0, -0.1281371, -0.03114244
0.0, -0.73253578, -0.6806848
0.05452245, 0.70558584
0.00711051, 0.03415181, 0.06984826
0.72936183, 0.66701257, -0.1518601
0.95146757, 0.88708294
0.00711051, 0.0046587, 0.11460838
0.57634205, -0.37137973, 0.72789699
0.90028799, 0.96475557
0.00711051, -0.00748552, 0.07592037
0.68843651, -0.70793784, 0.15753655
0.87921411, 0.89761994
0.0, -0.11464661, -0.03114244
0.0, 0.0, -1.0
0.07565829, 0.70558584
0.0, -0.00748552, 0.07592037
0.0, -0.97610402, 0.21723075
0.86416978, 0.90119246
0.0, 0.04456116, 0.10124975
0.0, 0.89434493, 0.44737083
0.98463601, 0.94793042
0.00711051, 0.04456116, 0.10124975
0.57750177, 0.73012483, 0.365215
0.96953106, 0.94157419
0.0, -0.01234321, 0.03983469
0.0, -0.99105805, 0.1333964
0.85792208, 0.83617118
0.00711051, -0.01234321, 0.03983469
0.69689018, -0.71074557, 0.09567553
0.87078446, 0.83500013
0.0, 0.0046587, 0.11460838
0.0, -0.45448163, 0.89074373
0.89434719, 0.98125787
0.0, 0.02981457, 0.03605467
0.0, 0.99185157, -0.12729271
0.95589542, 0.82665563
0.0, 0.03415181, 0.06984826
0.0, 0.97503585, -0.22199164
0.96444845, 0.88393504
0.0, -0.08560637, 0.02784093
0.0, 0.29151279, 0.95654166
0.12850147, 0.83622253
0.00864328, -0.12230796, 0.04819332
0.55790889, -0.39463484, 0.73003328
0.0639053, 0.85597807
0.00657933, 0.08175157, -0.05832493
0.70708334, 0.70708334, 0.0
0.41646972, 0.65536171
0.00657933, 0.05424389, -0.05832493
0.70708334, -0.70708334, 0.0
0.36873546, 0.65536171
0.0, 0.05424389, -0.05832493
0.0, -1.0, 0.0
0.36405593, 0.65111125
0.0, 0.05424389, -0.05283724
0.0, -0.70708334, -0.70708334
0.361206, 0.65457541
0.00523701, 0.01967083, -0.05644399
0.29709768, -0.63023776, 0.71727651
0.30874053, 0.63976634
0.0, 0.10451607, -0.05644399
0.0, 0.53447068, 0.84517962
0.45597318, 0.64885402
0.0, 0.01967083, -0.056444
0.0, -0.70708334, 0.70708334
0.30874053, 0.64885414
-0.01030761, 0.09000009, 0.02340398
-0.8786279, -0.46308786, 0.11621448
0.43078351, 0.1369518
0.0, 0.06528276, 0.07687389
0.0, -0.9215064, 0.38831753
0.36859521, 0.03533733
-0.01030761, 0.06528276, 0.07687389
-0.57261878, -0.7554552, 0.31833857
0.38789126, 0.04416502
-0.00864328, -0.11464661, -0.03114244
-0.70708334, 0.0, -0.70708334
0.07565829, 0.27825201
-0.00864328, -0.01443116, 0.02175436
-0.91433454, -0.27384257, 0.29825738
0.24956299, 0.18645966
-0.00864328, 0.03136203, 0.01783834
-0.89437544, 0.32947782, 0.30249947
0.32902837, 0.19325519
-0.00864328, -0.11464661, 0.03032432
-1.0, 0.0, 0.0
0.07565829, 0.17158818
-0.00864328, -0.1281371, -0.03114244
-0.57356489, -0.60005492, -0.55757314
0.05452245, 0.27825201
-0.00864328, -0.12230796, 0.04819332
-0.55790889, -0.39463484, 0.73003328
0.0639053, 0.14402807
0.0, 0.14281008, -0.03114244
0.0, 0.0, -0.99996948
0.52236474, 0.2933892
-0.00864328, 0.14281008, -0.03114244
-0.70708334, 0.0, -0.70708334
0.522425, 0.27825201
-0.00657933, 0.05424389, -0.05283724
-0.90450758, -0.30149236, -0.30149236
0.36873552, 0.33512151
0.0, 0.02187848, -0.05283724
0.0, -0.70708334, -0.70708334
0.29641545, 0.33512151
-0.00657933, 0.02187848, -0.05283724
-0.57734919, -0.57734919, -0.57734919
0.3125715, 0.33512151
-0.00864328, 0.14281008, 0.00830783
-0.7255165, 0.05862606, 0.68565935
0.522425, 0.20979357
0.0, 0.03136203, 0.01783834
0.0, 0.73659474, 0.67629015
0.34069112, 0.1806587
0.0, 0.14281008, 0.00830783
0.0, 0.08517716, 0.99633777
0.522425, 0.19566107
0.0, -0.01443116, 0.02175436
0.0, -0.67629015, 0.73659474
0.23615974, 0.17398548
-0.00864328, -0.01443116, 0.03997069
-0.57298499, -0.55424666, 0.60368663
0.24956302, 0.15484881
-0.00864328, 0.03136203, 0.03605467
-0.58195746, 0.59901732, 0.54997408
0.32902837, 0.16164434
0.0, -0.01443116, 0.03997069
0.0, -0.67629015, 0.73659474
0.24195224, 0.14110911
0.0, 0.03136203, 0.03605467
0.0, 0.73659474, 0.67629015
0.33601126, 0.15189588
-0.01471854, 0.16319469, 0.01542087
-0.69057286, -0.25141147, 0.67812127
0.57207125, 0.19745028
-0.01386928, 0.29012468, 0.00992763
-0.62486649, 0.58180487, 0.52058476
0.79233384, 0.20698273
-0.00864328, 0.24630743, -0.02387524
-0.87527084, 0.29404584, -0.38392285
0.71629757, 0.26564109
-0.00864328, 0.14281008, -0.02387524
-0.68694115, -0.72475356, -0.0527665
0.53669757, 0.73436511
-0.01370834, 0.14281008, 0.0088867
-0.62392038, -0.56968904, 0.53489792
0.53669757, 0.79121709
-0.00864328, 0.29012468, -0.02387524
-0.5274514, 0.58583331, -0.61525315
0.79233384, 0.26564109
0.0, 0.29012468, -0.02387524
0.0, 0.70708334, -0.70708334
0.79233384, 0.27933288
-0.00864328, 0.24630743, -0.0353255
-0.57734919, 0.57734919, -0.57734919
0.71629751, 0.71449524
-0.00864328, 0.24630743, -0.02387524
-0.87527084, 0.29404584, -0.38392285
0.71629757, 0.73436511
-0.00864328, 0.14281008, -0.0353255
-0.57734919, -0.57734919, -0.57734919
0.53669757, 0.2855109
-0.00864328, 0.14281008, -0.02387524
-0.68694115, -0.72475356, -0.0527665
0.53669757, 0.26564109
-0.00864328, 0.14281008, -0.0353255
-0.57734919, -0.57734919, -0.57734919
0.53669757, 0.71449524
-0.00864328, 0.24630743, -0.0353255
-0.57734919, 0.57734919, -0.57734919
0.71629751, 0.2855109
0.0, 0.14281008, -0.0353255
0.0, -0.70708334, -0.70708334
0.53669757, 0.30224252
-0.01030761, 0.12253407, 0.00707288
-0.57734919, 0.57734919, -0.57734919
0.48723999, 0.16529131
-0.01030761, 0.08010158, 0.00707288
-0.57734919, -0.57734919, -0.57734919
0.41360661, 0.16529131
-0.01370834, 0.14281008, 0.0088867
-0.62392038, -0.56968904, 0.53489792
0.53669757, 0.20878911
0.0, 0.15521419, 0.0088867
0.0, -0.33634448, 0.94170964
0.55822265, 0.19509041
-0.01370837, 0.15521419, 0.0088867
-0.83367413, -0.23258156, 0.50083923
0.55822265, 0.20878911
0.0, 0.16319469, 0.01542087
0.0, -0.31589708, 0.94875944
0.57207125, 0.16200364
-0.01030761, 0.12253407, 0.03211376
-0.59617907, 0.65129548, 0.4694052
0.48723993, 0.12183762
0.0, 0.12253407, 0.00707288
0.0, 0.99996948, 0.0
0.50986552, 0.16278791
-0.01030761, 0.09616378, 0.08780367
-0.5759148, 0.36210212, 0.73290199
0.44147936, 0.02519846
0.0, 0.11316568, 0.03523656
0.0, 0.71025729, 0.7039094
0.49119589, 0.10290146
-0.01030761, 0.11316568, 0.03523656
-0.82403028, 0.40238655, 0.39878535
0.47098294, 0.1164186
-0.00385989, 0.14662594, 0.03913653
-0.5998413, 0.24893948, 0.76036865
0.55795294, 0.89175671
-0.00385989, 0.15641481, 0.02307275
-0.90206611, -0.42817467, 0.05401776
0.57493967, 0.86388117
-0.00385989, 0.14612398, 0.03662657
-0.856502, -0.1668447, -0.4883877
0.55708188, 0.88740122
0.0, 0.12253407, 0.03211376
0.0, 0.81121248, 0.5847041
0.5016377, 0.11489332
0.0, 0.09616378, 0.08780367
0.0, 0.44294566, 0.89651173
0.44853333, 2.98e-06
0.0, 0.08010158, 0.01594122
0.0, -0.8949858, 0.44608906
0.40097281, 0.14664292
-0.01030761, 0.08010158, 0.01594122
-0.619129, -0.70281076, 0.35029146
0.41360655, 0.14990199
0.0, 0.15942675, 0.02257076
0.0, 0.99246192, -0.12244026
0.58762962, 0.86314523
-0.00385989, 0.15942675, 0.02257076
-0.57783747, 0.80999178, -0.0999176
0.58016634, 0.86301005
0.0, 0.14612398, 0.03662657
0.0, -0.32328257, -0.94628739
0.55552518, 0.88204491
-0.00385989, 0.1221956, 0.03210863
-0.76241338, -0.17886898, 0.62181461
0.51555884, 0.87956119
0.0, 0.14662594, 0.03913653
0.0, 0.31113622, 0.95034641
0.56016004, 0.8980394
0.0, 0.14127132, 0.00826395
0.0, 0.61891538, -0.78542435
0.55492747, 0.83094978
-0.0038599, 0.14127132, 0.00826395
-0.84179205, 0.3340556, -0.42393261
0.54866111, 0.8381834
0.0, 0.1221956, 0.03018432
0.0, 0.25995666, -0.96560562
0.51705331, 0.87119013
-0.00385989, 0.1221956, 0.03018432
-0.63982058, 0.19977416, -0.74205756
0.51555884, 0.8762219
-0.00385989, 0.13784105, 0.00834762
-0.4044618, -0.56813258, 0.71663564
0.54270852, 0.83832848
0.0, 0.15641481, 0.02307275
0.0, -0.99212623, 0.12518692
0.56910998, 0.86487669
0.0, 0.09000009, 0.02340398
0.0, -0.96990877, 0.24341562
0.40987429, 0.13183498
-0.00864328, 0.08010158, 0.00707288
0.0, 0.0, -0.99996948
0.41360658, 0.16817939
-0.00864328, 0.29012468, -0.02387524
-0.5274514, 0.58583331, -0.61525315
0.79233384, 0.73436505
-0.00196558, 0.29012468, -0.01787707
-0.38267159, 0.0, -0.92385632
0.28393602, 0.48995858
-0.00474534, 0.35250387, -0.01509732
-0.54911953, -0.80416274, -0.22745445
0.39218333, 0.49761325
-0.00196558, 0.35250387, -0.01787707
-0.22745445, -0.80416274, -0.54911953
0.39218333, 0.48976141
-0.00474534, 0.29012468, -0.01509732
-0.92385632, 0.0, -0.38267159
0.28393602, 0.49691856
-0.00474534, 0.35250387, -0.01116615
-0.54911953, -0.80416274, 0.22745445
0.39218333, 0.50443503
-0.00474534, 0.29012468, -0.01116615
-0.92385632, 0.0, 0.38267159
0.28393602, 0.50513849
-0.00196558, 0.35250387, -0.0083864
-0.22745445, -0.80416274, 0.54911953
0.39218333, 0.51275545
-0.00196558, 0.29012468, -0.0083864
-0.38267159, 0.0, 0.92385632
0.28393602, 0.51184139
-0.00292662, 0.35250387, -0.00606624
-0.29709768, -0.63023776, 0.71727651
0.39218336, 0.51424989
-0.0070655, 0.35250387, -0.01020511
-0.71727651, -0.63023776, 0.29709768
0.39218333, 0.50610277
-0.0070655, 0.35250387, -0.01605835
-0.71727651, -0.63023776, -0.29709768
0.39218333, 0.49594551
-0.00292662, 0.35250387, -0.02019723
-0.29709768, -0.63023776, -0.71727651
0.39218333, 0.48831266
-0.0070655, 0.38184068, -0.01020511
-0.71727651, 0.63023776, 0.29709768
0.44309163, 0.50610274
-0.00292662, 0.38184068, -0.02019723
-0.29709768, 0.63023776, -0.71727651
0.44309163, 0.48886162
-0.00292662, 0.38184068, -0.00606624
-0.29709768, 0.63026828, 0.717246
0.44309163, 0.51459971
-0.0070655, 0.38184068, -0.01605835
-0.71727651, 0.63023776, -0.29709768
0.44309163, 0.49594557
-0.0070655, 0.38184068, -0.01605835
-0.71727651, 0.63023776, -0.29709768
0.47782546, 0.49594557
0.0, 0.38184068, -0.02019723
0.0, 0.70708334, -0.70708334
0.46556473, 0.48876333
-0.00657933, 0.10877733, -0.03114244
-0.70708334, 0.70708334, 0.0
0.46336779, 0.29747438
-0.00657933, 0.10877733, -0.05283724
-0.57734919, 0.57734919, -0.57734919
0.46336779, 0.33512151
-0.00657933, 0.08175157, -0.05283724
-0.90450758, 0.30149236, -0.30149236
0.41646978, 0.33512151
0.0, 0.10877733, -0.05283724
0.0, 0.70708334, -0.70708334
0.47664392, 0.33512151
0.0, 0.02187848, -0.03114244
0.0, -0.99996948, 0.0
0.29641545, 0.29933298
-0.00657933, 0.02187848, -0.03114244
-0.70708334, -0.70708334, 0.0
0.3125715, 0.29747438
0.0, 0.08175157, -0.05283724
0.0, 0.70708334, -0.70708334
0.42437062, 0.34600079
-0.01264326, 0.01967083, -0.07432425
-0.71727651, -0.63023776, -0.29709768
0.5581696, 0.48588294
-0.01264325, 0.01967083, -0.06385025
-0.71727651, -0.63023776, 0.29709768
0.5581696, 0.5040586
-0.01264325, 0.10803014, -0.06385025
-0.70696127, 0.5309, 0.46720785
0.46207115, 0.37841558
-0.01264326, 0.01967083, -0.07432425
-0.71727651, -0.63023776, -0.29709768
0.30874053, 0.39659131
-0.01264325, 0.01967083, -0.06385025
-0.71727651, -0.63023776, 0.29709768
0.30874053, 0.37841558
-0.00523701, 0.10451607, -0.05644399
-0.2900174, 0.45097202, 0.84408092
0.45597315, 0.36023998
-0.00523701, 0.01967083, -0.05644399
-0.29709768, -0.63023776, 0.71727651
0.30874053, 0.36023986
-0.01264326, 0.11299974, -0.07432425
-0.74694049, 0.65828425, -0.09317301
0.47069493, 0.39659131
-0.00523701, 0.01967083, -0.0817305
-0.29709768, -0.63023776, -0.71727651
0.30874053, 0.41476703
0.0, 0.01967083, -0.0817305
0.0, -0.70708334, -0.70708334
0.30874053, 0.42385483
-0.00523701, 0.11651376, -0.0817305
-0.32724997, 0.77300334, -0.54341257
0.4767929, 0.41476691
0.0, 0.11651379, -0.0817305
0.0, 0.84517962, -0.53447068
0.4767929, 0.42385459
-0.00523701, 0.10451607, -0.05644399
-0.2900174, 0.45097202, 0.84408092
0.75902623, 0.52487579
-0.01264325, 0.10803014, -0.06385025
-0.70696127, 0.5309, 0.46720785
0.74617195, 0.51065233
-0.01264326, 0.11299974, -0.07432425
-0.74694049, 0.65828425, -0.09317301
0.74616879, 0.49053466
-0.00523701, 0.11651376, -0.0817305
-0.32724997, 0.77300334, -0.54341257
0.75901872, 0.47630727
0.0, -0.12230796, 0.04819332
0.0, -0.4755089, 0.87969601
0.0639053, 0.12478495
0.0, -0.1281371, -0.03114244
0.0, -0.73253578, -0.6806848
0.05452245, 0.29442036
-0.00711051, 0.0046587, 0.11460838
-0.57634205, -0.37137973, 0.72789699
0.90028799, 0.96475557
-0.00711051, 0.04456116, 0.10124975
-0.57750177, 0.73012483, 0.365215
0.96953106, 0.94157419
-0.00711051, 0.03415181, 0.06984826
-0.72936183, 0.66701257, -0.1518601
0.95146757, 0.88708294
0.0, -0.11464661, -0.03114244
0.0, 0.0, -1.0
0.07565829, 0.29442036
-0.00711051, -0.00748552, 0.07592037
-0.68843651, -0.70793784, 0.15753655
0.87921411, 0.89761994
-0.00711051, -0.01234321, 0.03983469
-0.69689018, -0.71074557, 0.09567553
0.87078446, 0.83500013
-0.00711055, 0.02981457, 0.03605467
-0.71553695, 0.69286174, -0.08890042
0.94394124, 0.82844064
0.0, -0.08560637, 0.02784093
0.0, 0.29151279, 0.95654166
0.12850147, 0.16378367
-0.00864328, -0.08560637, 0.02784093
-0.75728631, 0.19037446, 0.62468338
0.12605214, 0.1758976
-0.00657933, 0.08175157, -0.05832493
-0.70708334, 0.70708334, 0.0
0.41646972, 0.34464443
-0.00657933, 0.05424389, -0.05832493
-0.70708334, -0.70708334, 0.0
0.36873546, 0.34464443
0.0, 0.05424389, -0.05832493
0.0, -1.0, 0.0
0.36405593, 0.34889495
0.0, 0.05424389, -0.05283724
0.0, -0.70708334, -0.70708334
0.361206, 0.34543073
0.0, 0.10451607, -0.05644399
0.0, 0.53447068, 0.84517962
0.45597318, 0.35115218
0.0, 0.01967083, -0.056444
0.0, -0.70708334, 0.70708334
0.30874053, 0.35115206
0.02059963, 0.0320446, -0.02323602
0.57734919, 0.57734919, -0.57734919
0.64173871, 0.50177956
0.02059963, 0.017561, -0.00875241
0.57734919, -0.57734919, 0.57734919
0.61379111, 0.50177956
0.02059963, 0.017561, -0.02323602
0.57734919, -0.57734919, -0.57734919
0.62776494, 0.48780578
0.00864328, 0.0320446, -0.02323602
0.0, 0.70708334, -0.70708334
0.65327424, 0.49024403
0.00864328, 0.0320446, -0.00875241
0.0, 0.70708334, 0.70708334
0.63930041, 0.52728891
0.02059963, 0.0320446, -0.00875241
0.57734919, 0.57734919, 0.57734919
0.62776488, 0.51575339
0.00864328, 0.017561, -0.02323602
0.0, -0.70708334, -0.70708334
0.61622941, 0.47627026
0.00864328, 0.017561, -0.00875241
0.0, -0.70708334, 0.70708334
0.60225558, 0.51331508
0.0, 0.24630743, -0.0353255
0.0, 0.70708334, -0.70708334
0.71629751, 0.29570007
0.0, 0.24630743, -0.0353255
0.0, 0.70708334, -0.70708334
0.71629751, 0.70430613
0.0, 0.08010158, 0.00707288
0.0, -1.0, 0.0
0.39712703, 0.83918482
0.0, 0.1221956, 0.03210863
0.0, -0.27643666, 0.96099734
0.51382148, 0.11340904
0.0, 0.13784105, 0.00834762
0.0, -0.62123477, 0.78359324
0.53917897, 0.15680349
0.00864328, 0.12253407, 0.00707288
0.0, 0.0, -1.0
0.48723999, 0.83182675
0.0, 0.29012468, -0.0083864
0.0, 0.0, 1.0
0.28393602, 0.51602846
0.0, 0.38184068, -0.00606624
0.0, 0.70708334, 0.70708334
0.44309163, 0.51850659
0.00292662, 0.38184068, -0.02019723
0.29709768, 0.63023776, -0.71727651
0.46048605, 0.48876333
0.00292662, 0.38184068, -0.00606624
0.29709768, 0.63026828, 0.717246
0.46048611, 0.51328495
0.0, 0.10877733, -0.03114244
0.0, 1.0, 0.0
0.47664392, 0.70104367
0.01264325, 0.01967083, -0.06385025
0.71727651, -0.63023776, 0.29709768
0.51428974, 0.5040586
0.00523701, 0.01967083, -0.05644399
0.29709768, -0.63023776, 0.71727651
0.52714181, 0.51691076
0.00523701, 0.01967083, -0.0817305
0.29709768, -0.63023776, -0.71727651
0.52714187, 0.47303081
0.0, 0.10451607, -0.05644399
0.0, 0.53447068, 0.84517962
0.76811409, 0.52487436
0.0, 0.11651379, -0.0817305
0.0, 0.84517962, -0.53447068
0.7681216, 0.47630578
0.00711055, 0.02981457, 0.03605467
0.71553695, 0.69286174, -0.08890042
0.94394124, 0.82844064
0.0, 0.08175157, -0.05832493
0.0, 1.0, 0.0
0.42046201, 0.65067554
0.0, 0.14281008, 0.0088867
0.0, -0.70708334, 0.70708334
0.53669757, 0.19509041
0.0, 0.29012468, 0.00992763
0.0, 0.72222054, 0.69164097
0.79233384, 0.1881398
0.0, 0.08010158, 0.00707288
0.0, -1.0, 0.0
0.39712703, 0.16082132
0.0, 0.1221956, 0.03210863
0.0, -0.27643666, 0.96099734
0.51382148, 0.88659716
0.0, 0.13784105, 0.00834762
0.0, -0.62123477, 0.78359324
0.53917897, 0.84320265
-0.00864328, 0.12253407, 0.00707288
0.0, 0.0, -1.0
0.48723999, 0.16817939
-0.01386928, 0.29012468, 0.00992763
-0.62486649, 0.58180487, 0.52058476
0.79233384, 0.79302341
-0.00292662, 0.38184068, -0.02019723
-0.29709768, 0.63023776, -0.71727651
0.47064328, 0.48876333
-0.0070655, 0.38184068, -0.01020511
-0.71727651, 0.63023776, 0.29709768
0.47782546, 0.50610274
-0.00292662, 0.38184068, -0.00606624
-0.29709768, 0.63026828, 0.717246
0.47064322, 0.51328495
0.0, 0.10877733, -0.03114244
0.0, 1.0, 0.0
0.47664392, 0.29896247
-0.00523701, 0.01967083, -0.05644399
-0.29709768, -0.63023776, 0.71727651
0.54531753, 0.51691076
-0.00523701, 0.01967083, -0.0817305
-0.29709768, -0.63023776, -0.71727651
0.54531747, 0.47303081
0.0, 0.08175157, -0.05832493
0.0, 1.0, 0.0
0.42046201, 0.34933066
0.00864328, 0.017561, -0.02323602
0.0, -0.70708334, -0.70708334
0.63930047, 0.47627026
0.00864328, 0.0320446, -0.02323602
0.0, 0.70708334, -0.70708334
0.6532743, 0.51331508
0.00864328, 0.017561, -0.00875241
0.0, -0.70708334, 0.70708334
0.60225558, 0.49024403
0.00864328, 0.0320446, -0.00875241
0.0, 0.70708334, 0.70708334
0.61622936, 0.52728888
# Number of Faces:
368
# Face Data:
0, 1, 2
3, 4, 5
6, 7, 5
5, 8, 9
10, 11, 12
13, 14, 15
16, 17, 3
18, 19, 20
21, 22, 23
20, 24, 13
19, 3, 24
25, 23, 26
27, 28, 29
30, 31, 32
33, 21, 23
34, 33, 23
35, 36, 33
1, 37, 38
26, 39, 25
40, 41, 39
41, 42, 43
44, 45, 37
46, 47, 38
48, 49, 50
51, 38, 45
52, 2, 47
53, 54, 55
56, 50, 49
57, 48, 58
59, 60, 50
61, 49, 62
63, 58, 64
65, 66, 48
67, 55, 1
68, 37, 54
27, 43, 42
69, 70, 71
72, 73, 69
74, 75, 72
76, 77, 74
74, 78, 76
71, 79, 80
81, 74, 72
82, 71, 80
83, 72, 69
84, 69, 71
85, 84, 82
86, 87, 81
88, 83, 84
89, 78, 87
90, 81, 83
91, 92, 93
94, 95, 11
96, 95, 97
98, 12, 99
100, 97, 94
101, 102, 103
104, 105, 106
107, 108, 104
106, 109, 110
110, 111, 112
113, 114, 115
116, 115, 117
118, 116, 117
7, 119, 120
121, 122, 123
5, 120, 124
122, 125, 123
121, 126, 127
123, 128, 129
127, 130, 122
121, 131, 132
133, 3, 17
4, 119, 134
135, 100, 94
136, 94, 11
137, 11, 138
139, 140, 141
142, 143, 144
145, 146, 147
148, 149, 150
151, 145, 152
153, 154, 155
156, 157, 158
159, 160, 146
161, 162, 163
164, 165, 166
147, 163, 157
146, 161, 147
167, 25, 168
31, 169, 170
28, 171, 172
166, 173, 174
175, 34, 167
176, 177, 173
178, 179, 142
180, 181, 182
183, 182, 181
183, 165, 164
184, 185, 178
186, 187, 188
189, 190, 191
188, 192, 184
144, 193, 186
179, 194, 195
189, 196, 197
190, 198, 191
199, 200, 189
197, 201, 202
191, 203, 204
205, 206, 190
195, 207, 142
178, 208, 179
209, 43, 29
210, 211, 212
213, 214, 211
215, 216, 214
217, 76, 216
216, 78, 218
79, 212, 80
216, 219, 214
212, 82, 80
214, 220, 211
211, 221, 212
221, 85, 82
218, 222, 219
220, 223, 221
78, 224, 218
219, 225, 220
226, 91, 227
228, 229, 230
228, 231, 229
155, 232, 233
229, 234, 230
235, 101, 236
237, 238, 239
240, 239, 241
242, 243, 238
244, 245, 246
247, 113, 248
248, 116, 249
116, 250, 249
251, 149, 252
253, 254, 255
252, 145, 256
125, 253, 257
126, 255, 254
128, 257, 258
130, 254, 253
255, 131, 259
146, 260, 159
251, 261, 150
234, 262, 230
230, 263, 153
153, 264, 265
266, 241, 267
268, 269, 270
270, 271, 268
268, 272, 273
269, 274, 270
273, 275, 269
0, 67, 1
9, 14, 24
24, 3, 5
4, 6, 5
5, 9, 24
6, 4, 134
134, 7, 6
5, 124, 8
10, 138, 11
13, 24, 14
16, 18, 17
18, 16, 19
26, 23, 40
21, 27, 42
42, 22, 21
40, 23, 22
20, 19, 24
19, 16, 3
25, 34, 23
27, 21, 28
30, 276, 31
33, 36, 21
34, 35, 33
35, 277, 36
47, 2, 38
1, 55, 54
54, 37, 1
38, 2, 1
37, 45, 38
26, 40, 39
40, 22, 41
41, 22, 42
44, 51, 45
46, 52, 47
50, 60, 58
60, 64, 58
66, 62, 48
50, 58, 48
48, 62, 49
51, 46, 38
52, 0, 2
53, 278, 54
56, 59, 50
57, 65, 48
59, 279, 60
61, 56, 49
63, 57, 58
65, 280, 66
67, 53, 55
68, 281, 37
27, 29, 43
69, 73, 70
72, 75, 73
74, 77, 75
76, 282, 77
74, 87, 78
71, 70, 79
81, 87, 74
82, 84, 71
83, 81, 72
84, 83, 69
85, 88, 84
86, 89, 87
88, 90, 83
89, 283, 78
90, 86, 81
93, 284, 227
227, 91, 93
285, 92, 91
99, 12, 11
94, 97, 95
99, 11, 95
96, 286, 95
98, 10, 12
100, 96, 97
103, 287, 101
288, 101, 287
102, 289, 103
104, 108, 105
107, 139, 108
106, 105, 109
110, 109, 111
113, 290, 114
116, 113, 115
118, 291, 116
7, 134, 119
123, 129, 292
121, 127, 122
123, 292, 121
5, 7, 120
122, 130, 125
121, 132, 126
123, 125, 128
127, 126, 130
121, 292, 131
133, 4, 3
4, 133, 119
135, 293, 100
136, 135, 94
137, 136, 11
139, 107, 140
142, 207, 143
147, 156, 152
152, 145, 147
261, 146, 145
145, 148, 261
148, 145, 149
150, 261, 148
151, 256, 145
153, 265, 154
156, 147, 157
159, 162, 160
161, 160, 162
166, 174, 164
182, 164, 174
174, 180, 182
165, 169, 166
147, 161, 163
146, 160, 161
167, 34, 25
31, 166, 169
28, 277, 171
166, 176, 173
175, 35, 34
176, 276, 177
142, 144, 188
188, 184, 178
144, 186, 188
179, 195, 142
188, 178, 142
180, 294, 181
183, 164, 182
183, 295, 165
184, 192, 185
186, 193, 187
204, 199, 191
197, 202, 190
202, 205, 190
191, 199, 189
197, 190, 189
188, 187, 192
144, 143, 193
179, 296, 194
189, 200, 196
190, 206, 198
199, 297, 200
197, 196, 201
191, 198, 203
205, 298, 206
195, 194, 207
178, 299, 208
209, 300, 43
210, 213, 211
213, 215, 214
215, 217, 216
217, 282, 76
216, 76, 78
79, 210, 212
216, 218, 219
212, 221, 82
214, 219, 220
211, 220, 221
221, 223, 85
218, 224, 222
220, 225, 223
78, 283, 224
219, 222, 225
227, 301, 226
226, 302, 91
303, 91, 302
153, 155, 233
233, 228, 153
230, 153, 228
228, 304, 231
155, 154, 232
229, 231, 234
305, 236, 101
235, 306, 102
102, 101, 235
237, 242, 238
240, 237, 239
242, 245, 243
244, 243, 245
247, 290, 113
248, 113, 116
116, 291, 250
251, 150, 149
259, 258, 257
257, 253, 255
255, 259, 257
252, 149, 145
125, 130, 253
126, 132, 255
128, 125, 257
130, 126, 254
255, 132, 131
146, 261, 260
251, 260, 261
234, 307, 262
230, 262, 263
153, 263, 264
266, 240, 241
268, 273, 269
270, 308, 271
268, 309, 272
269, 310, 274
273, 311, 275
