# Project Zomboid Skinned Mesh
# File Version:
1.0
# Model Name:
Cube
# Vertex Stride Element Count:
3
# Vertex Stride Size (in bytes):
76
# Vertex Stride Data:
# (Int)    Offset
# (String) Type
0
VertexArray
12
NormalArray
24
TextureCoordArray
# Vertex Count:
205
# Vertex Buffer:
-0.00566449, 0.10147504, -0.01150195
-0.86541337, 0.331431, 0.37568286
0.53008008, 0.50072733
-3e-08, 0.11330646, -0.0126425
0.0, 0.68349254, 0.72994173
0.58707976, 0.48967147
-0.00566449, 0.11330646, -0.0126425
-0.59212011, 0.55076754, 0.58821374
0.57420009, 0.50072733
-0.00566449, 0.04626975, 0.01449498
-0.74968719, 0.66014588, 0.04602191
0.18625994, 0.85501954
-3e-08, 0.05011459, -0.00058877
0.0, 0.88854641, 0.45875424
0.22379865, 0.80916733
-0.00566455, 0.05011459, -0.00058877
-0.76143682, 0.57597584, 0.29737234
0.20130679, 0.79598962
-0.00566451, 0.11109628, -0.04922571
-0.63023776, 0.29709768, -0.71727651
0.5576154, 0.64389452
-3e-08, 0.07114289, -0.04922571
0.0, -0.51356548, -0.85802788
0.40397763, 0.66792688
-0.0056645, 0.07114289, -0.04922571
-0.60771507, -0.40784937, -0.68138677
0.41375667, 0.64389452
-0.00566449, 0.04848796, 0.03451563
-0.57176429, 0.61122471, 0.54722738
0.19494088, 0.93336961
-3e-08, 0.04626975, 0.01449498
0.0, 0.99755853, 0.06955168
0.21338376, 0.85596666
-0.00566451, 0.06138287, -0.03101844
-0.81774348, -0.34110537, -0.46354565
0.37556106, 0.58811468
-3e-08, 0.04079822, -0.02705923
0.0, -0.74779505, -0.66389966
0.28497919, 0.58006588
-0.00566451, 0.04079822, -0.02705923
-0.59233373, -0.60246587, -0.53489792
0.29916948, 0.5678592
-3e-08, 0.11533412, -0.02506493
0.0, 0.98818934, 0.15308085
0.60192686, 0.54260713
-0.00566449, 0.11533412, -0.02506493
-0.70528275, 0.7005524, 0.10852382
0.57420009, 0.54934207
-0.00566449, 0.09822168, 0.00297242
-0.62807095, 0.63005465, 0.45661795
0.51734823, 0.44854581
-3e-08, 0.10147504, -0.01150195
0.0, 0.66154975, 0.7498703
0.54905891, 0.48284876
-0.0056645, 0.05151971, -0.01891386
-1.0, 0.0, 0.0
0.20680568, 0.72427481
-0.00566449, 0.04005876, -0.01670766
-0.7666555, -0.60960722, -0.20136112
0.1619536, 0.7329087
-0.00566455, 0.05425522, -0.0054688
-0.82665485, 0.21341594, 0.52061528
0.21751103, 0.77689172
-3e-08, 0.06138287, -0.03101844
0.0, -0.8647725, -0.50212103
0.3593393, 0.60870063
-3e-08, 0.05425522, -0.0054688
0.0, 0.37931454, 0.92526019
0.23252685, 0.79703359
-3e-08, 0.04079822, -0.02705923
0.0, -0.74779505, -0.66389966
0.15065692, 0.68019149
-3e-08, 0.04005876, -0.01670766
0.0, -0.94952238, -0.3136082
0.13798727, 0.72312981
-3e-08, 0.11620136, -0.03097944
0.0, 0.99734491, 0.07272561
0.60847563, 0.56998765
-0.00566451, 0.11620136, -0.03097944
-0.69109166, 0.72081667, 0.05255287
0.58354515, 0.57248831
-0.00566455, 0.05425522, -0.0054688
-0.82665485, 0.21341594, 0.52061528
0.35183325, 0.48336565
-3e-08, 0.06617501, -0.00440428
0.0, -0.57792902, 0.81606495
0.38096851, 0.46570158
-0.00566455, 0.06617501, -0.00440428
-0.83953369, -0.31397444, 0.44334239
0.3913393, 0.48336565
-3e-08, 0.02349623, 0.00931922
0.0, -0.92114019, -0.3891415
0.07215259, 0.82469541
-0.00566449, 0.02349623, 0.00931922
-0.67152929, -0.68254644, -0.28833887
0.09713662, 0.83476411
-3e-08, 0.11620136, -0.04799753
0.0, 0.70708334, -0.70708334
0.60346782, 0.65320402
-0.00566451, 0.11620136, -0.04799753
-0.57734919, 0.57734919, -0.57734919
0.58354515, 0.63908818
-0.00566449, 0.07246593, 0.0094052
-0.6061281, -0.4443495, 0.65962708
0.41655385, 0.42337143
-3e-08, 0.07246593, 0.0094052
0.0, -0.55867183, 0.82934052
0.4057298, 0.40694666
-3e-08, 0.08644058, 0.00999672
0.0, 0.24512467, 0.96948147
0.47588471, 0.39440989
-0.00566449, 0.08644058, 0.00999672
-0.64803004, 0.18668172, 0.7383343
0.4712432, 0.42105651
-3e-08, 0.11232439, -0.04799753
0.0, 0.38267159, -0.92385632
0.57441646, 0.66792688
-0.00566451, 0.11232439, -0.04799753
-0.80416274, 0.22745445, -0.54911953
0.56242174, 0.63908818
-3e-08, 0.09822168, 0.00297242
0.0, 0.80971712, 0.58680987
0.53447467, 0.43306446
-3e-08, 0.11109628, -0.04922571
0.0, 0.38267159, -0.92385632
0.56543571, 0.66792688
-0.00566449, 0.01752414, 0.03451563
-0.56608784, -0.64662617, 0.5112766
0.07376507, 0.93336961
-3e-08, 0.01752414, 0.03451563
0.0, -0.78441727, 0.62022769
0.04182439, 0.95965134
-3e-08, 0.04848796, 0.03451563
0.0, 0.74501783, 0.66701257
0.22004436, 0.95971963
-0.0056645, 0.07376414, 0.00736259
-0.85012358, 0.30622274, -0.42835781
0.42163426, 0.43136501
-0.00621446, 0.07868079, -0.04455303
-0.3961913, -0.60997343, -0.68623918
0.1561705, 0.4229691
-0.01242887, 0.10469457, -0.03378932
-0.7923826, 0.60997343, 0.0
0.25797477, 0.46509242
-0.00621446, 0.10469457, -0.04455303
-0.3961913, 0.60997343, -0.68623918
0.25797477, 0.42296922
-0.01242887, 0.07868079, -0.03378932
-0.7923826, -0.60997343, 0.0
0.15617043, 0.46509242
-0.00621446, 0.10469457, -0.02302564
-0.3961913, 0.60997343, 0.68623918
0.25797477, 0.50721586
-0.01242887, 0.10469457, -0.03378932
-0.7923826, 0.60997343, 0.0
0.27224731, 0.40800226
-3e-08, 0.10469457, -0.02302564
0.0, 0.70708334, 0.70708334
0.33253929, 0.46049273
-3e-08, 0.10469457, -0.04455303
0.0, 0.70708334, -0.70708334
0.33253929, 0.3629846
-3e-08, 0.07868079, -0.04455303
0.0, -0.70708334, -0.70708334
0.1561705, 0.39864898
-3e-08, 0.10469457, -0.04455303
0.0, 0.70708334, -0.70708334
0.25797477, 0.3986491
-3e-08, 0.07037523, -0.00105833
0.0, 0.99542224, -0.09555345
0.42663109, 0.46457672
-0.00566451, 0.07037523, -0.00105833
-0.77666557, 0.62700278, -0.0601825
0.4083719, 0.46432006
-0.00566451, 0.07889406, -0.01194392
-0.77425456, 0.17337565, 0.60860014
0.4417102, 0.50692052
-3e-08, 0.07160757, -0.00742538
0.0, 0.82335889, 0.56746119
0.42871225, 0.47940111
-3e-08, 0.07889406, -0.01194392
0.0, 0.27396467, 0.96172976
0.4477475, 0.4901334
-0.00566445, 0.08886021, -0.01194392
-0.7569201, -0.13562426, 0.63924068
0.48071235, 0.50692043
-3e-08, 0.09717845, -0.00824767
0.0, -0.85814995, 0.51338238
0.49325764, 0.48113823
-0.00566445, 0.09717845, -0.00824767
-0.8620258, -0.43494979, 0.2602008
0.51326555, 0.49245536
-0.00566448, 0.09643904, 0.00167336
-0.82512891, -0.48255867, -0.29367962
0.51037186, 0.45362973
-3e-08, 0.08612853, 0.00801985
0.0, -0.24674214, -0.96905422
0.46641687, 0.44582605
-0.0056645, 0.08612853, 0.00801985
-0.78066349, -0.15417951, -0.60557878
0.47002202, 0.42879272
-0.00566453, 0.07160757, -0.00742538
-0.80932033, 0.4835963, 0.33329263
0.41319454, 0.48923731
-3e-08, 0.08886021, -0.01194392
0.0, -0.20752586, 0.97820979
0.47416437, 0.4893645
-3e-08, 0.09643904, 0.00167336
0.0, -0.85421306, -0.51985228
0.49390107, 0.46164215
-3e-08, 0.07376414, 0.00736259
0.0, 0.58156073, -0.81347084
0.43615752, 0.44678128
-0.00314811, 0.05273937, -0.04385525
-0.54289377, -0.74636066, -0.38489944
0.06714746, 0.57150921
-3e-08, 0.0684003, -0.04111674
0.0, 0.17224647, -0.98504591
0.13000451, 0.5598855
-3e-08, 0.05273937, -0.04385525
0.0, -0.88876003, -0.45835748
0.04884031, 0.5638831
-0.00314811, 0.05967126, -0.03700894
-0.76894438, -0.54997408, 0.32590717
0.09427516, 0.5983021
-3e-08, 0.05967126, -0.03700894
0.0, -0.86028624, 0.50978118
0.08097599, 0.60543475
-0.00314811, 0.06138287, -0.03101844
-0.49110386, -0.83754998, 0.23929563
0.10097334, 0.62174571
-3e-08, 0.06138287, -0.03101844
0.0, -0.8647725, -0.50212103
0.0903407, 0.62647757
-0.00314811, 0.0684003, -0.04111674
-0.58619952, 0.13953063, -0.79802853
0.12843585, 0.58222657
-3e-08, 0.17164908, -0.03810284
0.0, 0.70708334, 0.70708334
0.3017526, 0.34470391
-0.0020493, 0.11620136, -0.03810284
-0.38267159, 0.0, 0.92385632
0.03483135, 0.33667254
-3e-08, 0.11620136, -0.03810284
0.0, 0.0, 1.0
0.03483146, 0.34470391
-0.0020493, 0.17164908, -0.03810284
-0.29709768, 0.63023776, 0.71727651
0.3017526, 0.33667254
-0.00494739, 0.11620136, -0.04100093
-0.92385632, 0.0, 0.38267159
0.03483135, 0.32533121
-0.00494739, 0.17164908, -0.04100093
-0.71727651, 0.63023776, 0.29709768
0.3017526, 0.32533121
-0.0049474, 0.11620136, -0.04509944
-0.92385632, 0.0, -0.38267159
0.03483135, 0.30929172
-0.00494739, 0.17164908, -0.04509944
-0.71727651, 0.63023776, -0.29709768
0.3017526, 0.30929172
-0.0020493, 0.11620136, -0.04799753
-0.38267159, 0.0, -0.92385632
0.03483135, 0.29794991
-3e-08, 0.14742619, -0.03810284
0.0, 0.89776301, 0.44041261
0.18166684, 0.35741031
-0.0020493, 0.14393169, -0.03097944
-0.60518205, 0.42106387, 0.67558825
0.1602155, 0.36948609
-3e-08, 0.14393169, -0.03097944
0.0, 0.52894682, 0.84862816
0.16380042, 0.37797701
-3e-08, 0.11620136, -0.03097944
0.0, 0.0, 0.99996948
0.03490368, 0.37797701
-0.0020493, 0.11620136, -0.03810284
-1.0, 0.0, 0.0
0.03483135, 0.35096347
-0.0020493, 0.11620136, -0.03097944
-0.70708334, 0.0, 0.70708334
0.03483135, 0.36948609
-0.0020493, 0.17164908, -0.04799753
-0.29709768, 0.63023776, -0.71727651
0.3017526, 0.29794991
-3e-08, 0.11620136, -0.04799753
0.0, 0.0, -1.0
0.03485975, 0.28963959
-3e-08, 0.17164908, -0.03810284
0.0, 0.70708334, 0.70708334
0.32737628, 0.33635259
-3e-08, 0.17164908, -0.04799753
0.0, 0.70708334, -0.70708334
0.32737628, 0.2976644
-0.00494739, 0.17164908, -0.04509944
-0.71727651, 0.63023776, -0.29709768
0.30803224, 0.30899572
-3e-08, 0.16661385, -0.05546198
0.0, -0.03906369, -0.99920654
0.25966063, 0.24745488
-0.0020493, 0.17052293, -0.04799753
-0.74221015, 0.63838619, -0.20377208
0.28949577, 0.27115607
-3e-08, 0.17052293, -0.05546198
0.0, 0.54161197, -0.8406018
0.27427006, 0.24745488
-3e-08, 0.17052293, -0.04799753
0.0, 1.0, 0.0
0.29459578, 0.26536953
-0.0020493, 0.1461782, -0.04799753
-0.21744438, -0.31556138, -0.92364269
0.24443488, 0.27115607
-3e-08, 0.1461782, -0.04799753
0.0, -0.34308907, -0.93929869
0.23933488, 0.26536953
-0.00621446, 0.07868079, -0.02302564
-0.3961913, -0.60997343, 0.68623918
0.1561705, 0.50721586
-3e-08, 0.10469457, -0.02302564
0.0, 0.70708334, 0.70708334
0.25797477, 0.53153583
-3e-08, 0.07868079, -0.02302564
0.0, -0.70708334, 0.70708334
0.12706359, 0.50936216
-3e-08, 0.11330646, -0.0126425
0.0, 0.68349254, 0.72994173
0.58707976, 0.84618242
0.00566443, 0.10147504, -0.01150195
0.86541337, 0.331431, 0.37568286
0.53008008, 0.83512649
0.00566443, 0.11330646, -0.0126425
0.59212011, 0.55076754, 0.58821374
0.57420009, 0.83512649
0.00566443, 0.04626975, 0.01449498
0.74968719, 0.66014588, 0.04602191
0.18625994, 0.85501954
0.00566449, 0.05011459, -0.00058877
0.76143682, 0.57597584, 0.29737234
0.20130679, 0.79598962
0.00566444, 0.11109628, -0.04922571
0.63023776, 0.29709768, -0.71727651
0.5576154, 0.69195935
0.00566443, 0.07114289, -0.04922571
0.60771507, -0.40784937, -0.68138677
0.41375679, 0.69195917
0.00566443, 0.04848796, 0.03451563
0.57176429, 0.61122471, 0.54722738
0.19494088, 0.93336961
-3e-08, 0.04079822, -0.02705923
0.0, -0.74779505, -0.66389966
0.28497919, 0.75578792
0.00566444, 0.06138287, -0.03101844
0.81774348, -0.34110537, -0.46354565
0.37556106, 0.74773914
0.00566445, 0.04079822, -0.02705924
0.59233373, -0.60246587, -0.53489792
0.29916948, 0.76799454
-3e-08, 0.11533412, -0.02506493
0.0, 0.98818934, 0.15308085
0.60192686, 0.79324669
0.00566443, 0.11533412, -0.02506493
0.70528275, 0.7005524, 0.10852382
0.57420009, 0.78651178
-3e-08, 0.10147504, -0.01150195
0.0, 0.66154975, 0.7498703
0.54905891, 0.85300517
0.00566443, 0.09822168, 0.00297242
0.62807095, 0.63005465, 0.45661795
0.51734835, 0.88730806
0.00566443, 0.04005876, -0.01670766
0.7666555, -0.60960722, -0.20136112
0.1619536, 0.7329087
0.00566448, 0.05425522, -0.0054688
0.82665485, 0.21341594, 0.52061528
0.21751103, 0.77689172
-3e-08, 0.06138287, -0.03101844
0.0, -0.8647725, -0.50212103
0.3593393, 0.72715318
0.00566445, 0.04079822, -0.02705924
0.59233373, -0.60246587, -0.53489792
0.16484715, 0.69239816
-3e-08, 0.11620136, -0.03097944
0.0, 0.99734491, 0.07272561
0.60847574, 0.76586618
0.00566444, 0.11620136, -0.03097944
0.69109166, 0.72081667, 0.05255287
0.58354515, 0.76336551
-3e-08, 0.06617501, -0.00440428
0.0, -0.57792902, 0.81606495
0.38096851, 0.87015232
0.00566448, 0.05425522, -0.0054688
0.82665485, 0.21341594, 0.52061528
0.35183325, 0.85248818
0.00566448, 0.06617501, -0.00440428
0.83953369, -0.31397444, 0.44334239
0.39133936, 0.85248818
0.00566443, 0.02349623, 0.00931922
0.67152929, -0.68254644, -0.28833887
0.09713662, 0.83476411
-3e-08, 0.11620136, -0.04799753
0.0, 0.70708334, -0.70708334
0.60346782, 0.68264979
0.00566444, 0.11620136, -0.04799753
0.57734919, 0.57734919, -0.57734919
0.58354515, 0.69676563
0.00566443, 0.07246593, 0.0094052
0.6061281, -0.4443495, 0.65962708
0.41655391, 0.9124825
-3e-08, 0.08644058, 0.00999672
0.0, 0.24512467, 0.96948147
0.47588471, 0.94144398
0.00566443, 0.08644058, 0.00999672
0.64803004, 0.18668172, 0.7383343
0.4712432, 0.91479748
0.00566444, 0.11232439, -0.04799753
0.80416274, 0.22745445, -0.54911953
0.56242174, 0.69676563
-3e-08, 0.09822168, 0.00297242
0.0, 0.80971712, 0.58680987
0.53447479, 0.90278941
0.00566443, 0.01752414, 0.03451563
0.56608784, -0.64662617, 0.5112766
0.07376507, 0.93336961
0.00566442, 0.09643904, 0.00167336
0.82512891, -0.48255867, -0.29367962
0.51037186, 0.8822242
0.01242881, 0.10469457, -0.03378933
0.7923826, 0.60997343, 0.0
0.25797477, 0.46509242
0.00621439, 0.07868079, -0.04455303
0.3961913, -0.60997343, -0.68623918
0.1561705, 0.42296922
0.00621439, 0.10469457, -0.04455303
0.3961913, 0.60997343, -0.68623918
0.25797477, 0.42296922
0.00621439, 0.07868079, -0.02302564
0.3961913, -0.60997343, 0.68623918
0.1561705, 0.50721586
0.01242881, 0.07868079, -0.03378933
0.7923826, -0.60997343, 0.0
0.15617043, 0.46509242
0.00621438, 0.10469457, -0.02302564
0.3961913, 0.60997343, 0.68623918
0.29451218, 0.46049273
0.01242881, 0.10469457, -0.03378933
0.7923826, 0.60997343, 0.0
0.27224731, 0.40800226
-3e-08, 0.07037523, -0.00105833
0.0, 0.99542224, -0.09555345
0.42663109, 0.87127721
0.00566444, 0.07376414, 0.00736259
0.85012358, 0.30622274, -0.42835781
0.42163426, 0.90448901
0.00566445, 0.07037523, -0.00105833
0.77666557, 0.62700278, -0.0601825
0.4083719, 0.8715339
0.00566445, 0.07889406, -0.01194392
0.77425456, 0.17337565, 0.60860014
0.4417102, 0.82893345
-3e-08, 0.07160757, -0.00742538
0.0, 0.82335889, 0.56746119
0.42871225, 0.85645276
0.00566447, 0.07160757, -0.00742538
0.80932033, 0.4835963, 0.33329263
0.4131946, 0.8466166
-3e-08, 0.09717845, -0.00824767
0.0, -0.85814995, 0.51338238
0.49325776, 0.85471573
0.00566439, 0.08886021, -0.01194392
0.7569201, -0.13562426, 0.63924068
0.48071235, 0.82893345
0.00566439, 0.09717845, -0.00824767
0.8620258, -0.43494979, 0.2602008
0.51326567, 0.84339848
-3e-08, 0.08612853, 0.00801985
0.0, -0.24674214, -0.96905422
0.46641687, 0.890028
0.00566444, 0.08612853, 0.00801985
0.78066349, -0.15417951, -0.60557878
0.47002202, 0.90706116
-3e-08, 0.07889406, -0.01194392
0.0, 0.27396467, 0.96172976
0.44774771, 0.84572046
-3e-08, 0.09643904, 0.00167336
0.0, -0.85421306, -0.51985228
0.49390125, 0.87421167
-3e-08, 0.07376414, 0.00736259
0.0, 0.58156073, -0.81347084
0.43615752, 0.88907278
0.00314805, 0.05273937, -0.04385525
0.54289377, -0.74636066, -0.38492996
0.06714746, 0.57150921
0.00314805, 0.05967126, -0.03700894
0.76894438, -0.54997408, 0.32590717
0.09427516, 0.5983021
0.00314805, 0.06138287, -0.03101844
0.49110386, -0.83754998, 0.23929563
0.10097334, 0.62174571
0.00314805, 0.0684003, -0.04111674
0.58619952, 0.13953063, -0.79802853
0.12843585, 0.58222657
0.00204923, 0.11620136, -0.03810284
0.38267159, 0.0, 0.92385632
0.03483135, 0.33667231
-3e-08, 0.11620136, -0.03810284
0.0, 0.0, 1.0
0.03485727, 0.34470391
0.00494732, 0.11620136, -0.04100093
0.92385632, 0.0, 0.38267159
0.03483135, 0.32533109
0.00204923, 0.17164908, -0.03810284
0.29709768, 0.63023776, 0.71727651
0.3017526, 0.33667231
0.00494732, 0.11620136, -0.04509944
0.92385632, 0.0, -0.38267159
0.03483135, 0.30929172
0.00494732, 0.17164908, -0.04100093
0.71727651, 0.63023776, 0.29709768
0.3017526, 0.32533109
0.00204923, 0.11620136, -0.04799753
0.38267159, 0.0, -0.92385632
0.03483135, 0.29794979
0.00494732, 0.17164908, -0.04509944
0.71727651, 0.63023776, -0.29709768
0.3017526, 0.30929172
0.00204923, 0.14393169, -0.03097944
0.60518205, 0.42106387, 0.67558825
0.1602155, 0.36948597
0.00204923, 0.11620136, -0.03810284
1.0, 0.0, 0.0
0.03483135, 0.35096347
0.00204923, 0.14742619, -0.03810284
0.57872248, 0.73213905, 0.35917234
0.17389099, 0.35096347
0.00204923, 0.17164908, -0.04799753
0.29709768, 0.63023776, -0.71727651
0.3017526, 0.29794979
0.00494732, 0.17164908, -0.04509944
0.71727651, 0.63023776, -0.29709768
0.34672031, 0.30899572
0.00494732, 0.17164908, -0.04100093
0.71727651, 0.63023776, 0.29709768
0.34672031, 0.32502103
0.00204923, 0.17052293, -0.04799753
0.74221015, 0.63838619, -0.20374157
0.28949577, 0.27115607
0.00204923, 0.1461782, -0.04799753
0.21744438, -0.31556138, -0.92364269
0.24443488, 0.27115607
0.00621438, 0.10469457, -0.02302564
0.3961913, 0.60997343, 0.68623918
0.25797477, 0.50721586
-3e-08, 0.07868079, -0.04455303
0.0, -0.70708334, -0.70708334
0.12706359, 0.41977036
-0.00566451, 0.04079822, -0.02705923
-0.59233373, -0.60246587, -0.53489792
0.16484715, 0.69239816
-3e-08, 0.05425522, -0.0054688
0.0, 0.37931454, 0.92526019
0.36045092, 0.46716118
-0.00621446, 0.10469457, -0.04455303
-0.3961913, 0.60997343, -0.68623918
0.29451218, 0.3629846
-0.00621446, 0.10469457, -0.02302564
-0.3961913, 0.60997343, 0.68623918
0.29451218, 0.46049273
-0.0056645, 0.05151971, -0.01891386
-1.0, 0.0, 0.0
0.34112784, 0.53598258
-0.0020493, 0.14742619, -0.03810284
-0.57872248, 0.73213905, 0.35917234
0.17389099, 0.35096347
-3e-08, 0.17164908, -0.04799753
0.0, 0.70708334, -0.70708334
0.3017526, 0.28963959
-0.00494739, 0.17164908, -0.04100093
-0.71727651, 0.63023776, 0.29709768
0.30803224, 0.32502103
-0.0020493, 0.17164908, -0.03810284
-0.29709768, 0.63023776, 0.71727651
0.3193638, 0.33635259
-0.0020493, 0.17164908, -0.04799753
-0.29709768, 0.63023776, -0.71727651
0.3193638, 0.2976644
-3e-08, 0.07868079, -0.02302564
0.0, -0.70708334, 0.70708334
0.1561705, 0.53153589
0.00566444, 0.05151971, -0.01891386
0.99996948, 0.0, 0.0
0.20680568, 0.72427481
-3e-08, 0.05425522, -0.0054688
0.0, 0.37931454, 0.92526019
0.36045104, 0.86869276
-3e-08, 0.07246593, 0.0094052
0.0, -0.55867183, 0.82934052
0.40572992, 0.92890736
0.00621439, 0.10469457, -0.04455303
0.3961913, 0.60997343, -0.68623918
0.29451218, 0.3629846
-3e-08, 0.08886021, -0.01194392
0.0, -0.20752586, 0.97820979
0.47416437, 0.8464893
0.00566444, 0.05151971, -0.01891386
0.99996948, 0.0, 0.0
0.34112796, 0.79987124
0.00204923, 0.11620136, -0.03097944
0.70708334, 0.0, 0.70708334
0.03483135, 0.36948597
0.00204923, 0.17164908, -0.03810284
0.29709768, 0.63023776, 0.71727651
0.33538887, 0.33635259
0.00204923, 0.17164908, -0.04799753
0.29709768, 0.63023776, -0.71727651
0.33538887, 0.2976644
# Number of Faces:
270
# Face Data:
0, 1, 2
3, 4, 5
6, 7, 8
9, 10, 3
11, 12, 13
2, 14, 15
16, 17, 0
18, 19, 20
8, 21, 11
5, 22, 20
19, 23, 24
15, 25, 26
27, 28, 29
19, 30, 31
26, 32, 33
34, 28, 35
34, 36, 37
33, 38, 39
37, 40, 16
39, 41, 6
42, 30, 43
42, 44, 9
45, 34, 37
46, 47, 48
49, 50, 47
51, 52, 53
54, 48, 55
45, 56, 57
58, 59, 60
61, 62, 63
64, 65, 66
57, 59, 67
61, 60, 68
63, 69, 64
66, 70, 45
71, 72, 73
74, 73, 75
76, 75, 77
71, 74, 78
74, 76, 78
0, 15, 26
79, 80, 81
82, 83, 80
84, 85, 83
86, 87, 85
88, 89, 90
89, 91, 90
89, 92, 93
94, 95, 87
96, 97, 98
99, 100, 101
100, 102, 101
103, 99, 104
105, 106, 50
107, 105, 49
108, 109, 110
4, 111, 112
7, 113, 114
10, 115, 111
116, 117, 118
119, 110, 120
121, 122, 109
123, 124, 112
125, 114, 117
22, 112, 124
123, 23, 126
127, 120, 128
129, 130, 131
30, 123, 132
133, 128, 134
135, 129, 131
136, 135, 137
38, 134, 138
139, 137, 122
41, 138, 113
43, 132, 140
44, 140, 115
122, 137, 141
142, 143, 144
142, 145, 146
52, 147, 148
144, 54, 55
149, 150, 151
152, 153, 154
155, 156, 157
158, 141, 159
153, 151, 154
156, 160, 152
161, 157, 141
162, 159, 150
72, 163, 73
73, 164, 75
75, 165, 77
163, 166, 164
164, 166, 165
128, 109, 156
167, 79, 168
169, 170, 167
171, 172, 169
173, 174, 171
175, 88, 90
91, 175, 90
175, 176, 177
95, 178, 173
179, 96, 180
181, 99, 101
181, 101, 102
182, 104, 99
106, 145, 183
146, 107, 184
0, 17, 1
3, 10, 4
6, 41, 7
9, 44, 10
11, 21, 12
2, 1, 14
16, 40, 17
42, 9, 3
5, 20, 19
42, 3, 31
19, 31, 5
18, 185, 19
3, 5, 31
8, 7, 21
5, 4, 22
19, 185, 23
15, 14, 25
27, 186, 28
19, 24, 30
26, 25, 32
34, 29, 28
34, 35, 36
33, 32, 38
37, 36, 40
39, 38, 41
42, 31, 30
42, 43, 44
16, 0, 63
16, 63, 64
57, 29, 34
45, 57, 34
37, 16, 64
66, 45, 37
37, 64, 66
46, 49, 47
49, 105, 50
53, 187, 51
51, 188, 52
54, 46, 48
45, 70, 56
58, 67, 59
61, 68, 62
64, 69, 65
57, 56, 59
61, 58, 60
63, 62, 69
66, 65, 70
71, 78, 72
74, 71, 73
76, 74, 75
11, 13, 189
189, 27, 29
29, 57, 67
29, 67, 189
11, 189, 67
6, 8, 61
26, 33, 39
39, 6, 26
11, 67, 58
61, 63, 0
11, 58, 8
26, 6, 61
2, 15, 0
61, 0, 26
8, 58, 61
79, 82, 80
82, 84, 83
84, 86, 85
86, 94, 87
88, 190, 89
89, 93, 91
89, 190, 92
94, 191, 95
98, 192, 96
193, 96, 192
97, 194, 98
99, 103, 100
105, 195, 106
49, 46, 184
184, 107, 49
108, 121, 109
4, 10, 111
7, 41, 113
10, 44, 115
116, 125, 117
119, 108, 110
121, 139, 122
111, 115, 140
140, 132, 111
123, 126, 196
196, 124, 123
112, 111, 132
132, 123, 112
125, 7, 114
22, 4, 112
123, 24, 23
127, 119, 120
129, 197, 130
30, 24, 123
133, 127, 128
135, 198, 129
136, 198, 135
38, 133, 134
139, 136, 137
41, 38, 138
43, 30, 132
44, 43, 140
157, 109, 122
135, 131, 151
135, 151, 150
141, 157, 122
135, 150, 137
159, 141, 137
137, 150, 159
142, 146, 143
142, 183, 145
148, 199, 53
53, 52, 148
144, 143, 54
149, 162, 150
152, 160, 153
155, 200, 156
158, 161, 141
153, 149, 151
156, 200, 160
161, 155, 157
162, 158, 159
72, 166, 163
73, 163, 164
75, 164, 165
201, 118, 117
117, 114, 152
138, 134, 128
114, 113, 156
130, 201, 131
154, 151, 131
131, 201, 154
113, 128, 156
128, 120, 109
109, 157, 156
120, 110, 109
154, 201, 117
152, 154, 117
138, 128, 113
156, 152, 114
167, 170, 79
169, 172, 170
171, 174, 172
173, 178, 174
175, 177, 88
91, 202, 175
175, 202, 176
95, 191, 178
203, 180, 96
179, 204, 97
97, 96, 179
181, 182, 99
106, 195, 145
184, 143, 146
146, 145, 107
