# Project Zomboid Skinned Mesh
# File Version:
1.0
# Model Name:
Cube
# Vertex Stride Element Count:
3
# Vertex Stride Size (in bytes):
76
# Vertex Stride Data:
# (Int)    Offset
# (String) Type
0
VertexArray
12
NormalArray
24
TextureCoordArray
# Vertex Count:
207
# Vertex Buffer:
0.01088202, 0.09618118, 0.01585108
0.69347209, -0.19843134, 0.69258708
0.50572777, 0.75739837
0.01088199, 0.11397663, -0.02222669
0.68330944, -0.07974487, -0.72573018
0.54356456, 0.67643684
0.01088202, 0.11397663, 0.01585108
0.70708334, 0.0, 0.70708334
0.54356456, 0.75739837
0.0, 0.19703099, -0.02222669
0.0, 0.70708334, -0.70708334
0.74440598, 0.67643684
0.01088202, 0.19703101, 0.01585108
0.57734919, 0.57734919, 0.57734919
0.72015607, 0.75739837
0.01088205, 0.19703098, -0.02222669
0.57734919, 0.57734919, -0.57734919
0.72015607, 0.67643684
0.0, 0.09618118, 0.01585108
0.0, -0.60524309, 0.79601431
0.50467014, 0.7807266
0.01088199, 0.08726707, -0.01628399
0.61821347, -0.57209998, -0.53895688
0.48677436, 0.68907237
0.0, 0.11397663, -0.02222669
0.0, -0.10922574, -0.99398786
0.53736413, 0.65119132
0.0, 0.11397663, 0.01585108
0.0, 0.0, 1.0
0.54356456, 0.78292403
0.0, 0.19703099, -0.02222669
0.0, 0.70708334, -0.70708334
0.72015607, 0.65047181
0.0068398, 0.12430289, 0.03107096
0.85790581, -0.28907132, -0.4247261
0.56552052, 0.7897591
0.0, 0.12681052, 0.02471223
0.0, -0.99734491, 0.07263406
0.55975211, 0.77562761
0.0068398, 0.12681052, 0.02471223
0.8188116, -0.57252723, 0.04168829
0.57085228, 0.77623908
0.0068398, 0.1027191, 0.03438465
0.59730828, -0.46327096, 0.65465254
0.51962864, 0.79680473
0.0, 0.09618118, 0.01585108
0.0, -0.43284401, 0.90145576
0.48745158, 0.76615334
0.0068398, 0.09618118, 0.01585108
0.61702323, -0.74208808, 0.26178777
0.50572777, 0.75739837
0.0068398, 0.10397294, 0.02229413
0.84078491, 0.52397227, 0.13592944
0.52229464, 0.77109767
0.0, 0.10647848, 0.03107096
0.0, 0.60228276, -0.79827267
0.53508532, 0.78223316
0.0068398, 0.10647848, 0.03107096
0.87041843, 0.29648733, -0.39295632
0.5276221, 0.7897591
0.0068398, 0.13621429, 0.01585108
0.58919036, 0.73598439, 0.33338419
0.59084678, 0.75739837
0.0, 0.12781873, 0.03438466
0.0, 0.54191715, 0.8404187
0.58010101, 0.80898708
0.0068398, 0.12781873, 0.03438466
0.60304576, 0.43226418, 0.67036957
0.5729959, 0.79680473
0.0068398, 0.11042109, 0.01585108
0.44700462, 0.63225198, 0.63274026
0.5360049, 0.75739837
0.0, 0.10397294, 0.02229413
0.0, 0.96792507, 0.25113681
0.53383613, 0.77463551
0.0, 0.12430289, 0.03107096
0.0, -0.56263924, -0.82668537
0.55852175, 0.78133909
0.0, 0.12172464, 0.01585108
0.0, -0.867275, 0.49778742
0.55231452, 0.76202124
0.0068398, 0.12172464, 0.01585108
0.55561996, -0.72109133, 0.41386151
0.56003869, 0.75739837
0.0, 0.1027191, 0.03438465
0.0, -0.57762384, 0.81627858
0.51293099, 0.81073025
0.01088199, 0.04188052, 0.0095298
0.65666676, -0.51982176, -0.54637289
0.35299283, 0.74755117
0.0, 0.08726707, -0.01628399
0.0, -0.72786647, -0.68568987
0.43805566, 0.67255342
0.01088199, 0.08726707, -0.01628399
0.61821347, -0.57209998, -0.53895688
0.44949442, 0.69266552
0.01088202, 0.06271723, 0.02755085
0.79641104, 0.38929412, 0.46275216
0.39729631, 0.78586769
0.01088202, 0.04533473, 0.05875021
0.58876306, 0.29865414, 0.75109106
0.36033735, 0.85220429
0.0, 0.01636377, 0.04961327
0.0, -0.93963438, 0.342143
0.31103632, 0.86478119
0.01088202, 0.01636377, 0.04961327
0.56480604, -0.77538377, 0.28232673
0.29873908, 0.83277716
0.0, 0.04533473, 0.05875021
0.0, 0.36948758, 0.92919707
0.36893085, 0.87164107
0.01088202, 0.09618118, 0.01585108
0.69347209, -0.19843134, 0.69258708
0.46844783, 0.76099151
0.0, 0.06271723, 0.02755085
0.0, 0.64375746, 0.7651906
0.41228688, 0.80504301
0.00763495, 0.41442928, -0.0173257
0.71727651, -0.63023776, -0.29709768
0.47532383, 0.06480134
0.0031625, 0.19703099, -0.02179813
0.38267159, 0.0, -0.92385632
0.01557669, 0.05135304
0.0031625, 0.41442928, -0.02179813
0.29709768, -0.63026828, -0.717246
0.47532377, 0.05135125
0.00763495, 0.41442928, -0.01100069
0.71727651, -0.63023776, 0.29709768
0.47532383, 0.07824969
0.00763495, 0.19703099, -0.0173257
0.92385632, 0.0, -0.38267159
0.01557669, 0.06480134
0.0031625, 0.41442928, -0.00652826
0.29709768, -0.63023776, 0.71727651
0.47532383, 0.09169978
0.00763495, 0.19703099, -0.01100069
0.92385632, 0.0, 0.38267159
0.01557669, 0.07824969
0.0, 0.41442928, -0.00652826
0.0, -0.70708334, 0.70708334
0.47532386, 0.09928536
0.0031625, 0.19703099, -0.00652826
0.38267159, 0.0, 0.92385632
0.01557664, 0.09169805
0.0, 0.41442928, -0.00652826
0.0, -0.70708334, 0.70708334
0.70464128, 0.08688021
-0.00763495, 0.41442928, -0.01100069
-0.71727651, -0.63023776, 0.29709768
0.71975297, 0.07802796
0.0, 0.41442928, -0.02179813
0.0, -0.70708334, -0.70708334
0.70464128, 0.05665684
0.0, 0.19703099, -0.02179813
0.0, 0.0, -0.99996948
0.01559083, 0.04376739
0.0, 0.41442928, -0.02179813
0.0, -0.70708334, -0.70708334
0.47532368, 0.04376566
0.0031625, 0.38619152, -0.00254369
0.29709768, 0.63023776, -0.71727651
0.41777268, 0.23004812
0.00763495, 0.19703099, 0.00192881
0.92385632, 0.0, -0.38267159
0.01557669, 0.24585193
0.0031625, 0.19703099, -0.00254369
0.38267159, 0.0, -0.92385632
0.01557669, 0.23004812
0.00763495, 0.38619152, 0.00825378
0.71727651, 0.63023776, 0.29709768
0.41777268, 0.25930023
0.00763495, 0.38619152, 0.00192875
0.71727651, 0.63023776, -0.29709768
0.41777268, 0.24585193
0.0031625, 0.38619152, 0.01272622
0.29709768, 0.63023776, 0.71727651
0.41777268, 0.27527016
0.00763495, 0.19703099, 0.00825378
0.92385632, 0.0, 0.38267159
0.01557669, 0.25930023
0.0, 0.38619152, 0.01272622
0.0, 0.70708334, 0.70708334
0.41777268, 0.28263938
0.0031625, 0.19703099, 0.01272622
0.38267159, 0.0, 0.92385632
0.01557669, 0.27526933
0.0, 0.19703099, -0.00254369
0.0, 0.0, -1.0
0.01557669, 0.22181988
0.0, 0.38619152, -0.00254369
0.0, 0.70708334, -0.70708334
0.41777268, 0.22181988
0.00478805, 0.36255565, -0.00646812
0.29187903, 0.64668721, -0.7046724
0.73864031, 0.86645383
0.01354371, 0.3137981, -0.00051874
0.92364269, 0.02169866, -0.38258004
0.63497114, 0.87910354
0.00560999, 0.3137981, -0.00845242
0.38258004, 0.02169866, -0.92364269
0.63497114, 0.86223465
0.01155937, 0.36255565, 0.00987932
0.70464188, 0.64668721, 0.29187903
0.73864019, 0.90121192
0.01155938, 0.36255565, 0.00030321
0.70464188, 0.64668721, -0.29187903
0.73864019, 0.88085103
0.00478805, 0.36255565, 0.01665065
0.29187903, 0.64668721, 0.70464188
0.73864031, 0.91560924
0.01354371, 0.3137981, 0.01070127
0.92364269, 0.02169866, 0.38258004
0.63497114, 0.90295953
0.0, 0.3137981, 0.01863497
0.0, 0.02014222, 0.99978638
0.63497114, 0.93470353
0.00560998, 0.3137981, 0.01863497
0.38258004, 0.02169866, 0.92364269
0.63497114, 0.91982836
0.0, 0.36255565, 0.01665065
0.0, 0.72133547, 0.69255656
0.73864031, 0.92327946
0.0, 0.3137981, -0.00845242
0.0, 0.02014222, -0.99978638
0.63497114, 0.84756631
0.0, 0.36255565, -0.00646812
0.0, 0.72133547, -0.69255656
0.73865533, 0.85724437
0.00560313, 0.26414624, -0.00843591
0.29703665, -0.63039035, -0.71715444
0.52940071, 0.86226982
0.00560313, 0.26414624, 0.01861843
0.29703665, -0.63039035, 0.71715444
0.52940071, 0.91979319
0.01352715, 0.26414624, 0.01069441
0.71715444, -0.63039035, 0.29703665
0.52940071, 0.90294498
0.0, 0.26414624, -0.00843591
0.0, -0.70720541, -0.70696127
0.52940071, 0.85266364
0.01352715, 0.26414624, -0.00051189
0.71715444, -0.63039035, -0.29703665
0.52940071, 0.87911808
0.01088201, 0.03044882, 0.02748765
1.0, 0.0, 0.0
0.32868654, 0.78573337
0.0031625, 0.38619152, 0.01272622
0.54417557, -0.27558213, 0.7923826
0.41777268, 0.26880962
0.0031625, 0.38619152, -0.00652826
0.70708334, -0.70708334, 0.0
0.41777265, 0.2278704
0.0031625, 0.40142885, -0.00652826
0.49769586, 0.68013549, 0.53822446
0.45017031, 0.22787046
0.0, 0.40142885, -0.00652826
0.0, 0.78414255, 0.62053287
0.45544314, 0.23204321
0.0, 0.38619152, 0.01272622
0.0, -1.0, 0.0
0.41777268, 0.26880962
0.0, 0.01636377, 0.04961327
0.0, -0.93963438, 0.342143
0.46925113, 0.93198425
0.01088199, 0.04188052, 0.0095298
0.65666676, -0.51982176, -0.54637289
0.44759139, 0.83740729
0.01088202, 0.01636377, 0.04961327
0.56480604, -0.77538377, 0.28232673
0.44759139, 0.93198425
-0.01088199, 0.11397663, -0.02222669
-0.68330944, -0.07974487, -0.72573018
0.54356456, 0.62450686
-0.01088202, 0.09618118, 0.01585108
-0.69347209, -0.19843134, 0.69258708
0.50572777, 0.54354534
-0.01088202, 0.11397663, 0.01585108
-0.70708334, 0.0, 0.70708334
0.54356456, 0.54354534
-0.01088202, 0.19703101, 0.01585108
-0.57734919, 0.57734919, 0.57734919
0.72015607, 0.54354534
0.0, 0.19703099, -0.02222669
0.0, 0.70708334, -0.70708334
0.74440598, 0.62450686
-0.01088205, 0.19703098, -0.02222669
-0.57734919, 0.57734919, -0.57734919
0.72015607, 0.62450686
-0.01088199, 0.08726707, -0.01628399
-0.61821347, -0.57209998, -0.53895688
0.48677436, 0.61187133
0.0, 0.09618118, 0.01585108
0.0, -0.60524309, 0.79601431
0.50467014, 0.52021709
0.0, 0.11397663, -0.02222669
0.0, -0.10922574, -0.99398786
0.53736413, 0.64975241
0.0, 0.11397663, 0.01585108
0.0, 0.0, 1.0
0.54356456, 0.51801971
0.0, 0.19703102, 0.01585108
0.0, 0.70708334, 0.70708334
0.72015607, 0.51801971
0.0, 0.11397663, -0.02222669
0.0, -0.10922574, -0.99398786
0.54356456, 0.65047181
0.0, 0.12681052, 0.02471223
0.0, -0.99734491, 0.07263406
0.55975211, 0.52531609
-0.0068398, 0.12430289, 0.03107096
-0.85790581, -0.28907132, -0.4247261
0.56552052, 0.5111846
-0.0068398, 0.12681052, 0.02471223
-0.8188116, -0.57252723, 0.04168829
0.57085228, 0.52470461
0.0, 0.09618118, 0.01585108
0.0, -0.43284401, 0.90145576
0.48745158, 0.53479037
-0.0068398, 0.1027191, 0.03438465
-0.59730828, -0.46327096, 0.65465254
0.51962864, 0.50413898
-0.0068398, 0.09618118, 0.01585108
-0.61702323, -0.74208808, 0.26178777
0.50572777, 0.54354534
0.0, 0.10647848, 0.03107096
0.0, 0.60228276, -0.79827267
0.53508532, 0.51871052
-0.0068398, 0.10397294, 0.02229413
-0.84078491, 0.52397227, 0.13592944
0.52229464, 0.52984604
-0.0068398, 0.10647848, 0.03107096
-0.87041843, 0.29648733, -0.39295632
0.5276221, 0.5111846
0.0, 0.12781873, 0.03438466
0.0, 0.54191715, 0.8404187
0.58010101, 0.49195659
-0.0068398, 0.13621429, 0.01585108
-0.58919036, 0.73598439, 0.33338419
0.59084678, 0.54354534
-0.0068398, 0.12781873, 0.03438466
-0.60304576, 0.43226418, 0.67036957
0.5729959, 0.50413898
0.0, 0.10397294, 0.02229413
0.0, 0.96792507, 0.25113681
0.53383613, 0.52630821
-0.0068398, 0.11042109, 0.01585108
-0.44700462, 0.63225198, 0.63274026
0.5360049, 0.54354534
0.0, 0.12430289, 0.03107096
0.0, -0.56263924, -0.82668537
0.55852175, 0.51960465
0.0, 0.12172464, 0.01585108
0.0, -0.867275, 0.49778742
0.55231452, 0.53892246
-0.0068398, 0.12172464, 0.01585108
-0.55561996, -0.72109133, 0.41386151
0.56003869, 0.54354534
0.0, 0.1027191, 0.03438465
0.0, -0.57762384, 0.81627858
0.51293099, 0.49021351
0.0, 0.08726707, -0.01628399
0.0, -0.72786647, -0.68568987
0.43805566, 0.62839028
-0.01088199, 0.04188052, 0.0095298
-0.65666676, -0.51982176, -0.54637289
0.35299283, 0.55339256
-0.01088199, 0.08726707, -0.01628399
-0.61821347, -0.57209998, -0.53895688
0.44949442, 0.60827819
-0.01088202, 0.06271723, 0.02755085
-0.79641104, 0.38929412, 0.46275216
0.39729631, 0.51507601
-0.01088202, 0.09618118, 0.01585108
-0.69347209, -0.19843134, 0.69258708
0.46844783, 0.53995219
0.0, 0.01636377, 0.04961327
0.0, -0.93963438, 0.342143
0.31103632, 0.43616247
-0.01088202, 0.04533473, 0.05875021
-0.58876306, 0.29865414, 0.75109106
0.36033735, 0.44873941
-0.01088202, 0.01636377, 0.04961327
-0.56480604, -0.77538377, 0.28232673
0.29873908, 0.46816647
0.0, 0.04533473, 0.05875021
0.0, 0.36948758, 0.92919707
0.36893088, 0.42930269
0.0, 0.06271723, 0.02755085
0.0, 0.64375746, 0.7651906
0.41228685, 0.49590075
-0.0031625, 0.19703099, -0.02179813
-0.38267159, 0.0, -0.92385632
0.01557669, 0.05135125
-0.00763495, 0.41442928, -0.0173257
-0.71727651, -0.63023776, -0.29709768
0.47532383, 0.06480134
-0.0031625, 0.41442928, -0.02179813
-0.29709768, -0.63026828, -0.717246
0.47532389, 0.05135304
-0.00763495, 0.19703099, -0.0173257
-0.92385632, 0.0, -0.38267159
0.01557669, 0.06480134
-0.00763495, 0.41442928, -0.01100069
-0.71727651, -0.63023776, 0.29709768
0.47532383, 0.07824969
-0.00763495, 0.19703099, -0.01100069
-0.92385632, 0.0, 0.38267159
0.01557669, 0.07824969
-0.0031625, 0.41442928, -0.00652826
-0.29709768, -0.63023776, 0.71727651
0.47532383, 0.09169799
-0.0031625, 0.19703099, -0.00652826
-0.38267159, 0.0, 0.92385632
0.01557674, 0.09169978
-0.0031625, 0.19703099, -0.00254369
-0.38267159, 0.0, -0.92385632
0.01557669, 0.23004735
-0.00763495, 0.38619152, 0.00192875
-0.71727651, 0.63023776, -0.29709768
0.41777268, 0.24585193
-0.0031625, 0.38619152, -0.00254369
-0.29709768, 0.63023776, -0.71727651
0.41777268, 0.23004866
-0.00763495, 0.19703099, 0.00192881
-0.92385632, 0.0, -0.38267159
0.01557669, 0.24585193
-0.00763495, 0.38619152, 0.00825378
-0.71727651, 0.63023776, 0.29709768
0.41777268, 0.25930023
-0.00763495, 0.19703099, 0.00825378
-0.92385632, 0.0, 0.38267159
0.01557669, 0.25930023
-0.0031625, 0.38619152, 0.01272622
-0.29709768, 0.63023776, 0.71727651
0.41777268, 0.27526957
0.0, 0.19703099, 0.01272622
0.0, 0.0, 1.0
0.01557669, 0.28263938
-0.00560999, 0.3137981, -0.00845242
-0.38258004, 0.02169866, -0.92364269
0.63497114, 0.86223465
-0.01155938, 0.36255565, 0.00030321
-0.70464188, 0.64668721, -0.29187903
0.73864019, 0.88085103
-0.00478805, 0.36255565, -0.00646812
-0.29187903, 0.64668721, -0.7046724
0.73864031, 0.86645383
-0.01354371, 0.3137981, 0.01070127
-0.92364269, 0.02169866, 0.38258004
0.63497114, 0.90295953
-0.01155937, 0.36255565, 0.00987932
-0.70464188, 0.64668721, 0.29187903
0.73864019, 0.90121192
-0.00478805, 0.36255565, 0.01665065
-0.29187903, 0.64668721, 0.70464188
0.73864031, 0.91560924
0.0, 0.36255565, 0.01665065
0.0, 0.72133547, 0.69255656
0.73865998, 0.92326295
0.0, 0.36255565, -0.00646812
0.0, 0.72133547, -0.69255656
0.73864031, 0.8572337
-0.01354371, 0.3137981, -0.00051874
-0.92364269, 0.02169866, -0.38258004
0.63497114, 0.87910354
-0.00560313, 0.26414624, -0.00843591
-0.29703665, -0.63039035, -0.71715444
0.52940071, 0.86226982
-0.01352715, 0.26414624, -0.00051189
-0.71715444, -0.63039035, -0.29703665
0.52940071, 0.87911808
-0.00560313, 0.26414624, 0.01861843
-0.29706717, -0.63039035, 0.71715444
0.52940071, 0.91979319
-0.00560998, 0.3137981, 0.01863497
-0.38258004, 0.02169866, 0.92364269
0.63497114, 0.91982836
-0.01352715, 0.26414624, 0.01069441
-0.71715444, -0.63039035, 0.29703665
0.52940071, 0.90294498
0.0, 0.26414624, 0.01861843
0.0, -0.70720541, 0.70696127
0.52940071, 0.93093729
-0.01088201, 0.03044882, 0.02748765
-1.0, 0.0, 0.0
0.32868654, 0.51521036
-0.0031625, 0.38619152, 0.01272622
-0.54417557, -0.27558213, 0.7923826
0.41777268, 0.26880962
-0.0031625, 0.40142885, -0.00652826
-0.49769586, 0.68013549, 0.53822446
0.45017031, 0.22787046
-0.0031625, 0.38619152, -0.00652826
-0.70708334, -0.70708334, 0.0
0.41777265, 0.2278704
-0.01088199, 0.04188052, 0.0095298
-0.65666676, -0.51982176, -0.54637289
0.49091086, 0.83740729
0.0, 0.04188052, 0.0095298
0.0, -0.68929106, -0.7244789
0.46925113, 0.83740726
-0.00802365, 0.25809059, -0.00129968
0.99996948, 0.0, -0.00778222
0.71303546, 0.95922494
-0.00805806, 0.19703099, -0.00571978
0.99996948, 0.0, -0.00778222
0.58320951, 0.96862304
-0.00805806, 0.26414624, -0.00571978
0.99996948, 0.0, -0.00778222
0.7259109, 0.96862304
-0.00763495, 0.37304893, 0.00192875
-0.70708334, 0.70708334, 0.0
0.38982859, 0.21730685
-0.00763495, 0.36412302, -0.01100069
-0.70708334, -0.70708334, 0.0
0.37085, 0.189816
-0.00763495, 0.36412302, 0.00192875
-0.70708334, -0.70708334, 0.0
0.37085, 0.21730685
0.00763495, 0.37304893, 0.00192875
0.70708334, 0.70708334, 0.0
0.38982859, 0.21730685
-0.00763495, 0.37304893, -0.01100069
-0.70708334, 0.70708334, 0.0
0.38982859, 0.189816
0.00763495, 0.36412302, 0.00192875
0.70708334, -0.70708334, 0.0
0.37085, 0.21730685
0.00763495, 0.37304893, -0.01100069
0.70708334, 0.70708334, 0.0
0.38982859, 0.189816
0.00763495, 0.36412302, -0.01100069
0.70708334, -0.70708334, 0.0
0.37085, 0.189816
0.0, 0.19703102, 0.01585108
0.0, 0.70708334, 0.70708334
0.74440598, 0.75739837
0.0, 0.08726707, -0.01628399
0.0, -0.72786647, -0.68568987
0.48571673, 0.71240053
0.0, 0.08726707, -0.01628399
0.0, -0.72786647, -0.68568987
0.48097059, 0.66502598
0.0, 0.19703102, 0.01585108
0.0, 0.70708334, 0.70708334
0.72015607, 0.78292403
0.0, 0.13621429, 0.01585108
0.0, 0.91088593, 0.41261023
0.60533726, 0.76588191
0.0, 0.11042109, 0.01585108
0.0, 0.70680869, 0.707358
0.54349864, 0.76464856
0.0, 0.04188052, 0.0095298
0.0, -0.68929106, -0.7244789
0.35299283, 0.72237447
0.0, 0.09618118, 0.01585108
0.0, -0.43284401, 0.90145576
0.47596946, 0.7805399
0.0, 0.19703099, -0.00652826
0.0, 0.0, 1.0
0.01556243, 0.0992837
-0.0031625, 0.41442928, -0.02179813
-0.29709768, -0.63026828, -0.717246
0.71090072, 0.05665684
-0.00763495, 0.41442928, -0.0173257
-0.71727651, -0.63023776, -0.29709768
0.71975297, 0.06550896
0.0031625, 0.41442928, -0.02179813
0.29709768, -0.63026828, -0.717246
0.69838184, 0.05665684
0.00763495, 0.41442928, -0.0173257
0.71727651, -0.63023776, -0.29709768
0.6895296, 0.06550896
0.00763495, 0.41442928, -0.01100069
0.71727651, -0.63023776, 0.29709768
0.6895296, 0.07802796
0.0031625, 0.41442928, -0.00652826
0.29709768, -0.63023776, 0.71727651
0.69838184, 0.08688021
-0.0031625, 0.41442928, -0.00652826
-0.29709768, -0.63023776, 0.71727651
0.71090072, 0.08688021
0.0, 0.38619152, 0.01272622
0.0, 0.78414255, 0.62053287
0.42304552, 0.27298236
0.0, 0.38619152, -0.00652826
0.0, -1.0, 0.0
0.41777268, 0.2278704
0.0, 0.19703102, 0.01585108
0.0, 0.70708334, 0.70708334
0.74440598, 0.54354534
0.0, 0.08726707, -0.01628399
0.0, -0.72786647, -0.68568987
0.48571673, 0.58854321
0.0, 0.08726707, -0.01628399
0.0, -0.72786647, -0.68568987
0.48097053, 0.63591775
0.0, 0.13621429, 0.01585108
0.0, 0.91088593, 0.41261023
0.60533726, 0.53506181
0.0, 0.11042109, 0.01585108
0.0, 0.70680869, 0.707358
0.54349864, 0.53629515
0.0, 0.04188052, 0.0095298
0.0, -0.68929106, -0.7244789
0.35299283, 0.5785692
0.0, 0.09618118, 0.01585108
0.0, -0.43284401, 0.90145576
0.47596946, 0.52040377
-0.0031625, 0.19703099, 0.01272622
-0.38267159, 0.0, 0.92385632
0.01557669, 0.27527016
-0.01088202, 0.01636377, 0.04961327
-0.56480604, -0.77538377, 0.28232673
0.49091098, 0.93198425
-0.00797692, 0.26414624, 0.00470465
0.99996948, 0.0, -0.00778222
0.7259109, 0.94645846
-0.00802365, 0.19703099, -0.00129968
0.99996948, 0.0, -0.00778222
0.58320951, 0.95922494
# Number of Faces:
243
# Face Data:
0, 1, 2
3, 4, 5
6, 7, 0
7, 8, 1
9, 0, 2
4, 9, 2
1, 10, 5
2, 5, 4
11, 12, 13
14, 15, 16
17, 18, 19
20, 21, 22
23, 24, 17
19, 25, 11
13, 26, 27
22, 28, 14
11, 22, 19
29, 30, 31
31, 32, 29
33, 34, 35
32, 36, 33
37, 38, 32
39, 40, 41
42, 43, 39
44, 45, 42
46, 47, 44
48, 49, 50
41, 51, 52
53, 54, 55
56, 54, 57
58, 59, 56
60, 61, 58
60, 56, 57
53, 62, 63
64, 65, 66
67, 65, 68
69, 70, 67
69, 71, 72
73, 67, 68
64, 74, 75
65, 76, 66
76, 74, 66
77, 70, 72
78, 65, 70
71, 77, 72
78, 79, 80
81, 33, 35
81, 32, 33
82, 83, 84
85, 82, 84
86, 83, 82
87, 88, 89
90, 91, 92
93, 94, 95
96, 97, 91
98, 96, 90
91, 99, 92
93, 99, 100
95, 101, 90
95, 92, 93
102, 103, 104
105, 106, 107
108, 109, 110
111, 112, 113
114, 115, 109
116, 110, 103
117, 104, 118
119, 113, 106
106, 113, 110
120, 121, 122
122, 123, 124
125, 126, 127
128, 123, 126
129, 124, 123
130, 131, 132
133, 134, 131
135, 136, 134
137, 46, 136
51, 132, 52
138, 139, 140
141, 142, 139
143, 144, 142
144, 145, 60
139, 60, 63
62, 140, 63
146, 147, 148
147, 149, 150
149, 151, 150
151, 71, 152
147, 152, 153
74, 148, 153
154, 155, 156
74, 155, 146
149, 157, 158
154, 159, 149
71, 157, 160
79, 160, 159
161, 127, 126
161, 123, 121
162, 163, 164
162, 85, 163
164, 86, 162
87, 165, 166
167, 168, 169
170, 171, 172
173, 174, 170
175, 176, 173
172, 177, 175
0, 7, 1
3, 178, 4
6, 179, 7
7, 180, 8
9, 6, 0
4, 181, 9
1, 101, 10
2, 1, 5
11, 25, 12
14, 28, 15
17, 24, 18
20, 182, 21
23, 183, 24
19, 18, 25
13, 12, 26
22, 21, 28
16, 23, 17
16, 17, 14
13, 27, 20
11, 13, 22
14, 17, 19
13, 20, 22
14, 19, 22
29, 184, 30
31, 37, 32
33, 36, 34
32, 38, 36
37, 185, 38
39, 43, 40
42, 45, 43
44, 47, 45
46, 186, 47
187, 50, 188
189, 190, 50
191, 192, 48
48, 193, 49
49, 188, 50
50, 190, 191
191, 48, 50
41, 40, 51
53, 57, 54
56, 59, 54
58, 61, 59
60, 145, 61
57, 53, 63
63, 60, 57
58, 56, 60
53, 55, 62
64, 68, 65
67, 70, 65
69, 72, 70
69, 73, 71
68, 64, 75
75, 73, 68
69, 67, 73
64, 66, 74
65, 80, 76
76, 79, 74
77, 78, 70
78, 80, 65
71, 160, 77
76, 80, 79
78, 77, 160
160, 79, 78
81, 29, 32
85, 194, 82
86, 195, 83
87, 166, 88
90, 96, 91
93, 196, 94
96, 197, 97
98, 198, 96
91, 97, 99
93, 92, 99
95, 10, 101
95, 90, 92
102, 116, 103
105, 119, 106
108, 114, 109
111, 199, 112
114, 200, 115
116, 108, 110
117, 102, 104
119, 111, 113
112, 118, 104
112, 104, 113
109, 115, 107
110, 109, 106
113, 104, 103
109, 107, 106
113, 103, 110
120, 201, 121
122, 121, 123
125, 128, 126
128, 129, 123
129, 202, 124
130, 133, 131
133, 135, 134
135, 137, 136
137, 186, 46
51, 130, 132
138, 141, 139
141, 143, 142
143, 203, 144
144, 203, 145
63, 140, 139
139, 142, 60
144, 60, 142
62, 138, 140
146, 154, 147
147, 154, 149
149, 158, 151
151, 158, 71
153, 148, 147
147, 150, 152
151, 152, 150
74, 146, 148
154, 146, 155
74, 79, 155
149, 159, 157
154, 156, 159
71, 158, 157
159, 156, 79
155, 79, 156
160, 157, 159
161, 126, 123
162, 194, 85
164, 195, 86
87, 204, 165
169, 205, 167
167, 206, 168
170, 174, 171
173, 176, 174
175, 177, 176
172, 171, 177
