# Project Zomboid Skinned Mesh
# File Version:
1.0
# Model Name:
Cube
# Vertex Stride Element Count:
3
# Vertex Stride Size (in bytes):
76
# Vertex Stride Data:
# (Int)    Offset
# (String) Type
0
VertexArray
12
NormalArray
24
TextureCoordArray
# Vertex Count:
119
# Vertex Buffer:
0.00629604, 0.09895109, -0.02386551
0.99996948, 0.0, 0.0
0.41814348, 0.67956093
0.00629605, 0.1291303, -0.0370784
0.57734919, 0.57734919, -0.57734919
0.54722768, 0.62066418
0.00629604, 0.1291303, -0.02386551
0.70708334, 0.70708334, 0.0
0.54722768, 0.67956093
-0.0, 0.1291303, -0.0370784
0.0, 0.70708334, -0.70708334
0.63624895, 0.62066418
0.00629604, 0.1291303, -0.02386551
0.70708334, 0.70708334, 0.0
0.59559381, 0.67956093
0.00629605, 0.1291303, -0.0370784
0.57734919, 0.57734919, -0.57734919
0.59559381, 0.62066418
-0.0, 0.02770239, -0.02386551
0.0, -0.99282813, -0.11938841
0.04702653, 0.67956093
0.00629604, 0.02801586, -0.0370784
0.57860041, -0.56981111, -0.58351392
0.0963585, 0.62066418
0.00629604, 0.02770239, -0.02386551
0.7293008, -0.67925048, -0.08169805
0.09635857, 0.67956093
-0.0, 0.0989511, -0.0370784
0.0, 0.0, -1.0
0.41814348, 0.56661338
-0.0, 0.1291303, -0.0370784
0.0, 0.70708334, -0.70708334
0.54722768, 0.56661335
0.00449968, 0.09367269, -0.0030343
0.88552505, -0.35328227, -0.30158392
0.39461455, 0.77912368
-0.0, 0.09367269, -0.01370601
0.0, -0.68495744, 0.72853786
0.38285604, 0.72487569
0.00449968, 0.09367269, -0.01370601
0.31406599, -0.28357798, 0.90603352
0.39461455, 0.72484723
-0.0, 0.1291303, -0.01648896
0.0, 0.73522139, 0.67778558
0.54722768, 0.75129455
0.00629604, 0.09895108, -0.0140318
0.70488602, 0.05063021, 0.70748007
0.41814324, 0.7233949
0.00629604, 0.1291303, -0.01648896
0.58171332, 0.59801018, 0.55128634
0.54722768, 0.71244204
-0.0, 0.09367269, -0.01370601
0.0, -0.68495744, 0.72853786
0.39461455, 0.72484723
0.00629604, 0.07092346, -0.01230181
0.85055083, 0.31019014, 0.42460403
0.29320928, 0.73110628
0.00629604, 0.09367269, -0.01370601
0.70708334, 0.04354991, 0.70574051
0.39461455, 0.72484723
0.00449968, 0.09895108, -0.0140318
0.5497604, 0.60747093, -0.57332075
0.41814324, 0.7233949
-0.0, 0.09895108, 0.00126379
0.0, 0.75041962, 0.66090882
0.43262312, 0.81203648
0.00449969, 0.09895108, 0.00126379
0.58427685, 0.60899687, 0.53636283
0.41814324, 0.79828249
-0.0, 0.0639189, 0.00572527
0.0, -0.78786582, 0.61580247
0.29279539, 0.81774566
0.00449968, 0.0639189, 0.00572527
0.56422621, 0.10428175, 0.8189947
0.26710752, 0.79828249
-0.0, 0.01991809, 0.02821377
0.0, -0.86364329, 0.5040437
0.00939551, 0.98138096
0.00629604, 0.03618573, -0.01292216
0.87548447, -0.46302682, 0.13806574
0.13836502, 0.72834122
0.00629604, 0.01991809, 0.02821377
0.56581318, -0.71211892, 0.41560107
0.0485, 0.95507758
-0.0, 0.07092346, -0.01230181
0.0, 0.58986175, 0.8074587
0.31616306, 0.75463323
0.00629604, 0.06558896, 0.00142718
0.70708334, 0.6590777, 0.25608081
0.27455178, 0.77912368
0.00629604, 0.02676196, -0.01957315
0.60127568, -0.74486524, 0.28913236
0.09635857, 0.69869414
-0.0, 0.03618573, -0.01292216
0.0, -0.95828122, 0.28574482
0.09205656, 0.74340442
-0.0, 0.02676196, -0.01957315
0.0, -0.93221837, 0.36185798
0.04702653, 0.69869414
0.00449968, 0.06558896, 0.00142718
0.80062258, -0.09399701, -0.59172338
0.27455178, 0.77912368
-0.0, 0.09367269, -0.0030343
0.0, -0.76055175, -0.64925075
0.38237959, 0.76518279
-0.0, 0.1291303, -0.02386551
0.0, 1.0, 0.0
0.63624895, 0.67956093
0.00629604, 0.1291303, -0.01648896
0.58171332, 0.59801018, 0.55128634
0.59559381, 0.71244204
0.00629604, 0.05338018, 0.03284796
0.59059417, 0.40882596, 0.69569993
0.20618364, 0.95507758
-0.0, 0.05338018, 0.03284796
0.0, 0.50663775, 0.86214787
0.23003162, 0.98138096
0.00530727, 0.03220928, -0.0370784
0.59083831, -0.73650318, -0.32923368
0.8777805, 0.12694514
0.00530727, 0.03548825, -0.03985836
0.60271007, 0.43409526, -0.66951507
0.89239627, 0.11455315
0.00530727, 0.03673098, -0.0370784
0.59083831, 0.73650318, -0.32923368
0.89793581, 0.12694514
0.00193582, 0.12720546, -0.0370784
0.4221015, 0.44050416, -0.79229105
0.97089577, 0.11571151
-0.0, 0.12322389, -0.0394012
0.0, -0.20456557, -0.97882015
0.95314765, 0.10535753
-0.0, 0.12488275, -0.0394012
0.0, 0.20459609, -0.97882015
0.96054161, 0.10535753
0.00193582, 0.12090101, -0.0370784
0.42207098, -0.44050416, -0.79229105
0.94279349, 0.11571151
-0.0, 0.12090101, -0.0370784
0.0, -0.70708334, -0.70711386
0.94093359, 0.10851383
0.00530727, 0.03345201, -0.03985845
0.60271007, -0.43406475, -0.66951507
0.88331991, 0.11455315
-0.0, 0.03548825, -0.03985836
0.0, 0.54402298, -0.83904541
0.89335585, 0.09206367
-0.0, 0.12720546, -0.0370784
0.0, 0.70711386, -0.70708334
0.97275579, 0.10851383
-0.0, 0.03673098, -0.0370784
0.0, 0.91293067, -0.40809351
0.91256291, 0.09743923
-0.0, 0.03345201, -0.03985845
0.0, -0.54399246, -0.83907592
0.87976569, 0.09320271
0.00629604, 0.0639189, 0.00572527
0.70708334, 0.6590777, 0.25608081
0.26710752, 0.79828249
-0.00629605, 0.1291303, -0.0370784
-0.57734919, 0.57734919, -0.57734919
0.54722768, 0.37933671
-0.00629604, 0.0989511, -0.02386551
-1.0, 0.0, 0.0
0.41814354, 0.32043999
-0.00629604, 0.1291303, -0.02386551
-0.70708334, 0.70708334, 0.0
0.54722768, 0.32043999
-0.00629604, 0.1291303, -0.02386551
-0.70708334, 0.70708334, 0.0
0.59559381, 0.32043999
-0.0, 0.1291303, -0.0370784
0.0, 0.70708334, -0.70708334
0.63419867, 0.37933671
-0.00629605, 0.1291303, -0.0370784
-0.57734919, 0.57734919, -0.57734919
0.59559381, 0.37933671
-0.00629604, 0.02801586, -0.0370784
-0.57860041, -0.56981111, -0.58351392
0.09635851, 0.37933671
-0.0, 0.02770239, -0.02386551
0.0, -0.99282813, -0.11938841
0.04699792, 0.32043993
-0.00629604, 0.02770239, -0.02386551
-0.7293008, -0.67925048, -0.08169805
0.09635857, 0.32043993
-0.0, 0.1291303, -0.0370784
0.0, 0.70708334, -0.70708334
0.54722768, 0.43239152
-0.00629605, 0.0989511, -0.0370784
-0.70708334, 0.0, -0.70708334
0.41814348, 0.37933671
-0.0, 0.09367269, -0.01370601
0.0, -0.68495744, 0.72853786
0.38285604, 0.27512521
-0.00449968, 0.09367269, -0.0030343
-0.88552505, -0.35328227, -0.30158392
0.39461455, 0.22087723
-0.00449968, 0.09367269, -0.01370601
-0.31406599, -0.28357798, 0.90603352
0.39461455, 0.2751537
-0.00629604, 0.09895108, -0.0140318
-0.70488602, 0.05063021, 0.70748007
0.41814324, 0.27660602
-0.0, 0.1291303, -0.01648896
0.0, 0.73522139, 0.67778558
0.54722768, 0.24960595
-0.00629604, 0.1291303, -0.01648896
-0.58171332, 0.59801018, 0.55128634
0.54722768, 0.28755885
-0.00629604, 0.07092346, -0.01230181
-0.85055083, 0.31019014, 0.42460403
0.29320928, 0.26889461
-0.0, 0.09367269, -0.01370601
0.0, -0.68495744, 0.72853786
0.39461455, 0.2751537
-0.00629604, 0.09367269, -0.01370601
-0.70708334, 0.04354991, 0.70574051
0.39461455, 0.2751537
-0.0, 0.09895108, 0.00126379
0.0, 0.75041962, 0.66090882
0.43262312, 0.18796438
-0.00449968, 0.09895108, -0.0140318
-0.28916287, 0.31949827, 0.90237129
0.41814324, 0.27660602
-0.00449969, 0.09895108, 0.00126379
-0.58427685, 0.60899687, 0.53636283
0.41814324, 0.20171839
-0.0, 0.0639189, 0.00572527
0.0, -0.78786582, 0.61580247
0.29279539, 0.18225533
-0.00449968, 0.0639189, 0.00572527
-0.56422621, 0.10428175, 0.8189947
0.26710752, 0.20171839
-0.00629604, 0.03618573, -0.01292216
-0.87548447, -0.46302682, 0.13806574
0.13836503, 0.27165967
-0.0, 0.01991809, 0.02821377
0.0, -0.86364329, 0.5040437
0.00939552, 0.01861924
-0.00629604, 0.01991809, 0.02821377
-0.56581318, -0.71211892, 0.41560107
0.0485, 0.04492331
-0.00629604, 0.06558896, 0.00142718
-0.70708334, 0.6590777, 0.25608081
0.27455178, 0.22087723
-0.0, 0.07092346, -0.01230181
0.0, 0.58986175, 0.8074587
0.30975938, 0.24997103
-0.0, 0.03618573, -0.01292216
0.0, -0.95828122, 0.28574482
0.09205884, 0.25659549
-0.00629604, 0.02676196, -0.01957315
-0.60127568, -0.74486524, 0.28913236
0.09635857, 0.30130678
-0.0, 0.02676196, -0.01957315
0.0, -0.93221837, 0.36185798
0.04699792, 0.30130678
-0.0, 0.09367269, -0.0030343
0.0, -0.76055175, -0.64925075
0.38237959, 0.2348181
-0.00449968, 0.06558896, 0.00142718
-0.80062258, -0.09399701, -0.59172338
0.27455178, 0.22087723
-0.00629604, 0.1291303, -0.01648896
-0.58171332, 0.59801018, 0.55128634
0.59559381, 0.28755885
-0.0, 0.1291303, -0.02386551
0.0, 1.0, 0.0
0.63419867, 0.32043999
-0.00629604, 0.05338018, 0.03284796
-0.59059417, 0.40882596, 0.69569993
0.20618364, 0.04492331
-0.0, 0.05338018, 0.03284796
0.0, 0.50663775, 0.86214787
0.23003182, 0.01861924
-0.00530727, 0.03548825, -0.03985836
-0.60271007, 0.43409526, -0.66951507
0.89239627, 0.11455297
-0.00530727, 0.03220928, -0.0370784
-0.59083831, -0.73650318, -0.32923368
0.8777805, 0.12694502
-0.00530727, 0.03673098, -0.0370784
-0.59083831, 0.73650318, -0.32923368
0.89793581, 0.12694502
-0.00193582, 0.12720546, -0.0370784
-0.4221015, 0.44050416, -0.79229105
0.97089577, 0.11571145
-0.00193582, 0.12090101, -0.0370784
-0.42207098, -0.44050416, -0.79229105
0.94279349, 0.11571145
-0.00530727, 0.03345201, -0.03985845
-0.60271007, -0.43406475, -0.66951507
0.88331991, 0.11455297
-0.00629604, 0.0639189, 0.00572527
-0.70708334, 0.6590777, 0.25608081
0.26710752, 0.20171839
0.00629605, 0.09895109, -0.0370784
0.70708334, 0.0, -0.70708334
0.41814345, 0.62066418
-0.0, 0.02801586, -0.0370784
0.0, -0.69866025, -0.71541488
0.0963585, 0.56661335
-0.0, 0.0989511, -0.0370784
0.0, 0.0, -1.0
0.41814348, 0.43239152
-0.00449968, 0.0639189, 0.00572527
-0.56422621, 0.10428175, 0.8189947
0.0, 1.0
-0.0, 0.06558896, 0.00142718
0.0, -0.62788779, -0.77825248
0.0, 1.0
-0.0, 0.0639189, 0.00572527
0.0, -0.78786582, 0.61580247
0.0, 1.0
-0.0, 0.02801586, -0.0370784
0.0, -0.69866025, -0.71541488
0.04702653, 0.62066418
-0.0, 0.09895108, -0.0140318
0.0, 0.73522139, 0.67778558
0.44498506, 0.76477432
-0.0, 0.06558896, 0.00142718
0.0, 0.9320963, 0.36216316
0.30868033, 0.77106392
-0.0, 0.1291303, -0.01648896
0.0, 0.73522139, 0.67778558
0.63624895, 0.71244204
-0.0, 0.03220928, -0.0370784
0.0, -0.91293067, -0.40809351
0.86470866, 0.10070294
-0.0, 0.02801586, -0.0370784
0.0, -0.69866025, -0.71541488
0.04699792, 0.37933671
-0.0, 0.09895108, -0.0140318
0.0, 0.73522139, 0.67778558
0.44393873, 0.24370003
-0.0, 0.06558896, 0.00142718
0.0, 0.9320963, 0.36216316
0.30646366, 0.23331141
-0.0, 0.09895108, -0.0140318
0.0, 0.73522139, 0.67778558
0.41814324, 0.27660602
-0.0, 0.1291303, -0.01648896
0.0, 0.73522139, 0.67778558
0.63419867, 0.28755885
-0.0, 0.02801586, -0.0370784
0.0, -0.69866025, -0.71541488
0.0963585, 0.43239152
0.00449968, 0.0639189, 0.00572527
0.56422621, 0.10428175, 0.8189947
0.0, 1.0
-0.00449968, 0.06558896, 0.00142718
-0.80062258, -0.09399701, -0.59172338
0.0, 1.0
0.00449968, 0.06558896, 0.00142718
0.80062258, -0.09399701, -0.59172338
0.0, 1.0
# Number of Faces:
146
# Face Data:
0, 1, 2
3, 4, 5
6, 7, 8
1, 9, 10
11, 12, 13
14, 15, 16
16, 0, 2
17, 18, 19
20, 21, 22
22, 23, 24
25, 26, 27
28, 29, 18
30, 31, 32
15, 13, 19
33, 34, 11
35, 36, 4
8, 32, 6
20, 11, 13
24, 11, 22
37, 23, 38
38, 27, 37
39, 40, 41
42, 43, 44
45, 46, 43
47, 48, 40
44, 49, 42
40, 50, 41
39, 51, 47
33, 52, 29
53, 54, 55
56, 57, 58
59, 60, 61
62, 63, 53
64, 65, 66
67, 68, 69
54, 69, 55
70, 71, 72
73, 74, 75
76, 75, 77
78, 79, 80
81, 82, 70
83, 84, 85
67, 72, 74
86, 87, 65
88, 89, 56
85, 61, 60
65, 74, 66
77, 65, 87
76, 90, 91
80, 91, 90
92, 93, 94
95, 43, 96
96, 43, 46
48, 97, 92
44, 95, 49
50, 92, 94
51, 93, 97
98, 87, 81
52, 37, 26
0, 7, 99
99, 100, 9
101, 59, 63
78, 81, 70
54, 59, 61
102, 103, 104
0, 99, 1
3, 35, 4
6, 105, 7
1, 99, 9
11, 34, 12
14, 106, 15
16, 15, 0
17, 28, 18
20, 106, 21
22, 21, 23
25, 31, 26
28, 107, 29
30, 26, 31
15, 106, 20
13, 17, 19
15, 20, 13
33, 107, 34
35, 108, 36
8, 30, 32
20, 22, 11
24, 33, 11
37, 52, 23
38, 25, 27
39, 47, 40
42, 45, 43
47, 51, 48
40, 48, 50
39, 109, 51
33, 24, 52
53, 63, 54
56, 89, 57
59, 110, 60
62, 101, 63
64, 86, 65
67, 111, 68
54, 67, 69
70, 82, 71
73, 111, 74
76, 73, 75
78, 83, 79
81, 112, 82
83, 78, 84
72, 71, 66
74, 113, 67
72, 66, 74
86, 112, 87
88, 114, 89
85, 84, 61
65, 75, 74
77, 75, 65
76, 98, 90
80, 79, 91
92, 97, 93
95, 44, 43
48, 51, 97
50, 48, 92
51, 109, 93
98, 77, 87
8, 0, 18
0, 15, 19
26, 30, 8
37, 27, 26
29, 52, 26
0, 19, 18
18, 29, 26
26, 8, 18
0, 8, 7
99, 7, 100
101, 115, 59
72, 67, 54
54, 61, 70
78, 80, 90
61, 84, 78
70, 72, 54
98, 81, 78
78, 90, 98
70, 61, 78
54, 63, 59
116, 104, 103
102, 117, 103
103, 118, 116
