# Project Zomboid Skinned Mesh
# File Version:
1.0
# Model Name:
Cube.030
# Vertex Stride Element Count:
3
# Vertex Stride Size (in bytes):
76
# Vertex Stride Data:
# (Int)    Offset
# (String) Type
0
VertexArray
12
NormalArray
24
TextureCoordArray
# Vertex Count:
250
# Vertex Buffer:
-0.00667344, 0.10619026, -0.01228138
-0.87533188, 0.2985931, 0.38026062
0.52666998, 0.49742937
-3e-08, 0.11958219, -0.01228138
0.0, 0.70708334, 0.70708334
0.59217423, 0.48416126
-0.00667344, 0.11958219, -0.01228138
-0.57731867, 0.57734919, 0.57734919
0.57757461, 0.49742937
-0.00667344, 0.05265778, 0.01211877
-0.78722495, 0.59495836, 0.1620838
0.20093857, 0.83170639
-3e-08, 0.06015983, 0.00100571
0.0, 0.5007782, 0.86556596
0.24360676, 0.80628744
-0.0066735, 0.06015983, 0.00100572
-0.81991029, 0.28669089, 0.49549851
0.22984868, 0.78888087
-0.00667345, 0.11647636, -0.05096894
-0.63023776, 0.29709768, -0.71727651
0.56576884, 0.64448646
-3e-08, 0.0764664, -0.05096894
0.0, -0.46061587, -0.88756979
0.41270229, 0.66792688
-0.00667344, 0.0764664, -0.05096894
-0.61665702, -0.3625904, -0.69872129
0.41368517, 0.64448658
-0.00667343, 0.05457506, 0.04312361
-0.57728815, 0.61162144, 0.54094058
0.20832705, 0.95118755
-3e-08, 0.05265778, 0.01211877
0.0, 0.96481216, 0.26288643
0.22968577, 0.8374352
-0.00667345, 0.06612588, -0.03628021
-0.80751973, -0.30924407, -0.5022431
0.37437931, 0.58865255
-3e-08, 0.04417688, -0.03304447
0.0, -0.14581744, -0.98928797
0.28619209, 0.5962052
-0.00667347, 0.04417688, -0.03304447
-0.43821529, -0.13107699, -0.88921779
0.29094797, 0.57635313
-3e-08, 0.11958219, -0.02470381
0.0, 0.97042757, 0.24134037
0.61048275, 0.53624511
-0.00667344, 0.11958219, -0.02470381
-0.76564837, 0.62422562, 0.15524766
0.57757461, 0.5446488
-0.00667344, 0.1029369, 0.00105243
-0.62956631, 0.624897, 0.46162298
0.51430345, 0.44674563
-3e-08, 0.10619026, -0.01228138
0.0, 0.61763358, 0.78643149
0.54867578, 0.47648501
-0.00667345, 0.06490869, -0.01825981
-1.0, 0.0, 0.0
0.24814898, 0.71463871
-0.00667344, 0.04102993, -0.01697731
-0.74861902, -0.61833555, -0.23911253
0.15612917, 0.71958089
-3e-08, 0.06612588, -0.03628021
0.0, -0.52427745, -0.85152745
0.35859156, 0.61359161
-0.0066735, 0.07276431, 9.637e-05
-0.619129, 0.05648976, 0.78322703
0.27842161, 0.78537662
-3e-08, 0.07276431, 9.637e-05
0.0, 0.07193213, 0.99740595
0.27984875, 0.80243394
-3e-08, 0.04417688, -0.03304447
0.0, -0.98135316, -0.19220558
0.14474295, 0.65241992
-3e-08, 0.04102993, -0.01697731
0.0, -0.9326762, -0.36069825
0.13187715, 0.71010709
-3e-08, 0.12197018, -0.02920735
0.0, 0.97042757, 0.24134037
0.61687553, 0.55844903
-0.00667345, 0.12197018, -0.02920735
-0.6565752, 0.73192543, 0.18204291
0.58665168, 0.56176743
-0.0066735, 0.07276431, 9.637e-05
-0.894467, -0.41120639, 0.17545091
0.39961296, 0.45037985
-3e-08, 0.07448827, 0.00413673
0.0, -0.85753959, 0.51438946
0.38465244, 0.41310453
-0.0066735, 0.07448827, 0.00413673
-0.67760247, -0.63063449, 0.37827691
0.40616593, 0.43502188
-3e-08, 0.02371507, 0.01160753
0.0, -0.90829188, -0.4183172
0.06409227, 0.81805086
-0.00667344, 0.02371507, 0.01160753
-0.68257695, -0.66377759, -0.30570391
0.08940407, 0.82973617
-3e-08, 0.12197018, -0.04974076
0.0, 0.70708334, -0.70708334
0.60476398, 0.66159493
-0.00667345, 0.12197018, -0.04974076
-0.57734919, 0.57734919, -0.57734919
0.58665168, 0.63981792
-0.00667344, 0.07718115, 0.00748522
-0.624897, -0.35209206, 0.69676811
0.41640204, 0.42229378
-3e-08, 0.07718115, 0.00748522
0.0, -0.45100254, 0.89251381
0.40377861, 0.39752865
-3e-08, 0.0911558, 0.00807673
0.0, 0.24512467, 0.96948147
0.47592899, 0.38963729
-0.00667344, 0.0911558, 0.00807673
-0.64803004, 0.18668172, 0.7383343
0.4695217, 0.42004526
-3e-08, 0.11770447, -0.04974076
0.0, 0.38267159, -0.92385632
0.5728969, 0.67084059
-0.00667345, 0.11770447, -0.04974076
-0.80416274, 0.22745445, -0.54911953
0.57043719, 0.63981792
-3e-08, 0.1029369, 0.00105243
0.0, 0.80431533, 0.59416485
0.53327316, 0.42880428
-3e-08, 0.11647636, -0.05096894
0.0, 0.38267159, -0.92385632
0.5576154, 0.66792688
-3e-08, 0.01247659, 0.04568157
0.0, -0.79213846, 0.61027861
0.01230221, 0.98256654
-0.00667343, 0.01247659, 0.04568157
-0.55998415, -0.65630054, 0.50563067
0.04609518, 0.96104483
-3e-08, 0.05457506, 0.04312361
0.0, 0.74901575, 0.66249579
0.23256439, 0.97957987
-0.00667345, 0.07847936, 0.0054426
-0.85009307, 0.30622274, -0.42835781
0.42133668, 0.430058
-0.01253201, 0.0797654, -0.0413198
-0.68623918, -0.60997343, -0.3961913
0.1561705, 0.4229691
-0.01253199, 0.10923913, -0.02684912
-0.86602372, 0.0, 0.49998474
0.25797477, 0.46509242
-0.01253201, 0.10923913, -0.0413198
-0.86602372, 0.0, -0.49998474
0.25797477, 0.42296916
-0.01253199, 0.0797654, -0.02684912
-0.68623918, -0.60997343, 0.3961913
0.15617043, 0.46509242
-3e-08, 0.10923913, -0.0196138
0.0, 0.0, 1.0
0.25797477, 0.50721586
-0.01253199, 0.10923913, -0.02684912
0.0, 1.0, 0.0
0.27176854, 0.41084468
0.00626595, 0.10923913, -0.02323146
0.0, 1.0, 0.0
0.33324096, 0.46408129
-0.00626602, 0.10923913, -0.04493747
0.0, 1.0, 0.0
0.33324093, 0.35760796
-0.00626602, 0.0797654, -0.04493747
-0.49998474, 0.0, -0.86602372
0.1561705, 0.39864898
-0.00626602, 0.10923913, -0.04493747
-0.49998474, 0.0, -0.86602372
0.25797477, 0.3986491
-3e-08, 0.07509045, -0.00297831
0.0, 0.99542224, -0.09555345
0.42862886, 0.46299881
-0.00667346, 0.07509045, -0.00297831
-0.77666557, 0.62700278, -0.0601825
0.40845498, 0.46206713
-0.00667347, 0.08360928, -0.01386391
-0.77416301, 0.17340617, 0.60875273
0.44083628, 0.50344482
-3e-08, 0.07632279, -0.00934536
0.0, 0.82335889, 0.56746119
0.43057972, 0.47593069
-3e-08, 0.08360928, -0.01386391
0.0, 0.27396467, 0.96172976
0.44746596, 0.48433316
-0.00667339, 0.09357543, -0.01386391
-0.75685906, -0.13556322, 0.63933223
0.47871906, 0.50344485
-3e-08, 0.10189367, -0.01016766
0.0, -0.85814995, 0.51338238
0.48877761, 0.47801852
-0.00667339, 0.10189367, -0.01016766
-0.8620258, -0.43494979, 0.2602008
0.51033795, 0.48939478
-0.00667342, 0.10115426, -0.00024663
-0.82512891, -0.48255867, -0.29367962
0.50752735, 0.45168352
-3e-08, 0.09084375, 0.00609986
0.0, -0.24674214, -0.96905422
0.46483803, 0.44570112
-0.00667345, 0.09084375, 0.00609986
-0.78066349, -0.15417951, -0.60557878
0.46833557, 0.42755961
-0.00667349, 0.07632279, -0.00934536
-0.80928981, 0.4835963, 0.33338419
0.41313922, 0.48626924
-3e-08, 0.09357543, -0.01386391
0.0, -0.20752586, 0.97820979
0.47094086, 0.48470396
-3e-08, 0.10115426, -0.00024663
0.0, -0.85421306, -0.51985228
0.48792124, 0.46025258
-3e-08, 0.07847936, 0.00544261
0.0, 0.58156073, -0.81350136
0.43759078, 0.44708109
-0.00314811, 0.06819238, -0.04805885
-0.59822381, -0.18655965, -0.77929014
0.11107525, 0.56461048
-3e-08, 0.07320055, -0.0460947
0.0, 0.36509293, -0.93093663
0.1343212, 0.56096146
-3e-08, 0.06819238, -0.04805885
0.0, 0.36509293, -0.93093663
0.11541449, 0.5535464
-0.00314811, 0.06053089, -0.03923552
-0.93081456, -0.36542863, -0.00350963
0.08215183, 0.59792006
-3e-08, 0.05344782, -0.04492283
0.0, -0.88576925, -0.46409497
0.04344539, 0.57067361
-3e-08, 0.06053089, -0.03923552
0.0, -0.99993896, -0.00961333
0.06797452, 0.59652933
-0.00314811, 0.05395209, -0.03415812
-0.3130894, -0.58024842, -0.75182348
0.05731574, 0.61708808
-3e-08, 0.05395209, -0.03415812
0.0, -0.61095005, -0.7916196
0.05184268, 0.61097705
-0.00314811, 0.06312134, -0.04067045
-1.0, 0.0, 0.0
0.09193122, 0.59250301
-0.00314811, 0.06290426, -0.04211433
-0.84975737, -0.14441359, -0.50694299
0.09111169, 0.58705199
-0.00314811, 0.06649903, -0.03591872
-1.0, 0.0, 0.0
0.10468256, 0.61044157
-0.00314811, 0.07320055, -0.0460947
-0.65514082, 0.27582628, -0.70332956
0.12998196, 0.57202554
-0.00667381, 0.11104327, -0.04703167
-1.0, 0.0, -3.052e-05
0.5451169, 0.62952039
-3e-08, 0.17737946, -0.03701844
0.0, 0.0, 1.0
0.3017526, 0.34470391
-0.00251106, 0.12197018, -0.03701844
-0.38267159, 0.0, 0.92385632
0.03483135, 0.33667254
-3e-08, 0.12197018, -0.03701844
0.0, 0.0, 1.0
0.03483146, 0.34470391
-0.00251105, 0.17737946, -0.03701844
-0.38267159, 0.0, 0.92385632
0.3017526, 0.33667254
-0.00606216, 0.12197018, -0.04056955
-0.92385632, 0.0, 0.38267159
0.03483135, 0.32533121
-0.00606216, 0.17737946, -0.04056955
-0.92385632, 0.0, 0.38267159
0.3017526, 0.32533121
-0.00606218, 0.12197018, -0.04559157
-0.92385632, 0.0, -0.38267159
0.03483135, 0.30929166
-0.00606216, 0.17737946, -0.04559157
-0.92385632, 0.0, -0.38267159
0.3017526, 0.30929166
-0.00251106, 0.12197018, -0.04914268
-0.38267159, 0.0, -0.92385632
0.03483135, 0.29794997
-3e-08, 0.15621817, -0.03701844
0.0, 0.88143557, 0.47227395
0.18166684, 0.35741031
-0.0021991, 0.15203284, -0.02920735
-0.60771507, 0.40791041, 0.68135625
0.1602155, 0.36948609
-3e-08, 0.15203284, -0.02920735
0.0, 0.51365703, 0.85796684
0.16380042, 0.37797701
-3e-08, 0.12197018, -0.02920735
0.0, 0.0, 0.99996948
0.03490368, 0.37797701
-0.0021991, 0.12197018, -0.03701844
-1.0, 0.0, 0.0
0.03483135, 0.35096347
-0.0021991, 0.12197018, -0.02920735
-0.70708334, 0.0, 0.70708334
0.03483135, 0.36948609
-0.00251106, 0.17737946, -0.04914268
-0.38267159, 0.0, -0.92385632
0.3017526, 0.29794997
-3e-08, 0.12197018, -0.04914268
0.0, 0.0, -1.0
0.03485975, 0.28963959
-3e-08, 0.17737946, -0.03701844
0.0, 1.0, 0.0
0.32737628, 0.33635259
-3e-08, 0.17737946, -0.04914268
0.0, 0.99996948, 0.0
0.32737628, 0.2976644
-0.00606216, 0.17737946, -0.04559157
0.0, 1.0, 0.0
0.30803224, 0.30899572
-4e-08, 0.17062727, -0.05716417
0.0, -0.04474013, -0.99899286
0.28019238, 0.23651475
-0.00251106, 0.17669047, -0.04914268
-0.690054, 0.64461195, -0.32898954
0.30231106, 0.27091151
-4e-08, 0.17528437, -0.05716417
0.0, 0.45884579, -0.88848537
0.29558951, 0.23651469
-3e-08, 0.17669047, -0.04914268
0.0, 0.98495436, -0.17264321
0.30231106, 0.27091163
-0.00251106, 0.15017891, -0.04914268
-0.23120824, -0.33054596, -0.91500592
0.18937153, 0.27091151
-3e-08, 0.15017891, -0.04914268
0.0, -0.36518449, -0.93090612
0.18937153, 0.27091151
-3e-08, 0.0797654, -0.0196138
0.0, -0.60997343, 0.7923826
0.1561705, 0.50721586
0.00626595, 0.10923913, -0.02323146
0.49998474, 0.0, 0.86602372
0.25797477, 0.53153583
0.00626595, 0.0797654, -0.02323146
0.0, -1.0, 0.0
0.12706359, 0.50936213
-3e-08, 0.11958219, -0.01228138
0.0, 0.70708334, 0.70708334
0.59218305, 0.85056514
0.00667338, 0.10619026, -0.01228138
0.87533188, 0.2985931, 0.38026062
0.52666992, 0.83729637
0.00667338, 0.11958219, -0.01228138
0.57731867, 0.57734919, 0.57734919
0.57757455, 0.83729643
0.00667338, 0.05265778, 0.01211877
0.78722495, 0.59495836, 0.1620838
0.20093857, 0.83170648
0.00667344, 0.06015983, 0.00100572
0.81991029, 0.28669089, 0.49549851
0.22984868, 0.7888809
0.00667339, 0.11647636, -0.05096894
0.63026828, 0.29709768, -0.717246
0.56576884, 0.69023931
0.00667337, 0.0764664, -0.05096894
0.61665702, -0.3625904, -0.69872129
0.41368517, 0.69023919
0.00667338, 0.05457506, 0.04312361
0.57728815, 0.61162144, 0.54094058
0.20832703, 0.95118758
-3e-08, 0.04417688, -0.03304447
0.0, -0.14581744, -0.98928797
0.28621629, 0.73847067
0.00667339, 0.06612588, -0.03628021
0.80755025, -0.30918303, -0.50221258
0.37437928, 0.74607319
0.0066734, 0.04417688, -0.03304448
0.43821529, -0.13107699, -0.88921779
0.29094797, 0.75837258
-3e-08, 0.11958219, -0.02470381
0.0, 0.97042757, 0.24134037
0.61048782, 0.79844612
0.00667338, 0.11958219, -0.02470381
0.76564837, 0.62422562, 0.15524766
0.57757455, 0.79007693
-3e-08, 0.1029369, 0.00105243
0.0, 0.80431533, 0.59416485
0.53327268, 0.90592187
0.00667338, 0.1029369, 0.00105243
0.62956631, 0.624897, 0.46162298
0.51430339, 0.88798013
0.00667338, 0.04102993, -0.01697731
0.74861902, -0.61833555, -0.23911253
0.15612914, 0.71958095
0.00667339, 0.06490869, -0.01825981
1.0, 0.0, 0.0
0.24814898, 0.71463877
-3e-08, 0.06612588, -0.03628021
0.0, -0.52427745, -0.85152745
0.35877997, 0.72114146
0.00667344, 0.07276431, 9.637e-05
0.619129, 0.05648976, 0.78322703
0.27842161, 0.78537668
0.0066734, 0.04417688, -0.03304448
0.58894622, -0.7930845, -0.15530869
0.16825628, 0.65766406
-3e-08, 0.12197018, -0.02920735
0.0, 0.97042757, 0.24134037
0.61683756, 0.77621081
0.00667339, 0.12197018, -0.02920735
0.6565752, 0.73192543, 0.18201239
0.58665168, 0.77295831
-3e-08, 0.07448827, 0.00413673
0.0, -0.85753959, 0.51438946
0.38465247, 0.92162129
0.00667344, 0.07276431, 9.637e-05
0.894467, -0.41120639, 0.17545091
0.39961296, 0.88434592
0.00667344, 0.07448827, 0.00413673
0.67760247, -0.63063449, 0.37827691
0.40616593, 0.89970392
0.00667338, 0.02371507, 0.01160753
0.68257695, -0.66377759, -0.30570391
0.08940407, 0.82973619
-3e-08, 0.12197018, -0.04974076
0.0, 0.70708334, -0.70708334
0.60442358, 0.67330346
0.00667339, 0.12197018, -0.04974076
0.57734919, 0.57731867, -0.57731867
0.58665168, 0.69490778
0.00667338, 0.07718115, 0.00748522
0.624897, -0.35209206, 0.69676811
0.41640204, 0.91243204
-3e-08, 0.0911558, 0.00807673
0.0, 0.24512467, 0.96948147
0.4759289, 0.94508835
0.00667338, 0.0911558, 0.00807673
0.64803004, 0.18668172, 0.7383343
0.4695217, 0.91468048
-3e-08, 0.11770447, -0.04974076
0.0, 0.38267159, -0.92385632
0.57272357, 0.66459674
0.00667339, 0.11770447, -0.04974076
0.80422378, 0.22745445, -0.54902798
0.57043713, 0.69490778
0.00667338, 0.01247659, 0.04568157
0.55998415, -0.65630054, 0.50563067
0.04609518, 0.96104487
0.00667337, 0.10115426, -0.00024663
0.82512891, -0.48255867, -0.29367962
0.50752735, 0.88304222
0.01253193, 0.10923913, -0.04131979
0.86602372, 0.0, -0.49998474
0.25797477, 0.46509242
-3e-08, 0.0797654, -0.04855513
0.0, -0.60997343, -0.7923826
0.1561705, 0.42296922
-3e-08, 0.10923913, -0.04855513
0.0, 0.0, -1.0
0.25797477, 0.42296922
0.01253193, 0.10923913, -0.02684913
0.86602372, 0.0, 0.49998474
0.25797477, 0.50721586
0.01253193, 0.0797654, -0.04131979
0.68623918, -0.60997343, -0.3961913
0.15617043, 0.46509242
0.00626595, 0.10923913, -0.02323146
0.0, 1.0, 0.0
0.33330822, 0.46371394
0.01253193, 0.10923913, -0.02684913
0.0, 1.0, 0.0
0.30250472, 0.46408129
0.01253193, 0.10923913, -0.04131979
0.0, 1.0, 0.0
0.27176854, 0.41084468
-3e-08, 0.07509045, -0.00297831
0.0, 0.99542224, -0.09555345
0.42862883, 0.87172689
0.00667339, 0.07847936, 0.0054426
0.85009307, 0.30622274, -0.42835781
0.42133665, 0.90466774
0.0066734, 0.07509045, -0.00297831
0.77666557, 0.62700278, -0.0601825
0.40845495, 0.87265858
0.0066734, 0.08360928, -0.01386391
0.77434611, 0.17337565, 0.60850859
0.44083628, 0.83128089
-3e-08, 0.07632279, -0.00934536
0.0, 0.82335889, 0.56746119
0.43057972, 0.85879503
0.00667343, 0.07632279, -0.00934536
0.80932033, 0.48362681, 0.33326212
0.41313922, 0.8484565
-3e-08, 0.10189367, -0.01016766
0.0, -0.85814995, 0.51338238
0.48877761, 0.8567072
0.00667333, 0.09357543, -0.01386391
0.75695062, -0.13565478, 0.63921016
0.47871906, 0.83128092
0.00667333, 0.10189367, -0.01016766
0.8620258, -0.43494979, 0.2602008
0.51033795, 0.84533092
-3e-08, 0.09084375, 0.00609986
0.0, -0.24674214, -0.96905422
0.46483803, 0.88902462
0.00667339, 0.09084375, 0.00609986
0.78066349, -0.15417951, -0.60557878
0.46833557, 0.90716609
-3e-08, 0.08360928, -0.01386391
0.0, 0.27396467, 0.96172976
0.44746596, 0.85039255
-3e-08, 0.10115426, -0.00024663
0.0, -0.85421306, -0.51985228
0.48792124, 0.87447317
-3e-08, 0.07847936, 0.00544261
0.0, 0.58156073, -0.81350136
0.43759078, 0.88764465
0.00314805, 0.06819238, -0.04805885
0.59822381, -0.18655965, -0.77929014
0.11107525, 0.56461048
0.00314805, 0.06053089, -0.03923552
0.93081456, -0.36542863, -0.00350963
0.08215183, 0.59792006
0.00314805, 0.05395209, -0.03415812
0.3130894, -0.58024842, -0.75182348
0.05731574, 0.61708808
0.00314805, 0.06312134, -0.04067045
1.0, 0.0, 0.0
0.09193122, 0.59250301
0.00314805, 0.06290426, -0.04211433
0.84975737, -0.14441359, -0.50694299
0.09111169, 0.58705202
0.00314805, 0.06649903, -0.03591872
1.0, 0.0, 0.0
0.10468256, 0.6104416
0.00667286, 0.07942393, -0.04703167
1.0, 3.052e-05, 6.104e-05
0.42492712, 0.70520532
0.00251099, 0.12197018, -0.03701844
0.38267159, 0.0, 0.92385632
0.03483135, 0.33667231
-3e-08, 0.12197018, -0.03701844
0.0, 0.0, 1.0
0.03485727, 0.34470391
0.0060621, 0.12197018, -0.04056955
0.92385632, 0.0, 0.38267159
0.03483135, 0.32533103
0.00251099, 0.17737946, -0.03701844
0.38267159, 0.0, 0.92385632
0.3017526, 0.33667231
0.0060621, 0.12197018, -0.04559157
0.92385632, 0.0, -0.38267159
0.03483135, 0.30929166
0.0060621, 0.17737946, -0.04056955
0.92385632, 0.0, 0.38267159
0.3017526, 0.32533103
0.00251099, 0.12197018, -0.04914268
0.38267159, 0.0, -0.92385632
0.03483135, 0.29794979
0.0060621, 0.17737946, -0.04559157
0.92385632, 0.0, -0.38267159
0.3017526, 0.30929166
0.00219903, 0.15203284, -0.02920735
0.60771507, 0.40791041, 0.68135625
0.1602155, 0.36948591
0.00219903, 0.12197018, -0.03701844
1.0, 0.0, 0.0
0.03483135, 0.35096347
0.00219903, 0.15621817, -0.03701844
0.56614888, 0.72655416, 0.38929412
0.17389099, 0.35096347
0.00251099, 0.17737946, -0.04914268
0.38267159, 0.0, -0.92385632
0.3017526, 0.29794979
0.0060621, 0.17737946, -0.04559157
0.0, 1.0, 0.0
0.34672031, 0.30899572
0.0060621, 0.17737946, -0.04056955
0.0, 1.0, 0.0
0.34672031, 0.32502103
0.00251099, 0.17669047, -0.04914268
0.690054, 0.64461195, -0.32898954
0.30231106, 0.27091163
0.00251099, 0.15017891, -0.04914268
0.23120824, -0.33054596, -0.91500592
0.18937153, 0.27091151
0.00626595, 0.0797654, -0.02323146
0.49998474, 0.0, 0.86602372
0.1561705, 0.53153589
0.01253194, 0.0797654, -0.02684913
0.68623918, -0.60997343, 0.3961913
0.1561705, 0.50721589
-0.00626602, 0.0797654, -0.04493747
0.0, -1.0, 0.0
0.12706359, 0.41977036
0.00314805, 0.05344782, -0.04492283
0.53941464, -0.74584186, -0.39075899
0.05541208, 0.57644945
-0.00314811, 0.05344782, -0.04492283
-0.53941464, -0.74584186, -0.39075899
0.05541208, 0.57644945
-3e-08, 0.06290426, -0.04211433
0.0, -0.27396467, -0.96172976
0.08584927, 0.57005098
-3e-08, 0.06819238, -0.04805885
0.0, -0.74712366, -0.66463208
0.10608978, 0.55686814
0.00358241, 0.08476771, -0.05096894
0.39927366, 0.30854213, -0.86333811
0.36022481, 0.65035969
-0.00358248, 0.07358298, -0.05496634
-0.56025881, -0.48670918, -0.67021698
0.30365765, 0.6844826
-0.00358248, 0.08476771, -0.05096894
-0.39927366, 0.30854213, -0.86333811
0.36022487, 0.68448251
0.00358241, 0.07358298, -0.05496634
0.56025881, -0.48670918, -0.67021698
0.30365765, 0.65035972
-0.00358248, 0.07380877, -0.04708183
0.0, -0.99957275, 0.02859584
0.26609221, 0.6844826
0.00358241, 0.07380877, -0.04708183
1.0, 0.0, 0.0
0.31730765, 0.61536205
-0.00358248, 0.07380877, -0.04708183
-1.0, 0.0, 0.0
0.31730777, 0.71948028
-0.00667572, 0.07942393, -0.02059291
-1.0, -3.052e-05, 0.00012207
0.42492715, 0.52902278
0.00667381, 0.11104327, -0.02059291
1.0, 0.0, 0.0
0.5451169, 0.80570306
-0.00667381, 0.11104327, -0.02059291
0.0, 0.0, 1.0
0.5394882, 0.80357157
0.00667191, 0.07942393, -0.02059291
0.0, 0.0, 1.0
0.4305273, 0.75504275
0.00667381, 0.11104327, -0.02059291
0.0, 0.0, 1.0
0.43062794, 0.80360016
-0.00667381, 0.11104327, -0.02059291
0.0, 1.0, 0.0
0.4965753, 0.62718889
0.00667286, 0.11104327, -0.04703167
0.0, 1.0, 0.0
0.54346818, 0.53429759
-0.00667381, 0.11104327, -0.04703167
0.0, 1.0, 0.0
0.4965753, 0.53429756
0.00667286, 0.11104327, -0.04703167
0.0, 0.0, -1.0
0.54019457, 0.70610863
-0.00667286, 0.07942393, -0.04703167
0.0, 0.0, -1.0
0.42910147, 0.75299817
-0.00667381, 0.11104327, -0.04703167
0.0, 0.0, -0.99996948
0.54019457, 0.75300154
-0.00667286, 0.07942393, -0.04703167
0.0, -1.0, 0.0
0.4261862, 0.62610883
0.00667191, 0.07942393, -0.02059291
0.0, -1.0, 0.0
0.47307578, 0.53321916
-0.00667572, 0.07942393, -0.02059291
0.0, -1.0, 0.0
0.42617953, 0.53321743
-0.00667347, 0.04417688, -0.03304447
-0.58894622, -0.7930845, -0.15530869
0.16825631, 0.65766406
-3e-08, 0.07276431, 9.637e-05
0.0, -0.91976684, 0.39243752
0.37205616, 0.43124366
-0.01253201, 0.10923913, -0.0413198
0.0, 1.0, 0.0
0.30250472, 0.35760796
-3e-08, 0.10923913, -0.0196138
0.0, 1.0, 0.0
0.30250472, 0.46408129
-0.00667345, 0.06490869, -0.01825981
-1.0, -6.104e-05, 3.052e-05
0.36975265, 0.52015439
-0.00667381, 0.11104327, -0.02059291
-1.0, 0.0, 3.052e-05
0.5451169, 0.52902269
-0.00667286, 0.07942393, -0.04703167
-1.0, 0.0, 6.104e-05
0.42492712, 0.62952039
-0.0021991, 0.15621817, -0.03701844
-0.56614888, 0.72655416, 0.38929412
0.17389099, 0.35096347
-3e-08, 0.17737946, -0.04914268
0.0, 0.0, -1.0
0.3017526, 0.28963959
-0.00606216, 0.17737946, -0.04056955
0.0, 1.0, 0.0
0.30803224, 0.32502103
-0.00251105, 0.17737946, -0.03701844
0.0, 1.0, 0.0
0.3193638, 0.33635259
-0.00251106, 0.17737946, -0.04914268
0.0, 1.0, 0.0
0.3193638, 0.2976644
-3e-08, 0.10619026, -0.01228138
0.0, 0.61763358, 0.78643149
0.54867703, 0.85824244
-3e-08, 0.07276431, 9.637e-05
0.0, -0.91976684, 0.39243752
0.37205613, 0.90348217
-3e-08, 0.07718115, 0.00748522
0.0, -0.45100254, 0.89251381
0.40377864, 0.9371971
-3e-08, 0.10923913, -0.04855513
0.0, 1.0, 0.0
0.30250472, 0.35760796
-3e-08, 0.09357543, -0.01386391
0.0, -0.20752586, 0.97820979
0.47094089, 0.85002176
0.00314805, 0.07320055, -0.0460947
0.65514082, 0.27582628, -0.70332956
0.12998196, 0.5720256
0.00667339, 0.06490869, -0.01825981
1.0, 3.052e-05, 0.0
0.36975265, 0.81457135
0.00667286, 0.11104327, -0.04703167
1.0, 0.0, 6.104e-05
0.5451169, 0.70520544
0.00667191, 0.07942393, -0.02059291
1.0, 3.052e-05, -6.104e-05
0.42492715, 0.80570295
0.00219903, 0.12197018, -0.02920735
0.70708334, 0.0, 0.70708334
0.03483135, 0.36948597
0.00251099, 0.17737946, -0.03701844
0.0, 1.0, 0.0
0.33538887, 0.33635259
0.00251099, 0.17737946, -0.04914268
0.0, 1.0, 0.0
0.33538887, 0.2976644
0.00358241, 0.07380877, -0.04708183
0.0, -0.99957275, 0.02862636
0.26609221, 0.65035975
-0.00667572, 0.07942393, -0.02059291
0.0, 0.0, 1.0
0.53958809, 0.75498888
0.00667381, 0.11104327, -0.02059291
0.0, 1.0, 0.0
0.54347152, 0.62718889
0.00667286, 0.07942393, -0.04703167
0.0, 0.0, -1.0
0.42910147, 0.70610863
0.00667286, 0.07942393, -0.04703167
0.0, -1.0, 0.0
0.47307578, 0.62611049
# Number of Faces:
314
# Face Data:
0, 1, 2
3, 4, 5
6, 7, 8
9, 10, 3
11, 12, 13
2, 14, 15
16, 17, 0
18, 19, 5
8, 20, 11
21, 4, 22
19, 23, 24
15, 25, 26
27, 28, 29
19, 30, 31
26, 32, 33
34, 28, 35
34, 36, 37
33, 38, 39
37, 40, 16
39, 41, 6
31, 42, 43
43, 44, 9
45, 34, 37
46, 47, 48
49, 50, 47
51, 52, 53
54, 48, 55
45, 56, 57
58, 59, 60
61, 62, 63
64, 65, 66
57, 59, 67
61, 60, 68
63, 69, 64
66, 70, 45
71, 72, 73
74, 75, 76
77, 76, 78
79, 71, 80
81, 82, 79
83, 6, 8
84, 85, 86
87, 88, 85
89, 90, 88
91, 92, 90
93, 94, 95
94, 96, 95
94, 97, 98
99, 100, 92
101, 102, 103
104, 105, 106
105, 107, 106
108, 104, 109
110, 111, 50
112, 110, 49
113, 114, 115
4, 116, 117
7, 118, 119
10, 120, 116
121, 122, 123
124, 115, 125
114, 126, 127
128, 129, 117
130, 119, 122
131, 4, 117
128, 23, 132
133, 125, 134
135, 136, 137
30, 128, 138
139, 134, 140
141, 135, 137
142, 141, 143
144, 140, 145
126, 143, 127
41, 145, 118
42, 138, 146
120, 42, 146
127, 143, 147
148, 149, 150
151, 152, 148
153, 154, 155
150, 54, 55
156, 157, 158
159, 160, 161
162, 163, 164
165, 147, 166
160, 158, 161
163, 167, 159
168, 164, 147
169, 166, 157
72, 170, 73
75, 171, 76
76, 172, 78
170, 173, 174
173, 175, 171
119, 176, 122
177, 84, 178
179, 180, 177
181, 182, 179
183, 184, 181
185, 93, 95
96, 185, 95
185, 186, 187
100, 188, 183
189, 101, 190
191, 104, 106
191, 106, 107
192, 109, 104
151, 193, 194
152, 112, 195
174, 171, 196
75, 174, 196
74, 80, 197
197, 198, 75
199, 174, 198
80, 199, 198
200, 201, 202
203, 204, 201
203, 200, 205
202, 201, 206
67, 58, 207
208, 114, 163
209, 210, 211
212, 213, 214
215, 216, 217
218, 219, 220
0, 17, 1
3, 10, 4
6, 41, 7
9, 44, 10
11, 20, 12
2, 1, 14
16, 40, 17
43, 9, 31
5, 21, 18
9, 3, 31
19, 3, 5
18, 221, 19
3, 19, 31
8, 7, 20
21, 5, 4
19, 221, 23
15, 14, 25
27, 222, 28
19, 24, 30
26, 25, 32
34, 29, 28
34, 35, 36
33, 32, 38
37, 36, 40
39, 38, 41
31, 30, 42
43, 42, 44
16, 0, 63
16, 63, 64
57, 29, 45
45, 29, 34
37, 16, 64
66, 45, 37
37, 64, 66
46, 49, 47
49, 110, 50
53, 223, 51
51, 224, 52
54, 46, 48
45, 70, 56
58, 67, 59
61, 68, 62
64, 69, 65
57, 56, 59
61, 58, 60
63, 62, 69
66, 65, 70
71, 82, 72
74, 197, 75
77, 74, 76
79, 82, 71
79, 74, 81
77, 81, 74
11, 13, 225
225, 207, 11
83, 226, 26
11, 207, 227
226, 15, 26
8, 11, 227
83, 26, 39
8, 227, 83
39, 6, 83
26, 33, 39
84, 87, 85
87, 89, 88
89, 91, 90
91, 99, 92
93, 228, 94
94, 98, 96
94, 228, 97
99, 229, 100
103, 230, 101
231, 101, 230
102, 232, 103
104, 108, 105
110, 193, 111
49, 46, 195
195, 112, 49
113, 233, 114
4, 10, 116
7, 41, 118
10, 44, 120
121, 130, 122
124, 113, 115
114, 233, 126
116, 120, 138
146, 138, 120
128, 132, 129
129, 131, 117
117, 116, 128
138, 128, 116
130, 7, 119
131, 22, 4
128, 24, 23
133, 124, 125
135, 234, 136
30, 24, 128
139, 133, 134
141, 235, 135
142, 235, 141
144, 139, 140
126, 142, 143
41, 144, 145
42, 30, 138
120, 44, 42
164, 114, 127
141, 137, 157
137, 158, 157
147, 164, 127
141, 157, 143
166, 147, 143
143, 157, 166
148, 152, 149
151, 194, 152
155, 236, 53
53, 153, 155
150, 149, 54
156, 169, 157
159, 167, 160
162, 237, 163
165, 168, 147
160, 156, 158
163, 237, 167
168, 162, 164
169, 165, 166
72, 238, 170
75, 196, 171
76, 171, 172
170, 238, 173
172, 171, 175
173, 238, 175
239, 123, 122
119, 118, 240
145, 140, 240
176, 241, 122
145, 240, 118
239, 122, 241
119, 240, 176
177, 180, 84
179, 182, 180
181, 184, 182
183, 188, 184
185, 187, 93
96, 242, 185
185, 242, 186
100, 229, 188
243, 190, 101
189, 244, 102
102, 101, 189
191, 192, 104
151, 111, 193
195, 149, 152
152, 194, 112
174, 173, 171
75, 198, 174
74, 79, 80
197, 80, 198
199, 170, 174
80, 71, 199
200, 203, 201
203, 245, 204
2, 15, 226
226, 207, 61
27, 29, 57
2, 226, 0
61, 63, 0
0, 226, 61
225, 27, 57
225, 57, 67
61, 207, 58
225, 67, 207
136, 239, 158
208, 240, 134
158, 137, 136
161, 158, 239
240, 140, 134
125, 115, 208
208, 134, 125
161, 239, 241
159, 161, 241
208, 115, 114
159, 241, 163
114, 164, 163
163, 241, 208
209, 246, 210
212, 247, 213
215, 248, 216
218, 249, 219
