# Project Zomboid Skinned Mesh
# File Version:
1.0
# Model Name:
Cube
# Vertex Stride Element Count:
3
# Vertex Stride Size (in bytes):
76
# Vertex Stride Data:
# (Int)    Offset
# (String) Type
0
VertexArray
12
NormalArray
24
TextureCoordArray
# Vertex Count:
397
# Vertex Buffer:
0.0, 0.14592388, 0.01487739
0.0, 0.70708334, 0.70708334
0.43430451, 0.83965993
0.01761217, 0.06193054, 0.01487739
0.65858942, -0.17386395, 0.73210853
0.30653858, 0.82389659
0.01761217, 0.14592388, 0.01487739
0.57731867, 0.57734919, 0.57734919
0.43455625, 0.82389659
0.01761217, 0.03300123, 0.01120138
0.59184545, -0.49336222, 0.63737905
0.26244622, 0.81829381
0.01761217, 0.03097004, -0.05069616
0.86809897, -0.39890742, -0.2953276
0.25935054, 0.72395337
0.01761217, 0.05462775, 0.01120138
0.76299328, -0.14935759, 0.62889493
0.29540816, 0.81829381
0.0, 0.03300123, 0.01120138
0.0, -0.61210972, 0.79076511
0.26244622, 0.83431315
0.0, 0.05462775, 0.01120138
0.0, -0.23105563, 0.97293007
0.29540816, 0.83431315
0.01761217, 0.0180006, -0.04673734
0.57963806, -0.71092868, -0.39820552
0.23958324, 0.72998714
0.0, 0.03097004, -0.05069616
0.0, -0.80370492, -0.59498888
0.25935054, 0.69467831
0.01761217, 0.03097004, -0.05422699
0.57734919, -0.57734919, -0.57734919
0.25935054, 0.71857178
0.0, 0.22130135, -0.05422699
0.0, 0.70708334, -0.70708334
0.54944199, 0.68948126
0.01761217, 0.22130135, -0.05422699
0.57734919, 0.57734919, -0.57734919
0.54944199, 0.71857184
0.0, 0.03097004, -0.05422699
0.0, -0.70708334, -0.70708334
0.25935054, 0.68948126
0.0, 0.14592388, -2.166e-05
0.0, 0.70708334, 0.70708334
0.43372762, 0.17321599
0.01761217, 0.14592388, 0.01487739
0.57731867, 0.57734919, 0.57734919
0.43455625, 0.17610919
0.01761228, 0.14592388, -2.166e-05
0.90450758, 0.30149236, 0.30149236
0.43455625, 0.19881749
0.0, 0.06193054, 0.01487739
0.0, -0.23105563, 0.97293007
0.30653858, 0.83965993
0.01761217, 0.22130135, -2.164e-05
0.57734919, 0.57734919, 0.57734919
0.54944199, 0.80118835
0.0, 0.14592388, -2.166e-05
0.0, 0.70708334, 0.70708334
0.43372762, 0.82678986
0.01761228, 0.14592388, -2.166e-05
0.90450758, 0.30149236, 0.30149236
0.43455625, 0.80118835
0.01761217, 0.3405329, -0.00820629
1.0, 0.0, 0.0
0.73116761, 0.78871381
0.01761217, 0.35772216, -0.03317109
0.57734919, 0.57734919, -0.57734919
0.75736654, 0.750664
0.01761217, 0.35772216, 0.00023926
0.57734919, 0.57734919, 0.57734919
0.75736654, 0.80158603
0.02062424, 0.30776879, 0.02196714
0.57734919, 0.57734919, 0.57734919
0.6812306, 0.9792335
0.02062424, 0.20977372, 0.02196714
0.57734919, -0.57734919, 0.57734919
0.53187227, 0.9792335
0.02062421, 0.21811414, -0.02028929
0.90450758, -0.30149236, -0.30149236
0.54458427, 0.91482884
0.01761217, 0.34276095, -0.04393362
0.69466233, 0.61430711, -0.37415692
0.73456347, 0.85613537
0.01761217, 0.22130135, -0.03317109
0.99996948, 0.0, 0.0
0.54944199, 0.87253898
0.01761217, 0.22130135, -0.04393362
0.88039798, 0.0, -0.4741661
0.54944199, 0.85613537
0.02062424, 0.3405329, -0.03317109
0.57734919, 0.57734919, -0.57734919
0.73116761, 0.89519525
0.0, 0.3405329, -0.00820629
0.0, 0.70708334, 0.70708334
0.73116761, 0.94495285
0.02062424, 0.3405329, -0.00820629
0.57734919, 0.57734919, 0.57734919
0.73116761, 0.93324506
0.0036612, 0.57171971, -0.02210562
0.29709768, 0.63026828, 0.717246
0.89567059, 0.4969936
0.0, 0.52846837, -0.02210562
0.0, -0.70708334, 0.70708334
0.82974941, 0.50584987
0.0036612, 0.52846837, -0.02210562
0.29709768, -0.63023776, 0.71727651
0.82974941, 0.4969936
0.00718235, 0.52846837, -0.03391958
0.54911953, -0.80416274, -0.22742394
0.82974941, 0.47994959
0.00297503, 0.34276095, -0.03812689
0.38267159, 0.0, -0.92385632
0.59018952, 0.47197998
0.00297503, 0.52846837, -0.03812689
0.22745445, -0.80416274, -0.54911953
0.82974941, 0.47197998
0.0, 0.20977372, -0.02028929
0.0, -0.70708334, -0.70708334
0.53187227, 0.90504134
0.02062424, 0.20977372, -0.02028929
0.57734919, -0.57734919, -0.57734919
0.53187227, 0.91482884
0.00883893, 0.57171971, -0.02728334
0.71727651, 0.63023776, 0.29709768
0.89567059, 0.4890182
0.00883893, 0.52846837, -0.02728334
0.71727651, -0.63023776, 0.29709768
0.82974941, 0.4890182
0.00718235, 0.52846837, -0.02796952
0.54911953, -0.80416274, 0.22745445
0.82974941, 0.4890182
0.00718235, 0.34276095, -0.03391958
0.92385632, 0.0, -0.38267159
0.59027785, 0.47994959
0.0, 0.21811414, -0.03317109
0.0, -0.70708334, -0.70708334
0.54458427, 0.8856644
0.02062424, 0.21811414, -0.03317109
0.57734919, -0.57734919, -0.57734919
0.54458427, 0.89519525
0.0036612, 0.57171971, -0.03978347
0.29709768, 0.63023776, -0.71727651
0.89567059, 0.47197998
0.00883893, 0.52846837, -0.03460576
0.71727651, -0.63023776, -0.29709768
0.82974941, 0.47994959
0.0036612, 0.52846837, -0.03978347
0.29709768, -0.63023776, -0.71727651
0.82974941, 0.47197998
0.00297502, 0.52846837, -0.02376219
0.22745445, -0.80416274, 0.54911953
0.82974941, 0.4969936
0.00718235, 0.34276095, -0.02796952
0.92385632, 0.0, 0.38267159
0.59027785, 0.4890182
0.02062421, 0.30776879, -0.00820628
0.90450758, 0.30149236, 0.30149236
0.6812306, 0.93324506
0.0, 0.30776879, -0.00820628
0.0, 0.70708334, 0.70708334
0.69304234, 0.94495285
0.0, 0.52846837, -0.02376219
0.0, -0.70708334, 0.70708334
0.82974941, 0.50584987
0.00297502, 0.34276095, -0.02376219
0.38267159, 0.0, 0.92385632
0.5901472, 0.4969936
0.0, 0.3405329, -0.03317109
0.0, 0.70708334, -0.70708334
0.73116761, 0.8856644
0.00883893, 0.57171971, -0.03460576
0.71727651, 0.63023776, -0.29709768
0.89567059, 0.47994959
0.0, 0.52846837, -0.03978347
0.0, -0.70708334, -0.70708334
0.82974941, 0.46397543
0.0, 0.52846837, -0.03812689
0.0, -0.70708334, -0.70708334
0.82974941, 0.46397543
0.0, 0.20977372, 0.02196714
0.0, -0.70708334, 0.70708334
0.53187227, 0.99053049
0.0, 0.57171971, -0.03978347
0.0, 0.70708334, -0.70708334
0.89567059, 0.46397543
0.0, 0.34276095, -0.03812689
0.0, 0.0, -0.99996948
0.59012312, 0.46397543
0.0, 0.57171971, -0.02210562
0.0, 0.70708334, 0.70708334
0.92577243, 0.49981129
0.00883893, 0.57171971, -0.02728334
0.71727651, 0.63023776, 0.29709768
0.91230041, 0.49191964
0.00883893, 0.57171971, -0.03460576
0.71727651, 0.63023776, -0.29709768
0.91230041, 0.48075914
0.0, 0.30776879, 0.02196714
0.0, 0.70708334, 0.70708334
0.69304234, 0.9792335
0.0, 0.21811414, -0.02028929
0.0, -0.70708334, -0.70708334
0.54458427, 0.90504134
0.00571678, 0.34276095, -0.05177299
0.21881771, 0.6477859, -0.72969759
0.73456347, 0.84418702
0.00571678, 0.22130135, -0.05177299
0.28724021, 0.0, -0.95785391
0.54944199, 0.84418702
0.0, 0.22130135, -0.05177299
0.0, 0.0, -1.0
0.54949731, 0.83434236
0.0, 0.34276095, -0.03317109
0.0, 1.0, 0.0
0.74118525, 0.8589558
0.0, 0.3405329, -0.03317109
0.0, 0.0, -1.0
0.75296271, 0.750664
0.01761217, 0.3405329, -0.03317109
0.70708334, 0.0, -0.70708334
0.73116761, 0.750664
0.0, 0.35772216, -0.03317109
0.0, 0.70708334, -0.70708334
0.76917827, 0.750664
0.0, 0.35772216, 0.00023926
0.0, 0.70708334, 0.70708334
0.76917827, 0.80158603
0.01761217, 0.30776879, 0.00023926
0.70708334, 0.0, 0.70708334
0.6812306, 0.80158603
0.0036612, 0.42134386, -0.00125608
0.29709768, 0.63026828, 0.717246
0.71004897, 0.55834892
0.0, 0.35772216, -0.00125608
0.0, 0.0, 1.0
0.61349589, 0.56422713
0.0036612, 0.35772216, -0.00125608
0.38267159, 0.0, 0.92385632
0.61322719, 0.55834892
0.00883893, 0.42134386, -0.00643381
0.71727651, 0.63023776, 0.29709768
0.71004897, 0.54835531
0.00883893, 0.35772216, -0.00643381
0.92385632, 0.0, 0.38267159
0.6130808, 0.54835531
0.0036612, 0.42134386, -0.01893394
0.29709768, 0.63023776, -0.71727651
0.71004897, 0.52669713
0.00883893, 0.35772216, -0.01375622
0.92385632, 0.0, -0.38267159
0.6130808, 0.537195
0.0036612, 0.35772216, -0.01893394
0.38267159, 0.0, -0.92385632
0.61337346, 0.52669713
0.0, 0.21699953, 0.00622592
0.0, -0.70708334, -0.70708334
0.61837155, 0.58928561
0.00883893, 0.21699953, 0.01803492
0.57734919, -0.57734919, 0.57734919
0.64415437, 0.62133563
0.0, 0.21699953, 0.01803492
0.0, -0.70708334, 0.70708334
0.62532157, 0.63491094
0.00883893, 0.42134386, -0.01375622
0.71727651, 0.63023776, -0.29709768
0.71004897, 0.53719494
0.0, 0.42134386, -0.01893394
0.0, 0.70708334, -0.70708334
0.71004897, 0.52096269
0.0, 0.35772216, -0.01893394
0.0, 0.0, -1.0
0.61363822, 0.52096269
0.0, 0.42134386, -0.00125608
0.0, 0.70708334, 0.70708334
0.71004897, 0.56422713
0.0, 0.14429352, 0.01487739
0.0, 1.0, 0.0
0.46876109, 0.86529094
0.00576452, 0.14429352, 0.03977951
0.57734919, 0.57734919, 0.57734919
0.4562901, 0.90220773
0.00576452, 0.14429352, 0.01487739
0.70708334, 0.70708334, 0.0
0.4562901, 0.8642534
0.01074094, 0.08661979, 0.08640292
0.58006531, 0.38010803, 0.72041994
0.34416848, 0.97326839
0.01074094, 0.04685406, 0.07520673
0.56523329, -0.76454967, 0.30976287
0.28355995, 0.95620382
0.01074094, 0.07658182, 0.02405178
0.87478256, -0.47993407, 0.06622516
0.32886925, 0.87823653
0.0, 0.14126611, 0.03578395
0.0, -0.70708334, -0.70708334
0.44553721, 0.89031094
0.00576452, 0.14126617, 0.01487739
0.70708334, -0.70708334, 0.0
0.45167592, 0.8642534
0.00576453, 0.14126611, 0.03578395
0.90450758, -0.30149236, -0.30149236
0.45167592, 0.89611799
0.0, 0.10369648, 0.03578393
0.0, 0.0, -1.0
0.39451829, 0.8899256
0.00576452, 0.10369648, 0.03578393
0.77007353, 0.0, -0.63792843
0.39441457, 0.89611793
0.00576452, 0.1023486, 0.03977951
0.62126529, 0.0, 0.78356272
0.39236012, 0.90220773
0.0, 0.14429352, 0.03977951
0.0, 0.70708334, 0.70708334
0.46189633, 0.90860432
0.0, 0.08661979, 0.08640292
0.0, 0.46662802, 0.88442641
0.35561422, 0.98443389
0.0, 0.04685406, 0.07520673
0.0, -0.92678607, 0.37549973
0.26844677, 0.95998991
0.0, 0.11074948, 0.01487739
0.0, 0.94750816, 0.31965086
0.39588436, 0.86946476
0.01074103, 0.11074948, 0.01487739
0.62126529, 0.74245429, 0.25046539
0.38094553, 0.8642534
0.0, 0.06712306, 0.01487739
0.0, -0.69621873, 0.71779537
0.30611351, 0.86772394
0.01074103, 0.06712306, 0.01487739
0.44019899, -0.62511063, 0.6445204
0.31445271, 0.8642534
0.00883894, 0.40466124, -0.04287612
0.72041994, 0.69167149, -0.05053865
0.68462259, 0.41324538
0.00883893, 0.38685256, -0.01375622
0.70708334, -0.70708334, 0.0
0.65747958, 0.45762813
0.00883894, 0.38685256, -0.04287612
0.69154942, -0.71065402, -0.12921537
0.65747958, 0.41324538
0.0, 0.40466124, -0.04287612
0.0, 1.0, 0.0
0.69875056, 0.41178226
0.00883893, 0.40466124, -0.01375622
0.70708334, 0.70708334, 0.0
0.68462259, 0.45762813
0.0, 0.38685256, -0.01375622
0.0, -1.0, 0.0
0.64240974, 0.45806962
0.00445599, 0.40466124, -0.07395318
0.53187656, 0.58507037, -0.61217076
0.68462259, 0.36587954
0.0, 0.39475578, -0.07395318
0.0, -0.61378825, -0.78942227
0.66566807, 0.36240846
0.00445599, 0.39475578, -0.07395318
0.54222238, -0.49833673, -0.67647326
0.66952533, 0.36587954
0.0, 0.38685256, -0.04287612
0.0, -0.9922483, -0.12417982
0.64240974, 0.40987486
0.01371957, 0.07384305, -0.06706365
0.59129614, 0.6354869, -0.4964751
0.32469496, 0.6652289
0.01371956, 0.03516807, -0.05422699
0.70708334, -0.70708334, 0.0
0.26574883, 0.68479377
0.01371957, 0.03516807, -0.07670826
0.56556904, -0.50770593, -0.64986116
0.26574883, 0.65052915
0.0, 0.07384305, -0.06706365
0.0, 0.78801841, -0.61561936
0.32469496, 0.64751828
0.01371956, 0.07384305, -0.05422699
0.70708334, 0.70708334, 0.0
0.32469496, 0.68479377
0.0, 0.03516807, -0.07670826
0.0, -0.61561936, -0.78801841
0.26574883, 0.62855434
0.01371966, -0.04848717, 0.01822605
0.90758997, 0.36036256, 0.2153386
0.14612098, 0.93530619
0.01371965, -0.12880744, 0.04577108
0.57390058, -0.5593127, 0.59816277
0.02370156, 0.97728872
0.01371965, -0.05485266, -0.01815346
0.83657336, 0.17102572, -0.52043211
0.13641913, 0.87985873
0.0, -0.05485266, -0.01815346
0.0, 0.31217384, -0.95001066
0.13641913, 0.85933
0.01371965, 0.00023749, -0.02922546
0.77745903, -0.29502243, -0.55540633
0.22038418, 0.86298341
0.0, -0.12880744, 0.04577108
0.0, -0.68297374, 0.73039949
0.02188594, 0.99999428
0.01371965, -0.12880744, -0.03895515
0.57390058, -0.55928218, -0.59816277
0.02370156, 0.84815407
0.01371961, -0.00292072, 0.0073838
0.74715418, 0.04239021, 0.66325879
0.2155707, 0.91878116
0.0, -0.04848717, 0.01822605
0.0, 0.85839409, 0.51295513
0.15263362, 0.94627631
0.0, 0.00023749, -0.02922546
0.0, -0.46913052, -0.8831141
0.22038418, 0.84561217
0.01371957, 0.0180006, -0.04673734
0.55418563, -0.58436841, -0.59273046
0.24745776, 0.83629298
0.0, -0.12880744, -0.03895515
0.0, -0.68297374, -0.73043001
0.02370156, 0.82512343
0.01371966, -0.07016826, -0.03501224
0.63185525, 0.33729056, -0.69783622
0.11307596, 0.85416359
0.01371965, -0.04270038, 0.0399843
0.56785792, 0.66899627, 0.47950682
0.15494092, 0.9684689
0.01371956, 0.03300123, 0.01120138
0.61073643, -0.08365124, 0.78737754
0.27032074, 0.92459965
0.0, -0.00292072, 0.0073838
0.0, 0.0638142, 0.99795526
0.2155707, 0.93534899
0.0, -0.07016826, -0.03501224
0.0, 0.43516344, -0.90032655
0.11307596, 0.83626872
0.0, -0.04270038, 0.0399843
0.0, 0.81276894, 0.58253729
0.16073875, 0.98699522
0.00883894, 0.37966239, -0.00643381
0.70708334, 0.70708334, 0.0
0.91379225, 0.55817938
0.00883893, 0.36185366, 0.01844245
0.57734919, -0.57734919, 0.57734919
0.88664925, 0.59609437
0.00883894, 0.36185366, -0.00643381
0.70708334, -0.70708334, 0.0
0.88664925, 0.55817938
0.0, 0.37966239, -0.00643381
0.0, 1.0, 0.0
0.92462742, 0.55987287
0.00883893, 0.37966239, 0.01844245
0.57734919, 0.57734919, 0.57734919
0.91379225, 0.59609437
0.0, 0.36185366, -0.00643381
0.0, -1.0, 0.0
0.87393749, 0.56040406
0.00883894, 0.36185366, 0.01803492
0.70708334, 0.0, 0.70708334
0.86493242, 0.62133563
0.00883893, 0.21699953, 0.00622592
0.57734919, -0.57734919, -0.57734919
0.64415437, 0.60333705
0.00883894, 0.36185366, 0.00622593
0.70708334, 0.0, -0.70708334
0.8649323, 0.60333705
0.0, 0.36185366, 0.01803492
0.0, 0.0, 1.0
0.86482668, 0.63974226
0.0, 0.36185366, 0.01844245
0.0, -0.70708334, 0.70708334
0.87393749, 0.60015905
0.05383356, 0.19306836, 0.04459446
0.71947384, 0.6324656, -0.286874
0.37362465, 0.49979573
0.05383356, 0.14798045, 0.104495
0.57734919, -0.57734919, 0.57734919
0.29040131, 0.61058494
0.05383356, 0.14798045, 0.04459446
0.71947384, -0.6324656, -0.286874
0.29029331, 0.49987698
0.0183325, 0.19306836, 0.104495
0.0, 0.70708334, 0.70708334
0.43934557, 0.61043957
0.05383356, 0.19306836, 0.104495
0.57734919, 0.57734919, 0.57734919
0.37373266, 0.61050361
0.0183325, 0.14798045, 0.104495
0.0, -0.70708334, 0.70708334
0.22478852, 0.61064899
0.0183325, 0.14798045, 0.00715613
0.30729088, -0.62807095, -0.71486557
0.22461292, 0.43074775
0.05383356, 0.19306836, 0.104495
0.57734919, 0.57734919, 0.57734919
0.20644403, 0.70690566
0.0183325, 0.14798045, 0.104495
0.0, -0.70708334, 0.70708334
0.14026108, 0.62301904
0.05383356, 0.14798045, 0.104495
0.57734919, -0.57734919, 0.57734919
0.20636207, 0.62295446
0.0183325, 0.19306836, 0.00715613
0.30729088, 0.62807095, -0.71486557
0.37353155, 0.40443957
-0.01761217, 0.06193054, 0.01487739
-0.65858942, -0.17386395, 0.73210853
0.30653858, 0.17610919
0.0, 0.14592388, 0.01487739
0.0, 0.70708334, 0.70708334
0.43430451, 0.16034591
-0.01761217, 0.14592388, 0.01487739
-0.57731867, 0.57734919, 0.57734919
0.43455625, 0.17610919
-0.01761217, 0.03097004, -0.05069616
-0.86809897, -0.39890742, -0.2953276
0.25935054, 0.27605247
-0.01761217, 0.03300123, 0.01120138
-0.59184545, -0.49336222, 0.63737905
0.26244622, 0.18171203
-0.01761217, 0.05462775, 0.01120138
-0.76299328, -0.14935759, 0.62889493
0.29540816, 0.18171203
0.0, 0.03300123, 0.01120138
0.0, -0.61210972, 0.79076511
0.26244622, 0.16569269
0.0, 0.05462775, 0.01120138
0.0, -0.23105563, 0.97293007
0.29540816, 0.16569269
0.0, 0.03097004, -0.05069616
0.0, -0.80370492, -0.59498888
0.25935054, 0.30532753
-0.01761217, 0.0180006, -0.04673734
-0.57963806, -0.71092868, -0.39820552
0.23958324, 0.2700187
0.0, 0.22130135, -0.05422699
0.0, 0.70708334, -0.70708334
0.54944199, 0.31052458
-0.01761217, 0.03097004, -0.05422699
-0.57734919, -0.57734919, -0.57734919
0.25935054, 0.28143406
-0.01761217, 0.22130135, -0.05422699
-0.57734919, 0.57734919, -0.57734919
0.54944199, 0.28143394
-0.01761217, 0.03097004, -0.05069616
-0.86809897, -0.39890742, -0.2953276
0.25935054, 0.72395337
-0.01761217, 0.03097004, -0.05422699
-0.57734919, -0.57734919, -0.57734919
0.25935054, 0.71857178
-0.01761217, 0.14592388, 0.01487739
-0.57731867, 0.57734919, 0.57734919
0.43455625, 0.82389659
-0.01761228, 0.14592388, -2.166e-05
-0.90450758, 0.30149236, 0.30149236
0.43455625, 0.80118835
0.0, 0.06193054, 0.01487739
0.0, -0.23105563, 0.97293007
0.30653858, 0.16034591
-0.01761217, 0.22130135, -2.164e-05
-0.57734919, 0.57734919, 0.57734919
0.54944199, 0.19881749
0.0, 0.22130135, -2.164e-05
0.0, 0.70708334, 0.70708334
0.54944199, 0.17321599
-0.01761217, 0.22130135, -2.164e-05
-0.57734919, 0.57734919, 0.57734919
0.54944199, 0.80118835
-0.01761217, 0.22130135, -0.05422699
-0.57734919, 0.57734919, -0.57734919
0.54944199, 0.71857184
-0.01761228, 0.14592388, -2.166e-05
-0.90450758, 0.30149236, 0.30149236
0.43455625, 0.19881749
-0.01761217, 0.35772216, -0.03317109
-0.57734919, 0.57734919, -0.57734919
0.75736654, 0.24934185
-0.01761217, 0.3405329, -0.03317109
-0.70708334, 0.0, -0.70708334
0.73116761, 0.24934185
-0.01761217, 0.3405329, -0.00820629
-1.0, 0.0, 0.0
0.73116761, 0.21129203
-0.02062424, 0.30776879, 0.02196714
-0.57734919, 0.57734919, 0.57734919
0.6812306, 0.02077234
-0.02062421, 0.30776879, -0.00820628
-0.90450758, 0.30149236, 0.30149236
0.6812306, 0.06676078
-0.02062421, 0.21811414, -0.02028929
-0.90450758, -0.30149236, -0.30149236
0.54458427, 0.08517694
-0.01761217, 0.22130135, -0.03317109
-0.99996948, 0.0, 0.0
0.54944199, 0.1274668
-0.01761217, 0.34276095, -0.04393362
-0.69466233, 0.61430711, -0.37415692
0.73456347, 0.14387047
-0.01761217, 0.22130135, -0.04393362
-0.88039798, 0.0, -0.4741661
0.54944199, 0.14387047
-0.02062424, 0.3405329, -0.03317109
-0.57734919, 0.57734919, -0.57734919
0.73116761, 0.89519525
-0.02062424, 0.3405329, -0.00820629
-0.57734919, 0.57734919, 0.57734919
0.73116761, 0.93324506
-0.0036612, 0.57171971, -0.02210562
-0.29709768, 0.63026828, 0.717246
0.89567059, 0.4969936
-0.0036612, 0.52846837, -0.02210562
-0.29709768, -0.63023776, 0.71727651
0.82974941, 0.4969936
-0.00297503, 0.34276095, -0.03812689
-0.38267159, 0.0, -0.92385632
0.59018952, 0.47197998
-0.00718235, 0.52846837, -0.03391958
-0.54911953, -0.80416274, -0.22742394
0.82974941, 0.47994959
-0.00297503, 0.52846837, -0.03812689
-0.22745445, -0.80416274, -0.54911953
0.82974941, 0.47197998
-0.02062424, 0.20977372, 0.02196714
-0.57734919, -0.57734919, 0.57734919
0.53187227, 0.9792335
-0.02062424, 0.20977372, -0.02028929
-0.57734919, -0.57734919, -0.57734919
0.53187227, 0.91482884
-0.00883893, 0.57171971, -0.02728334
-0.71727651, 0.63023776, 0.29709768
0.89567059, 0.4890182
-0.00883893, 0.52846837, -0.02728334
-0.71727651, -0.63023776, 0.29709768
0.82974941, 0.4890182
-0.00718235, 0.34276095, -0.03391958
-0.92385632, 0.0, -0.38267159
0.59027785, 0.47994959
-0.00718235, 0.52846837, -0.02796952
-0.54911953, -0.80416274, 0.22742394
0.82974941, 0.4890182
-0.02062421, 0.21811414, -0.02028929
-0.90450758, -0.30149236, -0.30149236
0.54458427, 0.91482884
-0.02062424, 0.21811414, -0.03317109
-0.57734919, -0.57734919, -0.57734919
0.54458427, 0.89519525
-0.00883893, 0.52846837, -0.03460576
-0.71727651, -0.63023776, -0.29709768
0.82974941, 0.47994959
-0.0036612, 0.57171971, -0.03978347
-0.29709768, 0.63023776, -0.71727651
0.89567059, 0.47197998
-0.0036612, 0.52846837, -0.03978347
-0.29709768, -0.63023776, -0.71727651
0.82974941, 0.47197998
-0.00718235, 0.34276095, -0.02796952
-0.92385632, 0.0, 0.38267159
0.59027785, 0.4890182
-0.00297502, 0.52846837, -0.02376219
-0.22745445, -0.80416274, 0.54911953
0.82974941, 0.4969936
0.0, 0.3405329, -0.00820629
0.0, 0.70708334, 0.70708334
0.73116761, 0.055053
-0.02062424, 0.3405329, -0.00820629
-0.57734919, 0.57734919, 0.57734919
0.73116761, 0.06676078
-0.00297502, 0.34276095, -0.02376219
-0.38267159, 0.0, 0.92385632
0.5901472, 0.4969936
0.0, 0.3405329, -0.03317109
0.0, 0.70708334, -0.70708334
0.73116761, 0.11434138
-0.02062424, 0.21811414, -0.03317109
-0.57734919, -0.57734919, -0.57734919
0.54458427, 0.1048106
-0.02062424, 0.3405329, -0.03317109
-0.57734919, 0.57734919, -0.57734919
0.73116761, 0.1048106
-0.00883893, 0.57171971, -0.03460576
-0.71727651, 0.63023776, -0.29709768
0.89567059, 0.47994959
0.0, 0.20977372, 0.02196714
0.0, -0.70708334, 0.70708334
0.53187227, 0.00947535
-0.02062424, 0.20977372, 0.02196714
-0.57734919, -0.57734919, 0.57734919
0.53187227, 0.02077234
-0.00883893, 0.57171971, -0.03460576
-0.71727651, 0.63023776, -0.29709768
0.91230041, 0.48075914
0.0, 0.57171971, -0.03978347
0.0, 0.70708334, -0.70708334
0.92577243, 0.47286749
0.0, 0.30776879, 0.02196714
0.0, 0.70708334, 0.70708334
0.69304234, 0.02077234
0.0, 0.20977372, -0.02028929
0.0, -0.70708334, -0.70708334
0.53187227, 0.0949645
-0.02062424, 0.20977372, -0.02028929
-0.57734919, -0.57734919, -0.57734919
0.53187227, 0.08517694
-0.00571678, 0.34276095, -0.05177299
-0.21881771, 0.6477859, -0.72969759
0.73456347, 0.15581882
-0.00571678, 0.22130135, -0.05177299
-0.28724021, 0.0, -0.95785391
0.54944199, 0.15581882
0.0, 0.22130135, -0.05177299
0.0, 0.0, -1.0
0.54949731, 0.16566348
0.0, 0.34276095, -0.03317109
0.0, 1.0, 0.0
0.74118525, 0.14104998
0.0, 0.34276095, -0.05177299
0.0, 0.70708334, -0.70708334
0.74118525, 0.16319656
0.0, 0.3405329, -0.03317109
0.0, 0.0, -1.0
0.75296271, 0.24934185
-0.01761217, 0.35772216, 0.00023926
-0.57734919, 0.57734919, 0.57734919
0.75736654, 0.19841981
0.0, 0.35772216, -0.03317109
0.0, 0.70708334, -0.70708334
0.76917827, 0.24934185
-0.01761217, 0.30776879, 0.00023926
-0.70708334, 0.0, 0.70708334
0.6812306, 0.19841981
0.0, 0.35772216, 0.00023926
0.0, 0.70708334, 0.70708334
0.76917827, 0.19841981
-0.0036612, 0.42134386, -0.00125608
-0.29709768, 0.63026828, 0.717246
0.71004897, 0.55834892
-0.0036612, 0.35772216, -0.00125608
-0.38267159, 0.0, 0.92385632
0.61322719, 0.55834892
-0.00883893, 0.42134386, -0.00643381
-0.71727651, 0.63023776, 0.29709768
0.71004897, 0.54835531
-0.00883893, 0.35772216, -0.00643381
-0.92385632, 0.0, 0.38267159
0.6130808, 0.54835531
-0.00883893, 0.35772216, -0.01375622
-0.92385632, 0.0, -0.38267159
0.6130808, 0.537195
-0.0036612, 0.42134386, -0.01893394
-0.29709768, 0.63023776, -0.71727651
0.71004897, 0.52669713
-0.0036612, 0.35772216, -0.01893394
-0.38267159, 0.0, -0.92385632
0.61337346, 0.52669713
-0.00883893, 0.21699953, 0.01803492
-0.57734919, -0.57734919, 0.57734919
0.64415437, 0.62133563
-0.00883893, 0.42134386, -0.01375622
-0.71727651, 0.63023776, -0.29709768
0.71004897, 0.53719494
-0.00576452, 0.14429352, 0.03977951
-0.57734919, 0.57734919, 0.57734919
0.4562901, 0.09779811
0.0, 0.14429352, 0.01487739
0.0, 1.0, 0.0
0.46876109, 0.13471484
-0.00576452, 0.14429352, 0.01487739
-0.70708334, 0.70708334, 0.0
0.4562901, 0.13575244
-0.01074094, 0.07658182, 0.02405178
-0.87478256, -0.47993407, 0.06622516
0.32886925, 0.12176931
-0.01074094, 0.08661979, 0.08640292
-0.58006531, 0.38010803, 0.72041994
0.34416848, 0.02673745
-0.01074103, 0.11074948, 0.01487739
-0.62126529, 0.74245429, 0.25046539
0.38094553, 0.13575244
-0.00576452, 0.14126617, 0.01487739
-0.70708334, -0.70708334, 0.0
0.45167592, 0.13575244
0.0, 0.14126611, 0.03578395
0.0, -0.70708334, -0.70708334
0.44553721, 0.10969484
-0.00576453, 0.14126611, 0.03578395
-0.90450758, -0.30149236, -0.30149236
0.45167592, 0.1038878
0.0, 0.10369648, 0.03578393
0.0, 0.0, -1.0
0.39451829, 0.11008024
-0.00576452, 0.10369648, 0.03578393
-0.77007353, 0.0, -0.63792843
0.39441457, 0.10388792
-0.00576452, 0.1023486, 0.03977951
-0.62126529, 0.0, 0.78356272
0.39236012, 0.09779811
0.0, 0.14429352, 0.03977951
0.0, 0.70708334, 0.70708334
0.46189633, 0.09140146
-0.01074094, 0.04685406, 0.07520673
-0.56523329, -0.76454967, 0.30976287
0.28355995, 0.04380202
0.0, 0.08661979, 0.08640292
0.0, 0.46662802, 0.88442641
0.35561422, 0.01557195
0.0, 0.04685406, 0.07520673
0.0, -0.92678607, 0.37549973
0.26844677, 0.04001594
0.0, 0.11074948, 0.01487739
0.0, 0.94750816, 0.31965086
0.39588436, 0.13054109
0.0, 0.06712306, 0.01487739
0.0, -0.69621873, 0.71779537
0.30611351, 0.1322819
0.0, 0.07658182, 0.02405178
0.0, -0.99060029, 0.13666189
0.31582862, 0.12181556
-0.00883893, 0.38685256, -0.01375622
-0.70708334, -0.70708334, 0.0
0.65747958, 0.45762813
-0.00883894, 0.40466124, -0.04287612
-0.72041994, 0.69167149, -0.05053865
0.68462259, 0.41324538
-0.00883894, 0.38685256, -0.04287612
-0.69154942, -0.71065402, -0.12921537
0.65747958, 0.41324538
-0.00883893, 0.40466124, -0.01375622
-0.70708334, 0.70708334, 0.0
0.68462259, 0.45762813
-0.00445599, 0.40466124, -0.07395318
-0.53187656, 0.58507037, -0.61217076
0.68462259, 0.36587954
-0.00445599, 0.39475578, -0.07395318
-0.54222238, -0.49833673, -0.67647326
0.66952533, 0.36587954
-0.01371956, 0.03516807, -0.05422699
-0.70708334, -0.70708334, 0.0
0.26574883, 0.31521201
-0.01371957, 0.07384305, -0.06706365
-0.59129614, 0.6354869, -0.4964751
0.32469496, 0.33477688
-0.01371957, 0.03516807, -0.07670826
-0.56556904, -0.50770593, -0.64986116
0.26574883, 0.3494767
-0.01371956, 0.07384305, -0.05422699
-0.70708334, 0.70708334, 0.0
0.32469496, 0.31521201
0.0, 0.07384305, -0.06706365
0.0, 0.78801841, -0.61561936
0.32469496, 0.35248756
0.0, 0.03516807, -0.07670826
0.0, -0.61561936, -0.78801841
0.26574883, 0.3714515
0.0, 0.03516807, -0.05422699
0.0, -1.0, 0.0
0.24726921, 0.31521201
-0.01371965, -0.05485266, -0.01815346
-0.83657336, 0.17102572, -0.52043211
0.13641913, 0.12014711
-0.01371965, -0.12880744, 0.04577108
-0.57390058, -0.5593127, 0.59816277
0.02370156, 0.02271712
-0.01371966, -0.04848717, 0.01822605
-0.90758997, 0.36036256, 0.2153386
0.14612098, 0.06469965
-0.01371965, 0.00023749, -0.02922546
-0.77745903, -0.29502243, -0.55540633
0.22038418, 0.13702238
0.0, -0.05485266, -0.01815346
0.0, 0.31217384, -0.95001066
0.13641913, 0.14067578
-0.01371965, -0.12880744, -0.03895515
-0.57390058, -0.55928218, -0.59816277
0.02370156, 0.15185177
0.0, -0.12880744, 0.04577108
0.0, -0.68297374, 0.73039949
0.02188594, 1.156e-05
-0.01371961, -0.00292072, 0.0073838
-0.74715418, 0.04239021, 0.66325879
0.2155707, 0.08122468
0.0, -0.04848717, 0.01822605
0.0, 0.85839409, 0.51295513
0.15263362, 0.05372953
0.0, -0.00292072, 0.0073838
0.0, 0.0638142, 0.99795526
0.2155707, 0.06465685
-0.01371957, 0.0180006, -0.04673734
-0.55418563, -0.58436841, -0.59273046
0.24745776, 0.16371286
0.0, 0.00023749, -0.02922546
0.0, -0.46913052, -0.8831141
0.22038418, 0.15439367
-0.01371966, -0.07016826, -0.03501224
-0.63185525, 0.33729056, -0.69783622
0.11307596, 0.14584219
0.0, -0.12880744, -0.03895515
0.0, -0.68297374, -0.73043001
0.02370156, 0.17488241
-0.01371965, -0.04270038, 0.0399843
-0.56785792, 0.66899627, 0.47950682
0.15494092, 0.03153694
-0.01371956, 0.03300123, 0.01120138
-0.61073643, -0.08365124, 0.78737754
0.27032074, 0.07540619
0.0, 0.03300123, 0.01120138
0.0, -0.10565508, 0.99438459
0.27032074, 0.0572511
0.0, -0.07016826, -0.03501224
0.0, 0.43516344, -0.90032655
0.11307596, 0.16373706
0.0, -0.04270038, 0.0399843
0.0, 0.81276894, 0.58253729
0.16073875, 0.01301062
-0.00883893, 0.36185366, 0.01844245
-0.57734919, -0.57734919, 0.57734919
0.88664925, 0.59609437
-0.00883894, 0.37966239, -0.00643381
-0.70708334, 0.70708334, 0.0
0.91379225, 0.55817938
-0.00883894, 0.36185366, -0.00643381
-0.70708334, -0.70708334, 0.0
0.88664925, 0.55817938
-0.00883893, 0.37966239, 0.01844245
-0.57734919, 0.57734919, 0.57734919
0.91379225, 0.59609437
-0.00883893, 0.21699953, 0.00622592
-0.57734919, -0.57734919, -0.57734919
0.64415437, 0.60333705
-0.00883894, 0.36185366, 0.01803492
-0.70708334, 0.0, 0.70708334
0.86493242, 0.62133563
-0.00883894, 0.36185366, 0.00622593
-0.70708334, 0.0, -0.70708334
0.8649323, 0.60333705
-0.05383356, 0.14798045, 0.104495
-0.57734919, -0.57734919, 0.57734919
0.09141132, 0.61077914
-0.05383356, 0.19306836, 0.00715613
-0.57734919, 0.57734919, -0.57734919
0.00790456, 0.43095911
-0.05383356, 0.14798045, 0.00715613
-0.57734919, -0.57734919, -0.57734919
0.09123573, 0.43087769
-0.05383356, 0.19306836, 0.00715613
-0.57734919, 0.57734919, -0.57734919
0.57254696, 0.43040824
-0.05383356, 0.19306836, 0.104495
-0.57734919, 0.57734919, 0.57734919
0.57272243, 0.61030942
-0.05383356, 0.19306836, 0.104495
-0.57734919, 0.57734919, 0.57734919
0.00597376, 0.70710135
-0.05383356, 0.14798045, 0.104495
-0.57734919, -0.57734919, 0.57734919
0.00589175, 0.62315017
0.0183325, 0.19306836, 0.00715613
0.30729088, 0.62807095, -0.71486557
0.00777426, 0.29758203
0.03094047, 0.20074052, -0.03423961
0.57734919, 0.57734919, -0.57734919
0.78955114, 0.39052713
0.03094047, 0.18965304, -0.02408977
0.57734919, -0.57734919, 0.57734919
0.81032526, 0.40954435
0.03094047, 0.18965304, -0.03423961
0.57734919, -0.57734919, -0.57734919
0.81032526, 0.39052713
-0.01761217, 0.15255785, -0.03978422
-0.79186374, -0.34070864, -0.50675982
0.53058326, 0.33856738
-0.04765284, 0.18733242, 0.00715613
-0.71019626, 0.53758353, -0.45451215
0.48014367, 0.41940236
-0.01761217, 0.18733242, -0.03978422
-0.79186374, 0.34070864, -0.50675982
0.48014367, 0.33856738
0.01761217, 0.20074052, -0.03423961
0.0, 0.70708334, -0.70708334
0.78955126, 0.36555451
0.01761217, 0.20074052, -0.02408977
0.0, 0.70708334, 0.70708334
0.76457858, 0.40954435
0.03094047, 0.20074052, -0.02408977
0.57734919, 0.57734919, 0.57734919
0.78955114, 0.40954435
0.01761217, 0.18965304, -0.03423961
0.0, -0.70708334, -0.70708334
0.83529782, 0.39052713
0.01761217, 0.18965304, -0.02408977
0.0, -0.70708334, 0.70708334
0.81032526, 0.43451691
-0.04765284, 0.15255785, 0.00715613
-0.71019626, -0.53758353, -0.45451215
0.53058326, 0.41940236
-0.01761217, 0.15255785, -0.03040142
0.0, -1.0, 0.0
0.5379194, 0.35003042
-0.04182003, 0.15255785, 0.00715613
0.0, -1.0, 0.0
0.53770924, 0.41484183
-0.01761217, 0.18733242, -0.03040142
0.0, 1.0, 0.0
0.47280765, 0.35003048
0.04604994, 0.27467442, -0.01414574
0.72057253, 0.55467391, 0.4159978
0.96088421, 0.43993598
0.03829293, 0.2090773, -0.02758129
0.0, -0.55467391, -0.83202612
0.85235959, 0.41527897
0.03829293, 0.27467442, -0.02758129
0.0, 0.55467391, -0.83202612
0.96088421, 0.41527891
0.03053592, 0.27467442, -0.01414574
-0.72057253, 0.55467391, 0.4159978
0.96088421, 0.42143476
0.04604994, 0.2090773, -0.01414574
0.72057253, -0.55467391, 0.4159978
0.85235959, 0.43993604
0.03053592, 0.2090773, -0.01414574
-0.72057253, -0.55467391, 0.4159978
0.85235959, 0.42143476
0.02375416, 0.28141728, -0.04924285
0.62208927, 0.0, -0.78292185
0.97203964, 0.37310159
0.03829293, 0.27467442, -0.01838938
0.90456861, 0.0, -0.42625201
0.96088421, 0.42581922
0.02375416, 0.27467442, -0.04924285
0.62208927, 0.0, -0.78292185
0.96088421, 0.37310159
0.01212044, 0.27467442, -0.05175225
0.21082187, 0.0, -0.97750783
0.96088421, 0.3563503
0.01212044, 0.22130135, -0.05175225
0.21085238, 0.0, -0.97750783
0.87258315, 0.3563503
0.00571678, 0.27467442, -0.05313354
0.21085238, 0.0, -0.97750783
0.96088421, 0.3471297
0.0, 0.0180006, -0.04673734
0.0, -0.87243265, -0.48869288
0.23586278, 0.71971202
0.0, 0.22130135, -2.164e-05
0.0, 0.70708334, 0.70708334
0.54944199, 0.82678986
0.01761217, 0.30776879, -0.00820628
0.99996948, 0.0, 0.0
0.6812306, 0.78871381
0.01761217, 0.34276095, -0.03317109
0.70708334, 0.70708334, 0.0
0.73456353, 0.87253898
0.0, 0.57171971, -0.02210562
0.0, 0.70708334, 0.70708334
0.89567059, 0.50584987
0.0, 0.34276095, -0.02376219
0.0, 0.0, 1.0
0.59006423, 0.50584987
0.0, 0.30776879, 0.02196714
0.0, 0.70708334, 0.70708334
0.6812306, 0.99053049
0.0036612, 0.57171971, -0.03978347
0.29709768, 0.63023776, -0.71727651
0.920192, 0.47286749
0.0036612, 0.57171971, -0.02210562
0.29709768, 0.63026828, 0.717246
0.920192, 0.49981129
0.0, 0.34276095, -0.05177299
0.0, 0.70708334, -0.70708334
0.74118525, 0.83680928
0.0, 0.30776879, 0.00023926
0.0, 0.0, 1.0
0.6812306, 0.81186569
0.0, 0.14126617, 0.01487739
0.0, -1.0, 0.0
0.44456494, 0.8645215
0.0, 0.1023486, 0.03977951
0.0, 0.0, 1.0
0.39278635, 0.91170573
0.0, 0.07658182, 0.02405178
0.0, -0.99060029, 0.13666189
0.31582862, 0.87819028
0.0, 0.40466124, -0.01375622
0.0, 1.0, 0.0
0.69875056, 0.458327
0.0, 0.40466124, -0.07395318
0.0, 0.70708334, -0.70708334
0.68991143, 0.36240846
0.0, 0.07384305, -0.05422699
0.0, 1.0, 0.0
0.33687559, 0.68479377
0.0, 0.03516807, -0.05422699
0.0, -1.0, 0.0
0.24726921, 0.68479377
0.0, 0.0180006, -0.04673734
0.0, -0.70204777, -0.71211892
0.24745776, 0.82301658
0.0, 0.03300123, 0.01120138
0.0, -0.10565508, 0.99438459
0.27032074, 0.94275475
0.0, 0.37966239, 0.01844245
0.0, 0.70708334, 0.70708334
0.92462742, 0.60015905
0.0, 0.36185366, 0.00622593
0.0, 0.0, -1.0
0.86487198, 0.5882957
0.0183325, 0.19306836, 0.00715613
0.30729088, 0.62807095, -0.71486557
0.43916997, 0.4305383
0.0183325, 0.19306836, 0.104495
0.0, 0.70708334, 0.70708334
0.14034303, 0.70697016
0.0183325, 0.14798045, 0.00715613
0.30729088, -0.62807095, -0.71486557
0.2902002, 0.40452087
0.0, 0.0180006, -0.04673734
0.0, -0.87243265, -0.48869288
0.23586278, 0.28029382
0.0, 0.03097004, -0.05422699
0.0, -0.70708334, -0.70708334
0.25935054, 0.31052458
-0.01761217, 0.30776879, -0.00820628
-0.99996948, 0.0, 0.0
0.6812306, 0.21129203
-0.01761217, 0.34276095, -0.03317109
-0.70708334, 0.70708334, 0.0
0.73456353, 0.1274668
0.0, 0.30776879, -0.00820628
0.0, 0.70708334, 0.70708334
0.69304234, 0.055053
0.0, 0.21811414, -0.03317109
0.0, -0.70708334, -0.70708334
0.54458427, 0.11434138
0.0, 0.30776879, 0.02196714
0.0, 0.70708334, 0.70708334
0.6812306, 0.00947535
-0.0036612, 0.57171971, -0.03978347
-0.29709768, 0.63023776, -0.71727651
0.920192, 0.47286749
-0.00883893, 0.57171971, -0.02728334
-0.71727651, 0.63023776, 0.29709768
0.91230041, 0.49191964
-0.0036612, 0.57171971, -0.02210562
-0.29709768, 0.63026828, 0.717246
0.920192, 0.49981129
0.0, 0.21811414, -0.02028929
0.0, -0.70708334, -0.70708334
0.54458427, 0.0949645
0.0, 0.30776879, 0.00023926
0.0, 0.0, 1.0
0.6812306, 0.18814015
-0.01074103, 0.06712306, 0.01487739
-0.44019899, -0.62511063, 0.6445204
0.31445271, 0.13575244
0.0, 0.14126617, 0.01487739
0.0, -1.0, 0.0
0.44456494, 0.13548434
0.0, 0.1023486, 0.03977951
0.0, 0.0, 1.0
0.39278635, 0.08830011
0.0, 0.07384305, -0.05422699
0.0, 1.0, 0.0
0.33687559, 0.31521201
0.0, 0.0180006, -0.04673734
0.0, -0.70204777, -0.71211892
0.24745776, 0.1769892
-0.05383356, 0.19306836, 0.104495
-0.57734919, 0.57734919, 0.57734919
0.00808012, 0.61086047
0.0183325, 0.14798045, 0.00715613
0.30729088, -0.62807095, -0.71486557
0.09110561, 0.29750061
0.01761217, 0.18965304, -0.03423961
0.0, -0.70708334, -0.70708334
0.81032526, 0.36555451
0.01761217, 0.20074052, -0.03423961
0.0, 0.70708334, -0.70708334
0.76457858, 0.39052713
0.01761217, 0.18965304, -0.02408977
0.0, -0.70708334, 0.70708334
0.83529782, 0.40954435
0.01761217, 0.20074052, -0.02408977
0.0, 0.70708334, 0.70708334
0.78955126, 0.43451691
-0.04182003, 0.18733242, 0.00715613
0.0, 1.0, 0.0
0.47301781, 0.41484183
0.03829293, 0.28141728, -0.01838938
0.90456861, 0.0, -0.42625201
0.9720397, 0.42581922
0.00571678, 0.28141728, -0.05313354
0.21082187, 0.0, -0.97750783
0.97203964, 0.3471297
0.00571678, 0.22130135, -0.05313354
0.21085238, 0.0, -0.97750783
0.87258315, 0.3471297
# Number of Faces:
459
# Face Data:
0, 1, 2
3, 4, 5
6, 5, 7
8, 9, 4
6, 8, 3
10, 11, 12
4, 13, 10
14, 15, 16
7, 1, 17
18, 19, 20
1, 4, 10
11, 18, 12
10, 12, 20
21, 22, 23
24, 25, 26
27, 28, 29
30, 31, 32
33, 34, 35
36, 37, 38
25, 39, 40
41, 35, 42
43, 44, 36
26, 45, 46
47, 48, 49
50, 51, 43
52, 31, 53
54, 55, 50
46, 56, 30
57, 42, 48
42, 50, 43
50, 34, 54
48, 43, 36
58, 38, 59
49, 36, 38
24, 60, 25
61, 49, 58
38, 62, 59
63, 64, 65
52, 66, 24
26, 39, 67
68, 29, 69
70, 68, 69
68, 71, 27
72, 22, 73
74, 23, 22
75, 76, 23
77, 78, 79
80, 79, 81
82, 83, 84
85, 86, 87
88, 81, 83
89, 84, 90
91, 80, 88
92, 93, 94
95, 96, 97
98, 99, 100
101, 100, 102
103, 102, 100
104, 103, 93
105, 96, 95
106, 97, 96
107, 95, 108
97, 109, 110
111, 112, 113
114, 115, 111
116, 113, 112
117, 114, 111
118, 117, 119
120, 119, 113
121, 122, 123
119, 111, 113
124, 125, 121
122, 126, 123
126, 121, 123
127, 128, 129
130, 131, 129
132, 133, 128
134, 135, 127
136, 137, 131
138, 139, 133
135, 140, 127
141, 142, 134
143, 129, 139
144, 128, 140
145, 146, 147
148, 149, 145
146, 150, 147
151, 152, 153
154, 86, 151
85, 153, 152
149, 155, 146
156, 157, 158
156, 159, 160
158, 161, 162
163, 164, 165
158, 166, 156
167, 168, 169
170, 171, 172
172, 173, 174
175, 176, 170
176, 173, 171
177, 178, 179
13, 180, 181
182, 19, 183
167, 174, 184
185, 14, 186
167, 170, 172
187, 11, 188
189, 178, 167
190, 191, 192
193, 194, 195
196, 197, 198
31, 199, 200
34, 201, 202
203, 204, 205
39, 206, 207
202, 208, 209
210, 211, 204
45, 212, 213
214, 215, 216
217, 218, 211
194, 219, 220
221, 54, 218
222, 223, 224
209, 225, 214
218, 209, 211
218, 34, 202
211, 214, 204
205, 58, 59
204, 216, 205
226, 193, 227
216, 61, 58
62, 205, 59
228, 63, 229
230, 194, 193
195, 231, 232
198, 233, 234
233, 235, 234
236, 237, 233
190, 238, 191
239, 240, 190
241, 242, 239
78, 243, 244
244, 245, 246
247, 248, 249
250, 85, 87
246, 251, 247
249, 89, 90
251, 91, 89
252, 253, 254
255, 256, 257
258, 259, 260
260, 261, 262
260, 263, 252
263, 264, 252
265, 266, 256
255, 267, 265
256, 268, 257
255, 269, 270
271, 272, 273
274, 114, 272
273, 116, 271
114, 275, 272
275, 118, 276
120, 276, 118
277, 278, 279
272, 276, 273
280, 281, 278
277, 282, 283
278, 282, 279
284, 285, 286
287, 288, 284
289, 290, 285
291, 292, 293
294, 295, 287
296, 297, 289
298, 292, 286
299, 293, 300
284, 301, 296
285, 302, 298
303, 304, 305
306, 148, 304
303, 150, 155
307, 308, 309
250, 154, 308
309, 85, 307
155, 306, 303
310, 311, 312
159, 313, 314
162, 310, 312
164, 315, 316
317, 312, 311
318, 319, 320
321, 322, 323
320, 324, 318
318, 325, 326
319, 327, 320
326, 328, 319
329, 330, 331
322, 332, 323
333, 334, 335
336, 337, 333
337, 338, 334
335, 338, 336
335, 336, 333
339, 340, 341
339, 341, 342
343, 344, 342
0, 17, 1
3, 8, 4
6, 3, 5
8, 345, 9
6, 345, 8
10, 13, 11
4, 9, 13
14, 168, 15
7, 5, 1
18, 346, 19
1, 5, 4
11, 346, 18
20, 2, 1
1, 10, 20
12, 18, 20
76, 347, 21
21, 73, 22
23, 76, 21
26, 46, 52
30, 32, 52
52, 24, 26
25, 40, 26
46, 30, 52
27, 348, 28
30, 56, 31
33, 349, 34
36, 44, 37
25, 60, 39
41, 33, 35
43, 51, 44
26, 67, 45
47, 57, 48
50, 55, 51
52, 32, 31
54, 350, 55
46, 45, 56
57, 41, 42
42, 35, 50
50, 35, 34
48, 42, 43
58, 49, 38
49, 48, 36
24, 351, 60
61, 47, 49
38, 37, 62
65, 352, 229
229, 63, 65
353, 64, 63
52, 53, 66
26, 40, 39
68, 27, 29
70, 354, 68
348, 27, 71
68, 354, 71
72, 74, 22
74, 75, 23
75, 355, 76
77, 91, 78
80, 77, 79
82, 88, 83
85, 152, 86
88, 80, 81
89, 82, 84
88, 82, 89
89, 91, 88
77, 80, 91
92, 104, 93
97, 110, 108
108, 95, 97
98, 356, 99
101, 98, 100
100, 99, 94
93, 103, 100
100, 94, 93
104, 357, 103
105, 106, 96
106, 358, 97
107, 105, 95
97, 358, 109
111, 115, 112
114, 359, 115
116, 120, 113
117, 360, 114
118, 360, 117
120, 118, 119
121, 125, 122
119, 117, 111
124, 361, 125
122, 362, 126
126, 124, 121
131, 137, 141
131, 141, 134
133, 139, 128
129, 131, 134
127, 140, 128
129, 134, 127
128, 139, 129
130, 136, 131
132, 138, 133
134, 142, 135
136, 363, 137
138, 143, 139
135, 144, 140
141, 364, 142
143, 130, 129
144, 132, 128
145, 149, 146
148, 365, 149
146, 155, 150
151, 86, 152
154, 87, 86
85, 366, 153
149, 365, 155
156, 160, 157
156, 367, 159
158, 157, 161
163, 368, 164
158, 369, 166
167, 184, 168
170, 176, 171
172, 171, 173
175, 370, 176
176, 370, 173
177, 371, 178
13, 9, 180
182, 0, 19
167, 172, 174
185, 189, 14
167, 178, 170
187, 346, 11
167, 169, 189
189, 185, 179
179, 178, 189
192, 372, 241
239, 190, 192
192, 241, 239
224, 223, 194
195, 232, 227
227, 193, 195
194, 220, 224
223, 195, 194
196, 373, 197
31, 56, 199
34, 349, 201
203, 210, 204
39, 60, 206
202, 201, 208
210, 217, 211
45, 67, 212
214, 225, 215
217, 221, 218
194, 374, 219
221, 350, 54
222, 375, 223
209, 208, 225
218, 202, 209
218, 54, 34
211, 209, 214
205, 216, 58
204, 214, 216
226, 376, 193
216, 215, 61
62, 203, 205
229, 377, 228
228, 378, 63
379, 63, 378
230, 374, 194
195, 380, 231
198, 197, 233
233, 237, 235
233, 197, 236
373, 236, 197
190, 240, 238
239, 242, 240
241, 381, 242
78, 91, 243
244, 243, 245
247, 251, 248
250, 307, 85
246, 245, 251
249, 248, 89
89, 248, 251
251, 245, 91
243, 91, 245
252, 264, 253
257, 382, 255
255, 265, 256
258, 383, 259
260, 259, 261
254, 258, 260
260, 262, 263
252, 254, 260
263, 384, 264
265, 267, 266
255, 270, 267
256, 266, 268
255, 382, 269
271, 274, 272
274, 359, 114
273, 120, 116
114, 360, 275
275, 360, 118
120, 273, 276
277, 280, 278
272, 275, 276
280, 385, 281
277, 279, 282
278, 281, 282
299, 294, 287
284, 296, 285
299, 287, 291
291, 287, 284
296, 289, 285
285, 298, 286
286, 291, 284
287, 295, 288
289, 297, 290
291, 286, 292
294, 386, 295
296, 301, 297
298, 302, 292
299, 291, 293
284, 288, 301
285, 290, 302
303, 306, 304
306, 365, 148
303, 305, 150
307, 250, 308
250, 87, 154
309, 366, 85
155, 365, 306
310, 387, 311
159, 367, 313
162, 161, 310
164, 368, 315
317, 388, 312
318, 326, 319
321, 329, 322
320, 389, 324
318, 390, 325
319, 391, 327
326, 392, 328
329, 321, 330
322, 393, 332
333, 337, 334
336, 338, 337
335, 334, 338
339, 394, 340
342, 344, 395
395, 339, 342
343, 396, 344
