# Project Zomboid Skinned Mesh
# File Version:
1.0
# Model Name:
Cube.008
# Vertex Stride Element Count:
3
# Vertex Stride Size (in bytes):
76
# Vertex Stride Data:
# (Int)    Offset
# (String) Type
0
VertexArray
12
NormalArray
24
TextureCoordArray
# Vertex Count:
343
# Vertex Buffer:
0.00938241, 0.13284144, 0.04278241
0.87957394, 0.0044557, 0.47572252
0.41302264, 0.47023982
0.00938241, 0.09834355, 0.04278241
0.84499651, 0.27857295, 0.45643482
0.35258389, 0.47023982
0.00938238, 0.10349011, 0.04079701
0.90450758, 0.30149236, -0.30149236
0.36160052, 0.46676141
3e-08, 0.17820595, 0.00613878
0.0, 0.70708334, 0.70708334
0.50891173, 0.40668064
0.00831956, 0.17820595, 0.033444
0.60533464, 0.65703297, 0.44923246
0.49249911, 0.4538793
0.00938242, 0.17820595, 0.00613878
0.90322578, 0.29902035, 0.30774865
0.49249911, 0.4060418
0.0093824, 0.07493556, 0.08831213
0.58580279, 0.3058565, 0.75048065
0.31157422, 0.55000573
0.0093824, 0.07487926, 0.03264198
0.77291179, -0.61110264, -0.17059846
0.31147563, 0.45247418
0.00938237, 0.06287518, -0.02783549
0.57734919, -0.57734919, -0.57734919
0.29044497, 0.34652072
4e-08, 0.07456115, -0.02783549
0.0, -0.48503068, -0.87447739
0.29980052, 0.33155972
0.00938238, 0.07456115, -0.02783549
0.83410138, -0.26752526, -0.48234504
0.31091833, 0.34652072
0.00938244, 0.18157527, -0.02783549
0.70708334, 0.70708334, 0.0
0.49840188, 0.34652072
4e-08, 0.18157527, -0.04635606
0.0, 0.74352247, -0.66866052
0.51410425, 0.30198425
4e-08, 0.18157527, -0.02783549
0.0, 1.0, 0.0
0.51735282, 0.3451454
0.00744476, 0.13440205, 0.04246114
0.0, 0.20160528, 0.97946101
0.41575676, 0.75582762
3e-08, 0.13284144, 0.04278241
0.0, 0.10132145, 0.99484235
0.40929061, 0.74267346
0.00938241, 0.13284144, 0.04278241
0.0, 0.20160528, 0.97946101
0.4130227, 0.75526471
0.00938243, 0.18157527, 0.00613878
0.70708334, 0.70708334, 0.0
0.49840188, 0.4060418
3e-08, 0.09834355, 0.04278241
0.0, 0.88933986, 0.4572283
0.36720252, 0.47775561
0.00938245, 0.0920592, -0.05587362
0.60490739, -0.34882656, -0.71578109
0.34157383, 0.29739922
4e-08, 0.09205905, -0.05587362
0.0, -0.4380627, -0.89892268
0.33444989, 0.27893418
3e-08, 0.07493556, 0.08831213
0.0, -0.31632435, 0.94863737
0.30637425, 0.56559902
0.0093824, 0.04684113, 0.07894346
0.56651509, -0.77343059, 0.2842494
0.26235425, 0.53359205
3e-08, 0.07487926, 0.03264198
0.0, -0.85537279, -0.51796013
0.29741526, 0.44395983
3e-08, 0.04684113, 0.07894346
0.0, -0.85537279, -0.51796013
0.24829388, 0.5250777
4e-08, 0.06287518, -0.01961133
0.0, -0.70708334, -0.70708334
0.27720451, 0.34500486
0.00938238, 0.06287518, -0.01961133
0.90450758, -0.30149236, -0.30149236
0.29044497, 0.36092895
3e-08, 0.07487926, 0.02103437
0.0, -0.87194431, 0.4895474
0.29976213, 0.4409833
0.00938239, 0.06287518, 0.01371393
0.81173134, -0.07348857, 0.57936341
0.29044497, 0.41931319
0.0093824, 0.07487926, 0.02103437
0.83544421, -0.47917113, 0.26902065
0.31147552, 0.4321382
3e-08, 0.07487926, 0.03264198
0.0, -0.99996948, 0.0
0.30171216, 0.45371562
3e-08, -0.09404693, 0.04837707
0.0, -0.92797631, 0.37256998
0.02469263, 0.50091571
0.00938239, -0.08655778, 0.05915797
0.5955382, -0.26349682, 0.75884277
0.05723107, 0.5060643
3e-08, -0.08655778, 0.05915797
0.0, -0.32801294, 0.94463944
0.05254665, 0.52253121
0.00938238, -0.09684703, -0.01961133
0.60927153, -0.39988402, -0.6847133
0.03920502, 0.36806422
3e-08, 0.06287518, 0.01371393
0.0, -0.12585834, 0.99203467
0.28759861, 0.43409801
0.00938241, 0.13284138, -0.02783549
0.70708334, 0.0, -0.70708334
0.41302252, 0.34652072
4e-08, 0.09636968, -0.02783549
0.0, 0.85988951, -0.51045257
0.36792207, 0.3378765
4e-08, 0.13284144, -0.02783549
0.0, 0.0, -1.0
0.41415119, 0.33826309
0.00938239, 0.09636968, -0.02783549
0.95574814, 0.25287637, -0.15012054
0.34912574, 0.34652072
4e-08, 0.10530123, -0.04421011
0.0, 0.51045257, 0.85988951
0.37689221, 0.32243389
0.0093824, 0.17526552, -0.04421011
0.90450758, -0.30149236, 0.30149236
0.4873476, 0.31783313
0.0093824, 0.10530123, -0.04421011
0.84179205, 0.2755211, 0.46412548
0.36477351, 0.31783313
0.00938244, 0.17526552, -0.02783549
0.90450758, -0.30149236, -0.30149236
0.4873476, 0.34652072
4e-08, 0.17526552, -0.02783549
0.0, -0.70708334, -0.70708334
0.4720701, 0.33808213
4e-08, 0.17526552, -0.04421011
0.0, -0.70708334, 0.70708334
0.46874309, 0.32458335
0.02065742, 0.19408204, -0.00207311
0.92376477, 0.01525925, 0.38261056
0.69572991, 0.87633763
0.007761, 0.33021754, 0.00810698
0.29529709, 0.63597524, 0.7129429
0.9446736, 0.90972857
0.00855658, 0.19408201, 0.01002772
0.38261056, 0.01525925, 0.92376477
0.69572991, 0.90972857
0.01873669, 0.33021754, -0.01839068
0.7129429, 0.63597524, -0.29529709
0.9446736, 0.8463562
0.01873669, 0.33021754, -0.00286872
0.7129429, 0.63597524, 0.29529709
0.9446736, 0.87633763
0.02065742, 0.19408204, -0.01918628
0.92376477, 0.01525925, -0.38261056
0.69572991, 0.8463562
0.007761, 0.33021754, -0.02936635
0.29529709, 0.63597524, -0.7129429
0.9446736, 0.81527899
3e-08, 0.19408201, 0.01002772
0.0, 0.01409955, 0.99987793
0.69572991, 0.9270054
3e-08, 0.33021754, 0.00810698
0.0, 0.71205789, 0.70207828
0.9446736, 0.9270054
4e-08, 0.19408204, -0.0312871
0.0, 0.01409955, -0.99987793
0.69572991, 0.80058657
0.00855659, 0.19408204, -0.03128708
0.38261056, 0.01525925, -0.92376477
0.69572991, 0.81527899
0.00855658, 0.19408201, 0.01002772
0.0, -1.0, 0.0
0.60908175, 0.90972857
0.01676846, 0.19408204, -0.00368396
0.54911953, -0.80416274, 0.22745445
0.60908175, 0.87633763
0.02065742, 0.19408204, -0.00207311
0.0, -1.0, 0.0
0.60908175, 0.87633763
3e-08, 0.19408201, 0.01002772
0.0, -0.99996948, 0.0
0.60908175, 0.9270054
0.00694573, 0.19408201, 0.00613878
0.22745445, -0.80416274, 0.54911953
0.60908175, 0.90972857
0.02065742, 0.19408204, -0.01918628
0.0, -1.0, 0.0
0.60908175, 0.8463562
0.00694573, 0.19408204, -0.02739814
0.22745445, -0.80416274, -0.54911953
0.60908175, 0.81527899
0.00855659, 0.19408204, -0.03128708
0.0, -1.0, 0.0
0.60908175, 0.81527899
4e-08, 0.19408204, -0.0312871
0.0, -1.0, 0.0
0.60908175, 0.80058657
0.01676846, 0.19408204, -0.01757541
0.54911953, -0.80416274, -0.22745445
0.60908175, 0.8463562
0.00694573, 0.18157527, -0.02739814
0.36939603, -0.26117739, -0.89178139
0.58236641, 0.81527899
4e-08, 0.19408204, -0.02739814
0.0, -0.70708334, -0.70708334
0.60908175, 0.8009517
0.01676846, 0.18157527, -0.01757541
0.71727651, -0.63023776, -0.29709768
0.58236641, 0.8463562
0.01676846, 0.18157527, -0.00368396
0.71727651, -0.63023776, 0.29709768
0.58236641, 0.87633763
3e-08, 0.18157527, 0.00613878
0.0, 0.0, 1.0
0.58236641, 0.9270054
3e-08, 0.19408201, 0.00613878
0.0, -0.70708334, 0.70708334
0.60908175, 0.9270054
0.01445218, 0.33021754, -0.01661599
0.54911953, 0.80416274, -0.22745445
0.9446736, 0.8463562
0.0059863, 0.33021754, 0.00382247
0.22745445, 0.80416274, 0.54911953
0.9446736, 0.90972857
0.01445218, 0.33021754, -0.00464341
0.54911953, 0.80416274, 0.22745445
0.9446736, 0.87633763
4e-08, 0.33021754, -0.02936637
0.0, 0.71205789, -0.70207828
0.9446736, 0.8009517
0.0059863, 0.33021754, -0.02508186
0.22745445, 0.80416274, -0.54911953
0.9446736, 0.81527899
0.0059863, 0.33571461, 0.00382247
0.29709768, 0.63023776, 0.71727651
0.95430404, 0.90972857
3e-08, 0.33021754, 0.00382247
0.0, 0.70708334, 0.70708334
0.9446736, 0.9270054
0.0059863, 0.33571461, -0.02508186
0.29709768, 0.63023776, -0.71727651
0.95430404, 0.81527899
0.01445218, 0.33571461, -0.00464341
0.71727651, 0.63023776, 0.29709768
0.95430404, 0.87633763
4e-08, 0.33571461, -0.02508186
0.0, 0.70708334, -0.70708334
0.95430404, 0.8009517
4e-08, 0.33021754, -0.02508186
0.0, 0.70708334, -0.70708334
0.9446736, 0.8009517
0.01445218, 0.33571461, -0.01661599
0.71727651, 0.63023776, -0.29709768
0.95430404, 0.8463562
0.00288528, 0.33571461, -0.00366402
0.0, 1.0, 0.0
0.96774733, 0.90972857
3e-08, 0.33571461, 0.00382247
0.0, 0.70708334, 0.70708334
0.95430404, 0.9270054
0.00696567, 0.33571461, -0.01351497
0.0, 1.0, 0.0
0.96774733, 0.8463562
0.00696567, 0.33571461, -0.00774442
0.0, 1.0, 0.0
0.96774733, 0.87633763
0.00288528, 0.33571461, -0.01759537
0.0, 0.99996948, 0.0
0.96774733, 0.81527899
0.00288528, 0.45166913, -0.00366402
0.22745445, -0.80416274, 0.54911953
0.54379517, 0.203026
3e-08, 0.33571461, -0.00366402
0.0, 0.0, 1.0
0.34064871, 0.20808077
0.00288528, 0.33571461, -0.00366402
0.38267159, 0.0, 0.92385632
0.34064871, 0.203026
0.00288528, 0.45166913, -0.01759537
0.22745445, -0.80416274, -0.54911953
0.54379517, 0.17269677
0.00696567, 0.33571461, -0.01351497
0.92385632, 0.0, -0.38267159
0.34064871, 0.18280655
0.00288528, 0.33571461, -0.01759537
0.38267159, 0.0, -0.92385632
0.34064871, 0.17269677
0.00696567, 0.45166913, -0.00774442
0.54911953, -0.80416274, 0.22745445
0.54379517, 0.19291621
0.00696567, 0.33571461, -0.00774442
0.92385632, 0.0, 0.38267159
0.34064871, 0.19291621
4e-08, 0.45166913, -0.01759537
0.0, -0.70708334, -0.70708334
0.54379517, 0.16764218
4e-08, 0.33571461, -0.01759537
0.0, 0.0, -1.0
0.34064871, 0.16764206
3e-08, 0.45166913, -0.00245264
0.0, -0.70708334, 0.70708334
0.54379517, 0.20808059
3e-08, 0.45166913, -0.00366402
0.0, -0.70708334, 0.70708334
0.54379517, 0.20808059
0.00817705, 0.45166913, -0.01401675
0.71727651, -0.63023776, -0.29709768
0.54379517, 0.18280655
0.00696567, 0.45166913, -0.01351497
0.54911953, -0.80416274, -0.22745445
0.54379517, 0.18280655
0.00817705, 0.45166913, -0.00724265
0.71727651, -0.63023776, 0.29709768
0.54379517, 0.19291621
4e-08, 0.45166913, -0.01880673
0.0, -0.70708334, -0.70708334
0.54379517, 0.16764218
0.00338704, 0.48411974, -0.00245264
0.38267159, 0.0, 0.92385632
0.60064739, 0.203026
0.00338704, 0.45166913, -0.00245264
0.29709768, -0.63023776, 0.71727651
0.54379517, 0.203026
0.00338704, 0.48411974, -0.01880673
0.38267159, 0.0, -0.92385632
0.60064739, 0.17269677
0.00338704, 0.45166913, -0.01880673
0.29709768, -0.63026828, -0.71727651
0.54379517, 0.17269677
0.00817705, 0.48411974, -0.00724265
0.92385632, 0.0, 0.38267159
0.60064739, 0.19291621
4e-08, 0.48411974, -0.01880673
0.0, 0.0, -1.0
0.60064739, 0.16764218
0.00817705, 0.48411974, -0.01401675
0.92385632, 0.0, -0.38267159
0.60064739, 0.18280655
4e-08, 0.33571461, -0.02508186
0.0, -0.78630942, -0.61781669
0.24106306, 0.1321978
0.0059863, 0.35880202, -0.05446579
0.62065494, -0.34272286, -0.70516068
0.29211241, 0.0885939
0.0059863, 0.33571461, -0.02508186
0.84435558, -0.42124698, -0.33097324
0.25166446, 0.14007312
4e-08, 0.35880202, -0.05446579
0.0, -0.43711662, -0.89938045
0.28908318, 0.07299072
0.0059863, 0.36899638, -0.05446579
0.57734919, 0.57734919, -0.57734919
0.30997258, 0.0885939
4e-08, 0.36899638, -0.05446579
0.0, 0.70708334, -0.70708334
0.32256013, 0.07848662
0.0059863, 0.36899638, 0.00382247
0.57734919, 0.57734919, 0.57734919
0.30997258, 0.19071203
3e-08, 0.36899638, 0.00382247
0.0, 0.70708334, 0.70708334
0.31928724, 0.20594162
0.0059863, 0.36033601, 0.00382247
0.57734919, -0.57734919, 0.57731867
0.29479998, 0.19071203
0.00598625, 0.36405909, -0.04186284
0.90450758, -0.30149236, 0.30149236
0.30132252, 0.11067361
0.00598625, 0.3567687, -0.04186284
0.81762141, 0.24723044, 0.51991332
0.28854996, 0.11067361
0.00694573, 0.18157527, 0.00613878
0.36939603, -0.26117739, 0.89178139
0.58236641, 0.90972857
0.00744476, 0.17543282, 0.03401487
0.0, 0.20160528, 0.97946101
0.48764068, 0.7706251
0.00831956, 0.17820595, 0.033444
0.0, 0.20160528, 0.97946101
0.49249917, 0.77162527
3e-08, 0.17820595, 0.033444
0.0, 0.20160528, 0.97946101
0.50179899, 0.45924282
0.00744476, 0.17543282, 0.03401487
0.5055086, 0.65782648, 0.55824459
0.48764062, 0.4548794
0.00744476, 0.13687216, 0.06788471
0.68559831, -0.71410263, 0.14133121
0.42008424, 0.51421773
3e-08, 0.13440205, 0.04246114
0.0, -0.59352398, 0.80477309
0.40770829, 0.48037726
0.00744476, 0.13440205, 0.04246114
0.72981966, -0.68041015, 0.06610309
0.4157567, 0.46967691
0.00744476, 0.17891879, 0.06283394
0.72713399, 0.67177343, -0.14117862
0.49374795, 0.50536901
3e-08, 0.17891879, 0.06283394
0.0, 0.97860652, -0.20569475
0.50580347, 0.50315326
3e-08, 0.17543282, 0.03401487
0.0, 0.81170082, 0.58403271
0.50074422, 0.4616943
0.00744476, 0.14924042, 0.10873739
0.57881403, -0.39478743, 0.7134617
0.44175279, 0.58578962
3e-08, 0.13687225, 0.06788471
0.0, -0.98095644, 0.19415876
0.40613329, 0.51737809
3e-08, 0.18949579, 0.09777002
0.0, 0.87496567, 0.48414564
0.52729475, 0.57368857
4e-08, 0.36405909, -0.02433771
0.0, -0.70708334, -0.70708334
0.29609054, 0.13134819
0.00598625, 0.36405909, -0.02433771
0.90450758, -0.30149236, -0.30149236
0.30132252, 0.14137679
0.00598625, 0.34378785, -0.01896588
0.90450758, 0.30149236, 0.30149236
0.26580828, 0.15078789
0.00598625, 0.34250784, -0.02433771
0.9701224, 0.21906187, -0.10415968
0.26356608, 0.14137679
4e-08, 0.3567687, -0.04186284
0.0, 0.42942595, 0.90307319
0.28950113, 0.11897868
4e-08, 0.36405909, -0.04186284
0.0, -0.70708334, 0.70708334
0.29540747, 0.11812407
4e-08, 0.34250784, -0.02433771
0.0, 0.90307319, -0.42942595
0.27993244, 0.13363105
3e-08, 0.10349011, 0.04079701
0.0, 0.70708334, -0.70708334
0.37494099, 0.45777208
0.00938238, 0.12816641, 0.04079701
0.90450758, -0.30149236, -0.30149236
0.40483212, 0.46676141
0.00938238, 0.12816641, 0.02257664
0.90450758, -0.30149236, 0.30149236
0.40483212, 0.4348402
3e-08, 0.10349011, 0.02257664
0.0, 0.70708334, 0.70708334
0.37287641, 0.44403321
0.0093825, 0.10349011, 0.02257664
0.90450758, 0.30149236, 0.30149236
0.36160052, 0.4348402
3e-08, 0.12816641, 0.04079701
0.0, -0.70708334, -0.70708334
0.39174497, 0.45577568
3e-08, 0.13284144, 0.04278241
0.0, 0.10132145, 0.99484235
0.40929055, 0.482831
2e-08, 0.14924042, 0.10873739
0.0, -0.48414564, 0.87496567
0.43477201, 0.60239547
0.00744476, 0.18949579, 0.09777002
0.57588428, 0.71529281, 0.39579454
0.5122782, 0.56657529
3e-08, 0.33571461, 0.00382247
0.0, 0.0, 1.0
0.25582951, 0.20296174
0.0059863, 0.34378785, 0.00382247
0.57734919, 0.57734919, 0.57734919
0.26580828, 0.19071203
3e-08, 0.34378785, 0.00382247
0.0, 0.70708334, 0.70708334
0.27234977, 0.19734472
3e-08, 0.36033601, 0.00382247
0.0, -0.70708334, 0.70708334
0.28722399, 0.20115381
0.00598625, 0.36033612, -0.01896588
0.90450758, -0.30149236, 0.30149236
0.2948001, 0.15078789
4e-08, 0.36033612, -0.01896588
0.0, -0.70708334, 0.70708334
0.28753155, 0.15869564
4e-08, 0.34378785, -0.01896588
0.0, 0.70708334, 0.70708334
0.27458376, 0.15928513
0.00938238, -0.10304096, -0.00863131
0.6400342, -0.75609607, -0.13644825
0.02835358, 0.38730073
0.00938239, -0.09404693, 0.04837707
0.66008484, -0.69707328, 0.27988526
0.04411048, 0.48717666
4e-08, -0.09684703, -0.01961133
0.0, -0.50431836, -0.8634907
0.02794082, 0.35281378
3e-08, 0.18157527, 0.00613878
0.0, 0.0, 1.0
0.50914121, 0.40078676
0.00938243, 0.18157527, 0.00613878
0.0, 0.0, 1.0
0.49272847, 0.40014786
-0.00938244, 0.10349011, 0.02257664
-0.90450758, 0.30149236, 0.30149236
0.36160058, 0.79066433
-0.00938234, 0.07487926, 0.03264198
-0.77291179, -0.61110264, -0.17059846
0.31147569, 0.7730303
-0.00938235, 0.09834355, 0.04278241
-0.84499651, 0.27857295, 0.45643482
0.35258394, 0.75526471
-0.0083195, 0.17820595, 0.033444
-0.60533464, 0.65703297, 0.44923246
0.49249917, 0.77162527
3e-08, 0.17820595, 0.00613878
0.0, 0.70708334, 0.70708334
0.50891179, 0.81882392
-0.00938236, 0.17820595, 0.00613878
-0.90322578, 0.29902035, 0.30774865
0.49249917, 0.81946276
-0.00938235, 0.07493556, 0.08831213
-0.58580279, 0.3058565, 0.75048065
0.31157434, 0.67549878
4e-08, 0.07456115, -0.02783549
0.0, -0.48503068, -0.87447739
0.29980057, 0.89394476
-0.0093823, 0.06287518, -0.02783549
-0.57734919, -0.57734919, -0.57734919
0.29044509, 0.87898387
-0.00938231, 0.07456115, -0.02783549
-0.83410138, -0.26752526, -0.48234504
0.31091839, 0.87898387
4e-08, 0.18157527, -0.04635606
0.0, 0.74352247, -0.66866052
0.51410431, 0.92352028
-0.00938237, 0.18157527, -0.02783549
-0.70708334, 0.70708334, 0.0
0.49840194, 0.8789839
4e-08, 0.18157527, -0.02783549
0.0, 1.0, 0.0
0.51735288, 0.88035916
-0.00744471, 0.13440205, 0.04246114
0.0, 0.20160528, 0.97946101
0.4157567, 0.46967691
-0.00938235, 0.13284144, 0.04278241
0.0, 0.20160528, 0.97946101
0.41302264, 0.47023982
-0.00938237, 0.17526552, -0.02783549
-0.90450758, -0.30149236, -0.30149236
0.48734766, 0.8789839
-0.00938234, 0.13284138, -0.02783549
-0.70708334, 0.0, -0.70708334
0.41302258, 0.87898387
3e-08, 0.09834355, 0.04278241
0.0, 0.88933986, 0.4572283
0.36720258, 0.74774891
-0.00938237, 0.0920592, -0.05587362
-0.60490739, -0.34882656, -0.71578109
0.34157395, 0.92810525
-0.00938237, 0.18157527, -0.04635606
-0.58311719, 0.60402232, -0.54319894
0.49840194, 0.91143109
-0.00938234, 0.04684113, 0.07894346
-0.56651509, -0.77343059, 0.2842494
0.26235431, 0.69191241
3e-08, 0.07493556, 0.08831213
0.0, -0.31632435, 0.94863737
0.30637437, 0.65990549
3e-08, 0.07487926, 0.03264198
0.0, -0.85537279, -0.51796013
0.29741532, 0.7815447
3e-08, 0.04684113, 0.07894346
0.0, -0.85537279, -0.51796013
0.24829394, 0.70042682
4e-08, 0.06287518, -0.01961133
0.0, -0.70708334, -0.70708334
0.27720463, 0.88049956
-0.00938231, 0.06287518, -0.01961133
-0.90450758, -0.30149236, -0.30149236
0.29044509, 0.86457552
-0.00938233, 0.06287518, 0.01371393
-0.81173134, -0.07348857, 0.57936341
0.29044509, 0.80619134
3e-08, 0.07487926, 0.02103437
0.0, -0.87194431, 0.4895474
0.29976231, 0.78452118
-0.00938233, 0.07487926, 0.02103437
-0.83544421, -0.47917113, 0.26902065
0.31147563, 0.79336633
3e-08, 0.07487926, 0.03264198
0.0, -1.0, 0.0
0.30171233, 0.77178891
-0.00938233, -0.08655778, 0.05915797
-0.5955382, -0.26349682, 0.75884277
0.05723114, 0.71944016
3e-08, -0.09404693, 0.04837707
0.0, -0.92797631, 0.37256998
0.02469273, 0.72458881
3e-08, -0.08655778, 0.05915797
0.0, -0.32801294, 0.94463944
0.05254669, 0.70297337
-0.00938231, -0.09684703, -0.01961133
-0.60927153, -0.39988402, -0.6847133
0.03920515, 0.85744022
3e-08, 0.06287518, 0.01371393
0.0, -0.12585834, 0.99203467
0.28759873, 0.79140629
4e-08, 0.09636968, -0.02783549
0.0, 0.85988951, -0.51045257
0.36792213, 0.88762803
-0.00938233, 0.09636968, -0.02783549
-0.95574814, 0.25287637, -0.15012054
0.3491258, 0.87898387
-0.00938232, 0.10530123, -0.04421011
-0.84179205, 0.2755211, 0.46412548
0.36477357, 0.90767147
4e-08, 0.09205905, -0.05587362
0.0, -0.4380627, -0.89892268
0.33444995, 0.94657041
4e-08, 0.10530123, -0.04421011
0.0, 0.51045257, 0.85988951
0.37689227, 0.90307064
-0.00938232, 0.17526552, -0.04421011
-0.90450758, -0.30149236, 0.30149236
0.48734766, 0.9076715
4e-08, 0.13284144, -0.02783549
0.0, 0.0, -1.0
0.41415131, 0.88724138
4e-08, 0.17526552, -0.02783549
0.0, -0.70708334, -0.70708334
0.47207016, 0.88742234
4e-08, 0.17526552, -0.04421011
0.0, -0.70708334, 0.70708334
0.46874315, 0.90092118
-0.00776094, 0.33021754, 0.00810698
-0.29529709, 0.63597524, 0.7129429
0.9446736, 0.68240643
-0.02065735, 0.19408204, -0.00207311
-0.92376477, 0.01525925, 0.38261056
0.69572991, 0.71860301
-0.00855652, 0.19408201, 0.01002772
-0.38261056, 0.01525925, 0.92376477
0.69572991, 0.68240643
-0.01873662, 0.33021754, -0.00286872
-0.7129429, 0.63597524, 0.29529709
0.9446736, 0.71860301
-0.02065735, 0.19408204, -0.01918628
-0.92376477, 0.01525925, -0.38261056
0.69572991, 0.75170873
-0.01873662, 0.33021754, -0.01839068
-0.7129429, 0.63597524, -0.29529709
0.94465172, 0.75165318
-0.00855651, 0.19408204, -0.03128708
-0.38261056, 0.01525925, -0.92376477
0.69572991, 0.78530143
3e-08, 0.19408201, 0.01002772
0.0, 0.01409955, 0.99987793
0.69572991, 0.66264504
-0.00776094, 0.33021754, -0.02936635
-0.29529709, 0.63597524, -0.7129429
0.9446736, 0.78530143
-0.00855652, 0.19408201, 0.01002772
0.0, -1.0, 0.0
0.60908175, 0.68240643
-0.01676839, 0.19408204, -0.00368396
-0.54911953, -0.80416274, 0.22745445
0.60908175, 0.71860301
-0.00694566, 0.19408201, 0.00613878
-0.22745445, -0.80416274, 0.54911953
0.60908175, 0.68240643
3e-08, 0.19408201, 0.01002772
0.0, -1.0, 0.0
0.60908175, 0.66264504
3e-08, 0.19408201, 0.00613878
0.0, -0.70708334, 0.70708334
0.60908175, 0.66264504
-0.02065735, 0.19408204, -0.01918628
0.0, -1.0, 0.0
0.60908175, 0.75170873
-0.00694566, 0.19408204, -0.02739814
-0.22745445, -0.80416274, -0.54911953
0.60908175, 0.78530143
-0.01676839, 0.19408204, -0.01757541
-0.54911953, -0.80416274, -0.22745445
0.60908175, 0.75170873
-0.00855651, 0.19408204, -0.03128708
0.0, -1.0, 0.0
0.60908175, 0.78530143
-0.02065735, 0.19408204, -0.00207311
0.0, -1.0, 0.0
0.60908175, 0.71860301
-0.00694566, 0.18157527, -0.02739814
-0.36939603, -0.26117739, -0.89178139
0.58236641, 0.78530143
-0.01676839, 0.18157527, -0.01757541
-0.71727651, -0.63023776, -0.29709768
0.58236641, 0.75170873
-0.01676839, 0.18157527, -0.00368396
-0.71727651, -0.63023776, 0.29709768
0.58236641, 0.71860301
-0.00694566, 0.18157527, 0.00613878
-0.36939603, -0.26117739, 0.89178139
0.58236641, 0.68240643
3e-08, 0.18157527, 0.00613878
0.0, 0.0, 1.0
0.58236641, 0.66264504
-0.01445211, 0.33021754, -0.01661599
-0.54911953, 0.80416274, -0.22745445
0.9446736, 0.75165318
3e-08, 0.33021754, 0.00810698
0.0, 0.71205789, 0.70207828
0.9446736, 0.66264504
-0.00598624, 0.33021754, 0.00382247
-0.22745445, 0.80416274, 0.54911953
0.9446736, 0.68240643
-0.01445211, 0.33021754, -0.00464341
-0.54911953, 0.80416274, 0.22742394
0.9446736, 0.71860301
-0.00598623, 0.33021754, -0.02508186
-0.22745445, 0.80416274, -0.54911953
0.9446736, 0.78530143
3e-08, 0.33021754, 0.00382247
0.0, 0.70708334, 0.70708334
0.9446736, 0.66264504
-0.00598624, 0.33571461, 0.00382247
-0.29709768, 0.63023776, 0.71727651
0.95430404, 0.68240643
-0.00598623, 0.33571461, -0.02508186
-0.29709768, 0.63023776, -0.71727651
0.95430404, 0.78530143
-0.01445211, 0.33571461, -0.00464341
-0.71727651, 0.63023776, 0.29709768
0.95430404, 0.71860301
-0.01445211, 0.33571461, -0.01661599
-0.71727651, 0.63023776, -0.29709768
0.95430404, 0.75165318
3e-08, 0.33571461, 0.00382247
0.0, 0.70708334, 0.70708334
0.95430404, 0.66264504
-0.00288521, 0.33571461, -0.00366402
0.0, 1.0, 0.0
0.96774733, 0.68240643
-0.0069656, 0.33571461, -0.01351497
0.0, 0.99996948, 0.0
0.96774733, 0.75165318
-0.00288521, 0.33571461, -0.01759537
0.0, 1.0, 0.0
0.96774733, 0.78530143
-0.00696561, 0.33571461, -0.00774442
0.0, 1.0, 0.0
0.96774733, 0.71860301
4e-08, 0.33571461, -0.01759537
0.0, 1.0, 0.0
0.96774733, 0.8009517
3e-08, 0.33571461, -0.00366402
0.0, 0.0, 1.0
0.34064871, 0.12720352
-0.00288521, 0.45166913, -0.00366402
-0.22745445, -0.80416274, 0.54911953
0.54379517, 0.13225812
-0.00288521, 0.33571461, -0.00366402
-0.38267159, 0.0, 0.92385632
0.34064871, 0.13225812
-0.0069656, 0.33571461, -0.01351497
-0.92385632, 0.0, -0.38267159
0.34064871, 0.15247756
-0.00288521, 0.45166913, -0.01759537
-0.22745445, -0.80416274, -0.54911953
0.54379517, 0.16258734
-0.00288521, 0.33571461, -0.01759537
-0.38267159, 0.0, -0.92385632
0.34064871, 0.16258734
-0.00696561, 0.45166913, -0.00774442
-0.54911953, -0.80416274, 0.22745445
0.54379517, 0.1423679
-0.00696561, 0.33571461, -0.00774442
-0.92385632, 0.0, 0.38267159
0.34064871, 0.1423679
3e-08, 0.45166913, -0.00245264
0.0, -0.70708334, 0.70708334
0.54379517, 0.1272034
-0.00338698, 0.45166913, -0.00245264
-0.29709768, -0.63023776, 0.71727651
0.54379517, 0.13225812
-0.00817697, 0.45166913, -0.01401675
-0.71727651, -0.63023776, -0.29709768
0.54379517, 0.15247768
-0.00338698, 0.45166913, -0.01880673
-0.29709768, -0.63023776, -0.71727651
0.54379517, 0.16258734
-0.00817697, 0.45166913, -0.00724265
-0.71727651, -0.63023776, 0.29709768
0.54379517, 0.1423679
-0.0069656, 0.45166913, -0.01351497
-0.54911953, -0.80416274, -0.22745445
0.54379517, 0.15247768
-0.00338698, 0.48411974, -0.00245264
-0.38267159, 0.0, 0.92385632
0.60064739, 0.13225812
-0.00338698, 0.48411974, -0.01880673
-0.38267159, 0.0, -0.92385632
0.60064739, 0.16258734
-0.00817697, 0.48411974, -0.00724265
-0.92385632, 0.0, 0.38267159
0.60064739, 0.1423679
-0.00817697, 0.48411974, -0.01401675
-0.92385632, 0.0, -0.38267159
0.60064739, 0.15247768
-0.00598623, 0.35880202, -0.05446579
-0.62065494, -0.34272286, -0.70516068
0.29211241, 0.0885939
-0.00598623, 0.33571461, -0.02508186
-0.84435558, -0.42124698, -0.33097324
0.25166446, 0.14007312
-0.00598623, 0.36899638, -0.05446579
-0.57734919, 0.57734919, -0.57734919
0.30997258, 0.0885939
-0.00598624, 0.36899638, 0.00382247
-0.57734919, 0.57734919, 0.57734919
0.30997258, 0.19071203
-0.00598624, 0.36033601, 0.00382247
-0.57734919, -0.57734919, 0.57731867
0.29479998, 0.19071203
-0.00598618, 0.3567687, -0.04186284
-0.81762141, 0.24723044, 0.51991332
0.28854996, 0.11067361
-0.00598618, 0.36405909, -0.04186284
-0.90450758, -0.30149236, 0.30149236
0.30132252, 0.11067361
-0.00744471, 0.17543282, 0.03401487
0.0, 0.20160528, 0.97946101
0.48764062, 0.4548794
-0.0083195, 0.17820595, 0.033444
0.0, 0.20160528, 0.97946101
0.49249911, 0.4538793
3e-08, 0.17820595, 0.033444
0.0, 0.20160528, 0.97946101
0.50179964, 0.76626144
-0.00744471, 0.17543282, 0.03401487
-0.5055086, 0.65782648, 0.55824459
0.48764068, 0.7706251
3e-08, 0.17543282, 0.03401487
0.0, 0.81170082, 0.58403271
0.50074488, 0.76380973
3e-08, 0.13440205, 0.04246114
0.0, -0.59352398, 0.80477309
0.40770835, 0.74512714
-0.00744471, 0.13687216, 0.06788471
-0.68559831, -0.71410263, 0.14133121
0.4200843, 0.71128678
-0.00744471, 0.13440205, 0.04246114
-0.72981966, -0.68041015, 0.06610309
0.41575676, 0.75582762
-0.00744471, 0.17891879, 0.06283394
-0.72713399, 0.67177343, -0.14117862
0.49374801, 0.72013545
3e-08, 0.17891879, 0.06283394
0.0, 0.97860652, -0.20569475
0.50580364, 0.72235119
3e-08, 0.13687225, 0.06788471
0.0, -0.98095644, 0.19415876
0.40613341, 0.70812637
-0.00744471, 0.14924042, 0.10873739
-0.57881403, -0.39478743, 0.7134617
0.44175285, 0.6397149
-0.00744471, 0.18949579, 0.09777002
-0.57588428, 0.71529281, 0.39579454
0.51227826, 0.65892917
3e-08, 0.18949579, 0.09777002
0.0, 0.87496567, 0.48414564
0.52729499, 0.65181595
-0.00598618, 0.36405909, -0.02433771
-0.90450758, -0.30149236, -0.30149236
0.30132252, 0.14137679
-0.00598618, 0.34250784, -0.02433771
-0.9701224, 0.21906187, -0.10415968
0.26356608, 0.14137679
-0.00598618, 0.36033612, -0.01896588
-0.90450758, -0.30149236, 0.30149236
0.2948001, 0.15078789
-0.00938232, 0.12816641, 0.04079701
-0.90450758, -0.30149236, -0.30149236
0.40483218, 0.75874312
3e-08, 0.10349011, 0.04079701
0.0, 0.70708334, -0.70708334
0.37494105, 0.76773246
-0.00938232, 0.10349011, 0.04079701
-0.90450758, 0.30149236, -0.30149236
0.36160058, 0.75874312
-0.00938232, 0.12816641, 0.02257664
-0.90450758, -0.30149236, 0.30149236
0.40483218, 0.79066433
3e-08, 0.10349011, 0.02257664
0.0, 0.70708334, 0.70708334
0.37287647, 0.78147133
3e-08, 0.12816641, 0.02257664
0.0, -0.70708334, 0.70708334
0.39003211, 0.78036536
3e-08, 0.12816641, 0.04079701
0.0, -0.70708334, -0.70708334
0.39174503, 0.76972885
-0.00938235, 0.13284144, 0.04278241
-0.87957394, 0.0044557, 0.47572252
0.4130227, 0.75526471
2e-08, 0.14924042, 0.10873739
0.0, -0.48414564, 0.87496567
0.43477201, 0.62310898
-0.00598624, 0.34378785, 0.00382247
-0.57734919, 0.57734919, 0.57734919
0.26580828, 0.19071203
-0.00598618, 0.34378785, -0.01896588
-0.90450758, 0.30149236, 0.30149236
0.26580828, 0.15078789
-0.00938231, -0.10304096, -0.00863131
-0.6400342, -0.75609607, -0.13644825
0.02835364, 0.83820377
-0.00938233, -0.09404693, 0.04837707
-0.66008484, -0.69707328, 0.27988526
0.04411061, 0.73832786
3e-08, -0.10304096, -0.00863131
0.0, -0.98406935, -0.17761773
0.0096813, 0.84442423
-0.00938236, 0.18157527, 0.00613878
-0.70708334, 0.70708334, 0.0
0.49840194, 0.81946276
3e-08, 0.18157527, 0.00613878
0.0, 0.0, 1.0
0.50914127, 0.8247178
-0.00938236, 0.18157527, 0.00613878
0.0, 0.0, 1.0
0.49272853, 0.82535671
0.00817705, 0.48411974, -0.00724265
0.0, 1.0, 0.0
0.60087413, 0.18229395
0.00817705, 0.48411974, -0.01401675
0.0, 1.0, 0.0
0.60892266, 0.1742453
4e-08, 0.48411974, -0.01880673
0.0, 1.0, 0.0
0.62432939, 0.17826957
3e-08, 0.17820595, 0.033444
0.0, 1.0, 0.0
0.50705242, 0.45444578
4e-08, 0.06287518, -0.02783549
0.0, -0.70708334, -0.70708334
0.28527308, 0.33737642
0.00938245, 0.18157527, -0.04635606
0.58311719, 0.60402232, -0.54319894
0.49840188, 0.3140735
3e-08, 0.07493556, 0.08831213
0.0, 0.88933986, 0.4572283
0.32619286, 0.55752152
3e-08, 0.04684113, 0.07894346
0.0, -0.31632435, 0.94863737
0.25715429, 0.54918528
4e-08, 0.18157527, -0.02739814
0.0, 0.0, -1.0
0.58236641, 0.8009517
3e-08, 0.33571461, -0.00366402
0.0, 1.0, 0.0
0.96774733, 0.9270054
3e-08, 0.48411974, -0.00245264
0.0, 0.0, 1.0
0.60064739, 0.20808059
0.0059863, 0.33571461, 0.00382247
0.70708334, 0.0, 0.70708334
0.25166446, 0.19071203
3e-08, 0.12816641, 0.02257664
0.0, -0.70708334, 0.70708334
0.39003205, 0.44513917
3e-08, 0.09834355, 0.04278241
0.0, 0.0, 1.0
0.35330093, 0.48546726
3e-08, -0.10304096, -0.00863131
0.0, -0.98406935, -0.17761773
0.00968129, 0.38108027
3e-08, 0.18157527, 0.00613878
0.0, 1.0, 0.0
0.51537025, 0.40658927
3e-08, 0.17820595, 0.033444
0.0, 1.0, 0.0
0.50705248, 0.77105878
4e-08, 0.06287518, -0.02783549
0.0, -0.70708334, -0.70708334
0.28527313, 0.88812806
3e-08, 0.07493556, 0.08831213
0.0, 0.88933986, 0.4572283
0.32619292, 0.667983
3e-08, 0.04684113, 0.07894346
0.0, -0.31632435, 0.94863737
0.25715441, 0.67631918
4e-08, -0.09684703, -0.01961133
0.0, -0.50431836, -0.8634907
0.02794082, 0.87269084
3e-08, 0.33571461, -0.00366402
0.0, 1.0, 0.0
0.96774733, 0.66264504
3e-08, 0.45166913, -0.00366402
0.0, -0.70708334, 0.70708334
0.54379517, 0.1272034
3e-08, 0.48411974, -0.00245264
0.0, 0.0, 1.0
0.60064739, 0.1272034
-0.00598624, 0.33571461, 0.00382247
-0.70708334, 0.0, 0.70708334
0.25166446, 0.19071203
3e-08, 0.09834355, 0.04278241
0.0, 0.0, 1.0
0.35330093, 0.74003726
3e-08, 0.18157527, 0.00613878
0.0, 1.0, 0.0
0.51537031, 0.81891529
-0.00817697, 0.48411974, -0.01401675
0.0, 1.0, 0.0
0.62835354, 0.19367629
-0.00817697, 0.48411974, -0.00724265
0.0, 1.0, 0.0
0.620305, 0.20172483
3e-08, 0.48411974, -0.00245264
0.0, 1.0, 0.0
0.60489827, 0.19770056
0.00338704, 0.48411974, -0.00245264
0.0, 1.0, 0.0
0.60087413, 0.19367629
-0.00338698, 0.48411974, -0.00245264
0.0, 1.0, 0.0
0.60892266, 0.20172483
-0.00338698, 0.48411974, -0.01880673
0.0, 0.99996948, 0.0
0.62835354, 0.18229383
0.00338704, 0.48411974, -0.01880673
0.0, 0.99996948, 0.0
0.620305, 0.1742453
# Number of Faces:
480
# Face Data:
0, 1, 2
3, 4, 5
6, 7, 1
8, 9, 10
11, 12, 13
14, 15, 16
11, 17, 5
18, 6, 1
12, 19, 20
21, 22, 6
23, 22, 24
25, 8, 26
27, 28, 29
30, 29, 7
31, 32, 33
34, 25, 26
28, 34, 26
33, 28, 35
36, 37, 38
39, 40, 37
20, 10, 9
41, 40, 42
43, 38, 44
41, 44, 45
46, 47, 48
46, 49, 50
51, 52, 49
53, 47, 54
55, 52, 56
57, 58, 59
60, 61, 57
62, 63, 64
63, 65, 64
59, 66, 62
67, 68, 63
69, 63, 66
61, 70, 58
71, 61, 72
70, 66, 58
73, 50, 49
74, 54, 47
75, 47, 50
76, 77, 52
52, 73, 49
78, 79, 74
80, 73, 77
81, 74, 75
82, 77, 83
84, 75, 73
85, 86, 78
80, 87, 84
88, 78, 81
82, 89, 80
87, 81, 84
90, 91, 92
93, 94, 95
96, 92, 97
98, 95, 99
94, 96, 97
90, 100, 101
93, 102, 103
104, 90, 96
105, 93, 98
103, 104, 96
106, 100, 107
108, 102, 109
110, 107, 104
111, 109, 105
112, 104, 102
113, 114, 115
116, 117, 114
118, 119, 117
120, 121, 119
122, 123, 114
41, 42, 19
67, 70, 124
125, 16, 126
127, 128, 4
129, 130, 131
132, 131, 128
133, 128, 134
135, 136, 129
132, 135, 129
137, 132, 133
138, 122, 139
140, 115, 141
142, 141, 123
143, 123, 122
144, 139, 141
145, 146, 2
10, 39, 29
147, 148, 149
150, 147, 146
148, 2, 149
151, 1, 0
152, 153, 137
154, 155, 156
157, 158, 121
159, 140, 158
156, 140, 160
31, 161, 162
161, 163, 34
162, 34, 32
13, 17, 11
164, 5, 165
166, 167, 168
169, 170, 171
167, 172, 168
173, 174, 175
176, 177, 178
151, 179, 180
171, 181, 182
172, 183, 168
176, 184, 185
186, 187, 172
186, 188, 189
174, 190, 191
192, 193, 194
194, 195, 167
196, 197, 198
190, 199, 191
192, 199, 196
200, 196, 198
182, 201, 202
201, 203, 202
175, 204, 173
205, 206, 203
181, 207, 182
208, 206, 209
210, 211, 212
213, 214, 211
215, 216, 214
217, 210, 212
218, 55, 216
219, 220, 221
222, 221, 223
224, 225, 226
65, 225, 227
228, 226, 220
68, 229, 225
225, 230, 226
221, 231, 232
221, 233, 223
226, 231, 220
213, 234, 215
235, 236, 210
213, 236, 237
76, 238, 83
218, 234, 238
239, 240, 236
234, 241, 238
236, 242, 237
238, 82, 83
237, 243, 234
244, 245, 240
241, 246, 247
240, 248, 242
82, 247, 249
242, 246, 243
250, 251, 252
253, 254, 255
252, 256, 257
255, 98, 99
256, 253, 257
251, 258, 259
254, 260, 261
251, 262, 256
254, 105, 98
263, 262, 260
258, 264, 259
260, 265, 261
259, 266, 262
261, 111, 105
262, 267, 260
268, 113, 269
270, 116, 268
271, 118, 270
272, 120, 271
273, 274, 268
185, 184, 206
231, 229, 232
180, 275, 276
277, 278, 279
280, 281, 282
282, 283, 278
278, 284, 279
285, 286, 281
283, 286, 287
283, 288, 284
274, 138, 289
289, 290, 291
290, 142, 273
273, 143, 274
289, 144, 290
292, 293, 294
182, 202, 166
295, 296, 297
295, 298, 292
294, 296, 166
168, 15, 299
287, 300, 288
301, 154, 156
291, 157, 272
302, 159, 291
156, 302, 301
303, 197, 304
199, 305, 303
199, 304, 196
306, 178, 177
171, 307, 308
309, 310, 311
1, 7, 149
29, 149, 7
146, 147, 0
1, 149, 2
2, 146, 0
3, 312, 4
6, 22, 7
8, 313, 9
11, 314, 12
14, 280, 15
5, 4, 0
0, 36, 5
43, 11, 5
5, 36, 43
18, 315, 6
12, 314, 19
21, 316, 22
23, 7, 22
25, 313, 8
27, 35, 28
30, 27, 29
31, 162, 32
34, 163, 25
28, 32, 34
33, 32, 28
36, 39, 37
39, 42, 40
20, 19, 10
41, 45, 40
43, 36, 38
41, 43, 44
46, 50, 47
46, 51, 49
51, 56, 52
53, 48, 47
55, 76, 52
57, 61, 58
60, 72, 61
62, 66, 63
63, 68, 65
59, 58, 66
67, 317, 68
69, 67, 63
61, 124, 70
71, 124, 61
70, 69, 66
73, 75, 50
74, 79, 54
75, 74, 47
76, 83, 77
52, 77, 73
78, 86, 79
80, 84, 73
81, 78, 74
82, 80, 77
84, 81, 75
85, 318, 86
80, 89, 87
88, 85, 78
82, 249, 89
87, 88, 81
90, 101, 91
93, 103, 94
96, 90, 92
98, 93, 95
94, 103, 96
90, 107, 100
93, 109, 102
104, 107, 90
105, 109, 93
103, 102, 104
106, 319, 100
108, 112, 102
110, 106, 107
111, 108, 109
112, 110, 104
113, 116, 114
116, 118, 117
118, 120, 119
120, 157, 121
115, 114, 123
117, 119, 139
117, 139, 122
123, 141, 115
117, 122, 114
314, 11, 41
11, 43, 41
39, 10, 19
314, 41, 19
42, 39, 19
67, 69, 70
125, 14, 16
127, 134, 128
129, 136, 130
132, 129, 131
133, 132, 128
135, 152, 136
132, 153, 135
137, 153, 132
138, 143, 122
139, 119, 158
119, 121, 158
320, 115, 140
141, 139, 158
140, 155, 320
141, 158, 140
142, 144, 141
143, 142, 123
144, 138, 139
145, 150, 146
149, 29, 39
26, 8, 10
29, 28, 26
36, 0, 147
147, 149, 36
26, 10, 29
39, 36, 149
147, 321, 148
150, 321, 147
148, 145, 2
151, 322, 1
152, 135, 153
154, 320, 155
157, 159, 158
159, 160, 140
156, 155, 140
31, 323, 161
161, 323, 163
162, 161, 34
13, 324, 17
164, 3, 5
299, 295, 292
294, 166, 168
299, 292, 294
194, 167, 166
168, 299, 294
169, 325, 170
167, 186, 172
173, 326, 174
176, 185, 177
151, 130, 179
299, 169, 171
171, 306, 177
177, 181, 171
182, 299, 171
172, 327, 183
176, 204, 184
186, 328, 187
186, 167, 188
174, 326, 190
192, 200, 193
194, 193, 195
196, 304, 197
190, 329, 199
192, 191, 199
200, 192, 196
182, 207, 201
201, 205, 203
175, 184, 204
205, 209, 206
181, 208, 207
208, 181, 206
210, 213, 211
213, 215, 214
215, 218, 216
217, 235, 210
218, 76, 55
219, 228, 220
222, 219, 221
224, 227, 225
65, 68, 225
228, 224, 226
68, 317, 229
225, 229, 230
221, 220, 231
221, 232, 233
226, 230, 231
213, 237, 234
235, 239, 236
213, 210, 236
76, 218, 238
218, 215, 234
239, 244, 240
234, 243, 241
236, 240, 242
238, 241, 82
237, 242, 243
244, 330, 245
241, 243, 246
240, 245, 248
82, 241, 247
242, 248, 246
250, 331, 251
253, 263, 254
252, 251, 256
255, 254, 98
256, 263, 253
251, 331, 258
254, 263, 260
251, 259, 262
254, 261, 105
263, 256, 262
258, 332, 264
260, 267, 265
259, 264, 266
261, 265, 111
262, 266, 267
268, 116, 113
270, 118, 116
271, 120, 118
272, 157, 120
270, 268, 274
269, 290, 273
274, 289, 270
268, 269, 273
289, 271, 270
184, 175, 202
184, 202, 203
181, 177, 206
184, 203, 206
206, 177, 185
231, 230, 229
180, 179, 275
277, 169, 278
280, 285, 281
282, 281, 283
278, 283, 284
285, 300, 286
283, 281, 286
283, 287, 288
274, 143, 138
272, 271, 291
290, 269, 302
291, 271, 289
333, 301, 302
302, 291, 290
269, 333, 302
290, 144, 142
273, 142, 143
289, 138, 144
292, 298, 293
192, 194, 191
295, 299, 182
194, 175, 191
175, 174, 191
194, 166, 202
295, 182, 166
202, 175, 194
295, 166, 296
295, 297, 298
294, 293, 296
168, 334, 15
287, 286, 300
301, 333, 154
291, 159, 157
302, 160, 159
156, 160, 302
303, 305, 197
199, 329, 305
199, 303, 304
306, 335, 178
171, 170, 307
336, 337, 338
338, 339, 309
337, 340, 338
311, 341, 336
310, 342, 311
338, 309, 311
311, 336, 338
